Type,Index,0600,0700,0800,0900,1000,1100,1200,1300,1400,1500,1600,1700,1800,1900,2000,2100,2200,2300,0000,0100,0200,0300,0400,0500
Actual,1,0.0,0.0,0.0,0.0,0.0,1.5933875333333336,32.8701995,53.81014041666666,76.24727783333334,93.53047516666668,101.32144883333332,64.82531091666667,68.046695,69.81729275,65.14416325,80.5181615,29.51304423333333,0.0,0.0,0.0,0.0,0.0,0.0,0.0
Forecast,1,0.0,0.0,0.0,0.0,0.0,0.0,47.903117705882345,99.91846268627448,112.04057276470589,99.4305235882353,99.80800907843135,99.0780525882353,71.82517305882351,66.18723284313725,59.587509823529416,36.89145644117647,14.715218468627452,0.0,0.0,0.0,0.0,0.0,0.0,0.0
Simulation,1,0.0,0.0,0.0,0.0,0.0,0.0,23.719924548977808,80.15670437927268,99.39824010019464,77.16927587538267,94.46675206857051,99.69479010043997,51.57337110632285,31.047074971814553,21.7180104890911,28.81389402949695,21.226027564537592,0.0,0.0,0.0,0.0,0.0,0.0,0.0
Simulation,2,0.0,0.0,0.0,0.0,0.0,0.0,1.9152593664215374,20.83778312621824,60.422596617838224,54.77132210835674,66.59594934531248,70.53612444428957,46.02502693472957,33.694986733835,21.557707479815804,14.830417819240445,16.040413360081402,0.0,0.0,0.0,0.0,0.0,0.0,0.0
Simulation,3,0.0,0.0,0.0,0.0,0.0,0.0,19.883539182332566,67.9800794993276,94.39167259721287,68.28140719345548,61.66168633372603,53.604511144948525,37.59286152623214,26.679108719842716,14.57763503665366,4.581267277422363,6.451637446024366,0.0,0.0,0.0,0.0,0.0,0.0,0.0
Simulation,4,0.0,0.0,0.0,0.0,0.0,0.0,39.08203168520309,80.27246697278922,97.50058445482517,98.38757876969169,113.44080766001021,118.0675088154654,113.1214757225397,101.3790407048759,86.26634262431037,50.41713760864803,16.272328518566592,0.0,0.0,0.0,0.0,0.0,0.0,0.0
Simulation,5,0.0,0.0,0.0,0.0,0.0,0.0,58.195550096081206,75.58515076962524,86.5050193228055,93.56261302314837,89.4870172242901,69.28958087196943,38.56466412688755,47.83088537730797,67.11568137072571,74.50515635677607,14.337104895820836,0.0,0.0,0.0,0.0,0.0,0.0,0.0
Simulation,6,0.0,0.0,0.0,0.0,0.0,0.0,13.502036887975486,47.47307467550964,85.53005909783835,86.81039812049289,64.09689755800366,36.96467562029833,53.328453781674426,75.92480636929967,93.09979723235308,77.14454199092802,16.134679360805098,0.0,0.0,0.0,0.0,0.0,0.0,0.0
Simulation,7,0.0,0.0,0.0,0.0,0.0,0.0,77.33949894010992,118.44690456288541,121.02589005718079,122.04026801764624,121.04389177760001,121.25645781897852,119.59322912061947,116.94552094468978,114.61501445613408,70.36547983842786,15.012913885896099,0.0,0.0,0.0,0.0,0.0,0.0,0.0
Simulation,8,0.0,0.0,0.0,0.0,0.0,0.0,58.666098633234405,108.8325053668683,114.97254661686497,103.80643233668579,98.30019882161832,90.06474690377328,64.68494608799112,71.01447881613373,71.7619101527162,53.55609785253441,14.930327063327065,0.0,0.0,0.0,0.0,0.0,0.0,0.0
Simulation,9,0.0,0.0,0.0,0.0,0.0,0.0,18.84149370432663,98.74047835077127,114.89001782826927,102.53134855821952,85.3709477355696,75.66660468093868,74.29093799895689,87.35414839525613,85.33627897248581,38.83533265286518,12.086678181075415,0.0,0.0,0.0,0.0,0.0,0.0,0.0
Simulation,10,0.0,0.0,0.0,0.0,0.0,0.0,20.629063718733757,32.85133025071842,62.78527598854564,76.02193479559874,81.1450233989032,77.69778050099261,43.975024701069,43.57334133634515,48.980929699012314,46.75353154908568,16.02732093731244,0.0,0.0,0.0,0.0,0.0,0.0,0.0
Simulation,11,0.0,0.0,0.0,0.0,0.0,0.0,46.76437632331834,120.23657967745194,122.89318895171077,118.14644512425566,119.58374829371569,121.79510257230875,117.67960938841486,108.36694510002307,88.85021214733496,46.9597281769113,25.577965698318174,0.0,0.0,0.0,0.0,0.0,0.0,0.0
Simulation,12,0.0,0.0,0.0,0.0,0.0,0.0,75.25953105725921,113.21072088922283,115.19726932852657,96.3612919050987,99.00191798609731,100.019437703309,76.33834691903158,58.27227077067946,31.82244518714953,7.191988093698431,10.039750178454552,0.0,0.0,0.0,0.0,0.0,0.0,0.0
Simulation,13,0.0,0.0,0.0,0.0,0.0,0.0,49.05500879162126,110.45659756129149,115.9555874944367,104.02034162132827,99.72162990625867,97.57432868752191,84.01217202415052,91.08020177253786,95.77102772648968,88.72557705494164,26.843118744913298,0.0,0.0,0.0,0.0,0.0,0.0,0.0
Simulation,14,0.0,0.0,0.0,0.0,0.0,0.0,10.850764258970266,56.265637711326036,96.3849771871848,105.67035973643706,115.49145995404052,114.81118339245697,63.35323265292796,49.59644706373054,43.318993682817805,41.50437200818897,18.733657596543758,0.0,0.0,0.0,0.0,0.0,0.0,0.0
Simulation,15,0.0,0.0,0.0,0.0,0.0,0.0,35.50020157301596,104.01816843286457,114.89008405241216,110.07799218865415,117.86751162040309,121.27696588625383,114.09483646933342,103.62810757743009,94.22223063983614,72.10140462825076,25.917266714179913,0.0,0.0,0.0,0.0,0.0,0.0,0.0
Simulation,16,0.0,0.0,0.0,0.0,0.0,0.0,55.79520293160537,97.56831202063697,110.3531629293604,100.67788177234753,97.48066121609276,84.05233676757646,57.49079281885164,62.947298750020735,75.94842313695646,77.3354097273319,18.044516930402338,0.0,0.0,0.0,0.0,0.0,0.0,0.0
Simulation,17,0.0,0.0,0.0,0.0,0.0,0.0,75.90393677464415,105.20524504638023,112.12494894341886,90.39352670679318,94.63026261864947,97.97635412703943,84.70346986900037,75.35967011798729,52.742079059041615,13.17718216090513,1.5169661489726014,0.0,0.0,0.0,0.0,0.0,0.0,0.0
Simulation,18,0.0,0.0,0.0,0.0,0.0,0.0,78.96911347089596,105.58115217043229,113.47344349239576,103.52877419240828,111.96157645220673,112.5892066512503,75.70045854695795,56.48947399606244,43.3844104485612,40.975505483750695,18.764775252313527,0.0,0.0,0.0,0.0,0.0,0.0,0.0
Simulation,19,0.0,0.0,0.0,0.0,0.0,0.0,41.528409409550974,99.40189246089864,114.9507008499119,120.4107979863374,119.70391883715203,116.42959528172422,85.23395709826535,84.74814003424594,85.62312675003916,70.75544941171208,17.770285807689852,0.0,0.0,0.0,0.0,0.0,0.0,0.0
Simulation,20,0.0,0.0,0.0,0.0,0.0,0.0,45.67421265071059,84.20933767630761,105.9623213313899,115.28837175570031,123.41664184168178,124.27444975437018,95.74560664740832,68.07854131143193,49.22822124180716,35.08273631467262,15.979524379808998,0.0,0.0,0.0,0.0,0.0,0.0,0.0
Simulation,21,0.0,0.0,0.0,0.0,0.0,0.0,59.218867174675935,118.68219812930124,122.39366056865971,119.99862786064541,105.9891973795375,86.33249681043824,60.96477533572114,72.48489017418318,79.17154528713404,60.55340988466463,17.7432887961441,0.0,0.0,0.0,0.0,0.0,0.0,0.0
Simulation,22,0.0,0.0,0.0,0.0,0.0,0.0,36.79244571329099,70.36159140375253,90.7071730806111,95.94955901444912,110.36246273443972,116.47916035264859,106.32120586365482,90.65097482975301,66.65954536542517,21.126138850535373,13.200767422973751,0.0,0.0,0.0,0.0,0.0,0.0,0.0
Simulation,23,0.0,0.0,0.0,0.0,0.0,0.0,84.03252724942533,118.87469040647466,119.8769797783013,115.33263891882119,106.30570578696498,99.86026709154365,98.72232397819722,107.06615164672414,106.44145187147674,75.83768797608457,16.043051287584863,0.0,0.0,0.0,0.0,0.0,0.0,0.0
Simulation,24,0.0,0.0,0.0,0.0,0.0,0.0,72.28567698937951,106.94462062451188,112.2801064691452,54.96192011732738,31.916848741079804,26.50884257805437,10.471090212326366,7.076507677385372,8.216574858591436,7.751757205568733,9.32204580640055,0.0,0.0,0.0,0.0,0.0,0.0,0.0
Simulation,25,0.0,0.0,0.0,0.0,0.0,0.0,19.223168702855745,52.77429130876976,81.37388800477291,87.85776386540208,97.35613006831258,101.18320795024441,105.04418895325682,110.29056108869716,114.8062562925696,106.83223312545648,26.69749508406191,0.0,0.0,0.0,0.0,0.0,0.0,0.0
Simulation,26,0.0,0.0,0.0,0.0,0.0,0.0,44.79192584506343,80.7780095223467,101.88214434685884,103.84376637632585,112.17251949504016,103.23683809735198,13.455534046978904,5.0852744159884296,6.1895195312721825,19.193489087439062,15.007230312597855,0.0,0.0,0.0,0.0,0.0,0.0,0.0
Simulation,27,0.0,0.0,0.0,0.0,0.0,0.0,3.454837187264836,32.08191325328717,87.0288030839525,74.97768151720071,71.56935669799722,66.15088283772275,36.8498098671403,27.26181305254439,20.275608752336225,14.274750662434457,15.003450440047262,0.0,0.0,0.0,0.0,0.0,0.0,0.0
Simulation,28,0.0,0.0,0.0,0.0,0.0,0.0,34.30269913317341,77.47294782339993,98.81526574449447,97.42476341021914,97.67659685383049,94.53790434397226,76.78599156399568,78.9117362104702,72.80995376483799,37.27604560560264,12.992850437411207,0.0,0.0,0.0,0.0,0.0,0.0,0.0
Simulation,29,0.0,0.0,0.0,0.0,0.0,0.0,13.71702036833139,96.79192779576849,114.7433946448425,103.37549263859471,100.65118736991508,101.12592084309533,85.57093197186879,85.85073173056227,67.51656159001087,26.36309833302684,13.716489204795165,0.0,0.0,0.0,0.0,0.0,0.0,0.0
Simulation,30,0.0,0.0,0.0,0.0,0.0,0.0,36.41976551105529,61.22984527739385,73.33374906569142,66.76709341126528,85.35956148899693,99.88032491058819,108.678456399168,106.47226256357857,89.45845676361685,32.32384520902823,13.747500985119347,0.0,0.0,0.0,0.0,0.0,0.0,0.0
Simulation,31,0.0,0.0,0.0,0.0,0.0,0.0,27.85734013488256,100.611538099479,114.10538653031938,96.24715415381341,105.45168255357494,114.44361498465715,102.11646367582317,86.52179895040047,63.633780100290046,26.002857716300106,18.410995679610757,0.0,0.0,0.0,0.0,0.0,0.0,0.0
Simulation,32,0.0,0.0,0.0,0.0,0.0,0.0,44.99598472112362,96.2633300080271,110.34759467746767,101.47593110051456,106.02589251181412,106.58789496626528,85.16115623363757,87.66934583309992,94.27502456403994,90.40191719196862,27.23315914630077,0.0,0.0,0.0,0.0,0.0,0.0,0.0
Simulation,33,0.0,0.0,0.0,0.0,0.0,0.0,14.952259093613137,81.41645168579234,106.85665322649957,77.00477738518522,77.04506958799207,77.96628546559464,58.612780028382524,50.54912025788734,36.546651046978184,16.655124115744467,15.68295359545972,0.0,0.0,0.0,0.0,0.0,0.0,0.0
Simulation,34,0.0,0.0,0.0,0.0,0.0,0.0,63.574558804637356,117.73471810119818,117.74510554566393,82.03576123271161,61.52179067249309,47.59313523811485,35.90684730431979,30.77926857657517,31.72800625096908,33.824085622168404,16.322293473582413,0.0,0.0,0.0,0.0,0.0,0.0,0.0
Simulation,35,0.0,0.0,0.0,0.0,0.0,0.0,3.6054088930320773,29.036790972472218,81.20757175306309,77.28547123641155,82.37901668765988,80.27928461030662,44.87745101274477,30.684062575678155,16.303667230794986,9.595662953703052,12.966528356293235,0.0,0.0,0.0,0.0,0.0,0.0,0.0
Simulation,36,0.0,0.0,0.0,0.0,0.0,0.0,104.0245641956351,111.996644045103,112.81081084664922,94.02528854440526,109.56459055299152,114.92226870594946,82.0945633854485,61.0486832790234,43.902164894348175,35.57895841229113,16.247493301276744,0.0,0.0,0.0,0.0,0.0,0.0,0.0
Simulation,37,0.0,0.0,0.0,0.0,0.0,0.0,40.15591260345183,112.65474668500876,118.74265208238258,118.90714690069186,113.96835066644462,110.46730566703218,116.7171658841608,116.97364917383243,117.96019985944926,78.71358966267792,15.60854718294467,0.0,0.0,0.0,0.0,0.0,0.0,0.0
Simulation,38,0.0,0.0,0.0,0.0,0.0,0.0,38.80317872190314,85.66681262950429,107.98958990594733,114.26791842710861,113.61043230397544,106.9714545469446,84.2596475929935,88.84271750830592,91.7210530156836,60.82667830836918,13.070521395820334,0.0,0.0,0.0,0.0,0.0,0.0,0.0
Simulation,39,0.0,0.0,0.0,0.0,0.0,0.0,49.736605020199924,91.31740171525794,106.75384109573446,97.15995589701504,100.40745726525725,94.9404541017857,44.07289790505241,31.409621141481978,32.92913826110589,35.08178047717999,16.025168975884917,0.0,0.0,0.0,0.0,0.0,0.0,0.0
Simulation,40,0.0,0.0,0.0,0.0,0.0,0.0,33.10555719809475,112.304923804265,118.44673785696367,113.6574289004438,114.88162522786016,114.94327199538628,97.39751798962189,94.21943406386077,93.9752434945185,91.06493572499633,27.93282789574355,0.0,0.0,0.0,0.0,0.0,0.0,0.0
Simulation,41,0.0,0.0,0.0,0.0,0.0,0.0,50.1287318886553,115.21387446850129,119.4906985371864,115.34450897611734,107.70552699141726,98.34949219422495,60.472313929444894,57.45071666504502,56.522688643625685,38.89983104346616,15.0806798893166,0.0,0.0,0.0,0.0,0.0,0.0,0.0
Simulation,42,0.0,0.0,0.0,0.0,0.0,0.0,80.69755805032665,93.83900917172377,98.63547516581707,101.97758925233764,114.90263721830367,114.94316144390179,88.2523923949011,83.89245467716678,88.8098748470545,91.63769749911775,18.41937581021842,0.0,0.0,0.0,0.0,0.0,0.0,0.0
Simulation,43,0.0,0.0,0.0,0.0,0.0,0.0,22.451371089008763,105.40358460517155,118.68040788840138,122.07559890523227,120.25580751318483,118.12615114051675,115.77932628511236,114.2541754485948,112.54122931081754,70.36572789358155,18.073154382179013,0.0,0.0,0.0,0.0,0.0,0.0,0.0
Simulation,44,0.0,0.0,0.0,0.0,0.0,0.0,77.16356837341706,112.07744832516259,114.69032950476172,100.42050838000532,102.82060227637032,99.9109472645445,65.72497233260584,61.367393580922226,62.007526328381864,48.81724187986694,15.62091188872977,0.0,0.0,0.0,0.0,0.0,0.0,0.0
Simulation,45,0.0,0.0,0.0,0.0,0.0,0.0,41.51991606961873,114.99957640079535,119.29358364153474,114.15556146088986,105.22282665382178,101.20769429692304,95.51401096998691,101.77572849476267,97.53143605082457,63.5868381862318,20.418370266736602,0.0,0.0,0.0,0.0,0.0,0.0,0.0
Simulation,46,0.0,0.0,0.0,0.0,0.0,0.0,58.20999592042199,77.35308077752906,83.73855712401219,55.06593625889337,61.71008404412335,58.04057828134402,37.58891008426222,26.673107142565435,24.117420897197007,28.637732298812693,15.310538836346634,0.0,0.0,0.0,0.0,0.0,0.0,0.0
Simulation,47,0.0,0.0,0.0,0.0,0.0,0.0,48.77260688422986,112.63253543822876,118.534913824621,115.04405307875584,107.61283553239143,98.07456386116363,62.4878810949789,55.92854969634621,47.26008378237983,29.264699193580917,11.276423828868484,0.0,0.0,0.0,0.0,0.0,0.0,0.0
Simulation,48,0.0,0.0,0.0,0.0,0.0,0.0,20.677423133796506,41.59764197413185,67.67081435268739,59.452816018490694,47.10154630192645,29.904880854587873,23.53614498821073,25.563697286469882,28.32350420083653,15.375229224595238,7.759103773233346,0.0,0.0,0.0,0.0,0.0,0.0,0.0
Simulation,49,0.0,0.0,0.0,0.0,0.0,0.0,10.554917017022213,31.807316231187656,73.74391421662719,66.73493237275525,99.50163091328837,101.33802781133976,10.864594314383318,2.3216692821679885,0.43192775238405545,7.952709210247438,19.403755980832155,0.0,0.0,0.0,0.0,0.0,0.0,0.0
Simulation,50,0.0,0.0,0.0,0.0,0.0,0.0,61.73288407636119,108.27356230480126,114.7989292518423,90.84283237604487,69.38994048978905,36.57738056633717,19.68705437665517,23.835341448417182,39.44188187020312,51.89312944927946,14.622354117244425,0.0,0.0,0.0,0.0,0.0,0.0,0.0
Simulation,51,0.0,0.0,0.0,0.0,0.0,0.0,115.9148934938905,122.57461230191551,121.53918024770843,120.42770932181423,120.84951287036003,120.21826038862767,115.88016291147099,110.14023806450362,105.4955076712738,88.84482418693042,22.881482287862596,0.0,0.0,0.0,0.0,0.0,0.0,0.0
Simulation,52,0.0,0.0,0.0,0.0,0.0,0.0,28.06532807176946,51.3226197439892,65.04780241929603,61.44746111541571,94.01409827259401,105.02274035928262,84.34922218483182,73.24073852247886,60.448630848100414,47.57448703146398,21.63530333880521,0.0,0.0,0.0,0.0,0.0,0.0,0.0
Simulation,53,0.0,0.0,0.0,0.0,0.0,0.0,15.472353305224651,79.80778174404362,104.49595704693384,76.17535483336837,60.75557315318076,47.228393765283606,24.194213912088827,26.740314161726772,35.40337681773239,40.99716152878653,21.034471999351453,0.0,0.0,0.0,0.0,0.0,0.0,0.0
Simulation,54,0.0,0.0,0.0,0.0,0.0,0.0,29.80621850843217,63.20608810019512,91.81375863005385,99.84393270896176,111.9528040312438,114.18934791088233,79.66595134778292,59.80588697752743,41.09271730839177,20.790573568710784,14.148707481174107,0.0,0.0,0.0,0.0,0.0,0.0,0.0
Simulation,55,0.0,0.0,0.0,0.0,0.0,0.0,29.145081955578203,112.35053395394566,118.77134748503742,103.92357792063109,90.21791664278477,76.90565497751047,44.87534607534023,44.277988594343825,38.21291210182784,26.32444445960835,15.871483527873286,0.0,0.0,0.0,0.0,0.0,0.0,0.0
Simulation,56,0.0,0.0,0.0,0.0,0.0,0.0,72.79399365078496,117.22175494372628,116.81237006127901,86.79340954972318,77.71008824510632,66.90589225937734,35.96896326319904,23.159380892451523,17.62855351606389,18.352893446489237,15.314014876798472,0.0,0.0,0.0,0.0,0.0,0.0,0.0
Simulation,57,0.0,0.0,0.0,0.0,0.0,0.0,59.01527886050262,98.03216995722332,111.80931624619163,108.6976143300758,104.55329143518478,86.63555097952943,35.913734808568705,32.175882531191405,43.60039613315719,40.885183605626025,9.580372472230938,0.0,0.0,0.0,0.0,0.0,0.0,0.0
Simulation,58,0.0,0.0,0.0,0.0,0.0,0.0,23.43938685607936,46.364275337228555,61.52109636159596,44.85688326320783,80.12786969613971,86.51239339279648,19.688810563385104,5.012799562352434,3.001544788438231,4.219709422817097,9.787659325020162,0.0,0.0,0.0,0.0,0.0,0.0,0.0
Simulation,59,0.0,0.0,0.0,0.0,0.0,0.0,43.59802176633823,77.49922364953044,89.02517308057476,50.72018613062978,54.5231008049039,55.79833527805945,43.344434930434886,30.863962824099517,19.197800920052515,12.063085853732005,13.40814906515407,0.0,0.0,0.0,0.0,0.0,0.0,0.0
Simulation,60,0.0,0.0,0.0,0.0,0.0,0.0,53.391955261734786,89.87244970565146,103.38345245458603,97.09447143020522,106.04651541707797,107.69057481167894,73.51051491456698,55.400809717753,40.29293975437416,28.323467299501853,14.199806264565591,0.0,0.0,0.0,0.0,0.0,0.0,0.0
Simulation,61,0.0,0.0,0.0,0.0,0.0,0.0,49.90659960159896,111.9107638539881,115.29810088514185,88.28023072948221,77.22431808703647,76.49740779482693,80.01602378981151,91.4733183417327,100.11774533040318,99.24697467853616,28.08533837118692,0.0,0.0,0.0,0.0,0.0,0.0,0.0
Simulation,62,0.0,0.0,0.0,0.0,0.0,0.0,17.093273828768144,51.47359107270142,71.33908673163843,24.36693568996901,19.192214553219827,25.779941156600984,57.110608737930065,61.239028945665254,52.01466683440684,18.582422987626547,10.624323298989799,0.0,0.0,0.0,0.0,0.0,0.0,0.0
Simulation,63,0.0,0.0,0.0,0.0,0.0,0.0,83.61312549699691,90.95367301114132,89.94932005761072,57.690721026091296,82.95786679220143,88.6404520344569,44.9156309860163,21.266160840087203,12.7053012826863,14.464619780458303,14.767733444871768,0.0,0.0,0.0,0.0,0.0,0.0,0.0
Simulation,64,0.0,0.0,0.0,0.0,0.0,0.0,40.677477666160414,96.27953771463203,113.10891592562665,113.00037447276996,118.36717157485414,119.47751651277059,103.15175695082209,92.25718499920546,90.23170554482336,89.66481577396831,28.119623847240472,0.0,0.0,0.0,0.0,0.0,0.0,0.0
Simulation,65,0.0,0.0,0.0,0.0,0.0,0.0,25.259547687939772,97.58504499068867,113.25962354169562,70.77218273782645,46.45830736979946,32.187302563883506,40.59163550045096,44.0982567180872,42.35068710650451,40.514130868950126,23.90040932908164,0.0,0.0,0.0,0.0,0.0,0.0,0.0
Simulation,66,0.0,0.0,0.0,0.0,0.0,0.0,44.69105695133176,106.03638366440894,114.95100856433544,98.79115224295346,99.13667790011533,98.69467987203583,80.35406951109442,78.92676164534826,75.5718524659539,70.13291155501585,23.08502314350249,0.0,0.0,0.0,0.0,0.0,0.0,0.0
Simulation,67,0.0,0.0,0.0,0.0,0.0,0.0,70.88435847118879,61.31659647385008,41.23152750131702,27.726495917980643,41.130249608092775,66.4597120033765,83.67067780795972,81.81664341470233,71.78302210640483,40.916909878776394,14.650325329395859,0.0,0.0,0.0,0.0,0.0,0.0,0.0
Simulation,68,0.0,0.0,0.0,0.0,0.0,0.0,37.461767757298226,92.0845066804036,111.43892152100113,103.95387996378805,100.64123900551215,95.98406712190035,81.11632662971735,86.5884231122265,89.38886162861931,68.09086581626119,15.114344990479598,0.0,0.0,0.0,0.0,0.0,0.0,0.0
Simulation,69,0.0,0.0,0.0,0.0,0.0,0.0,86.56805385184856,118.7775736004488,121.13477559026747,120.4093734419306,114.66945918717731,102.94129838597426,81.11368701819265,85.22171149727285,84.48085160610785,48.767063575366386,13.691072108305175,0.0,0.0,0.0,0.0,0.0,0.0,0.0
Simulation,70,0.0,0.0,0.0,0.0,0.0,0.0,10.387640810379288,28.229413567837796,40.24972780859602,23.450542014907185,21.499161295970552,29.344634604988514,67.02935577363937,76.25434939656155,64.51782320919084,16.7891085553736,9.804052868878362,0.0,0.0,0.0,0.0,0.0,0.0,0.0
Simulation,71,0.0,0.0,0.0,0.0,0.0,0.0,71.14568199537057,68.01503358603128,62.770404549387,62.87963527336568,76.56929789578443,71.18176108496489,50.24781039580487,43.41653352395844,37.92493978443323,17.530798714176207,6.786278637604194,0.0,0.0,0.0,0.0,0.0,0.0,0.0
Simulation,72,0.0,0.0,0.0,0.0,0.0,0.0,94.8639560216741,97.5944506152535,104.09519970486487,100.94003949868592,74.20071518472375,29.350253135610586,45.12024830498602,71.3985254972634,95.13666401246527,77.14841348631657,8.335251064857367,0.0,0.0,0.0,0.0,0.0,0.0,0.0
Simulation,73,0.0,0.0,0.0,0.0,0.0,0.0,37.56099195183904,61.89722508714504,98.57818222928942,118.22607694284625,122.55777044667374,121.71178011820425,85.62094099619257,74.79999446759895,73.81225768587566,76.0626047304676,20.39834615840188,0.0,0.0,0.0,0.0,0.0,0.0,0.0
Simulation,74,0.0,0.0,0.0,0.0,0.0,0.0,40.231292911346344,96.11646932604341,110.70065721022625,89.90955742295725,95.6927289608444,99.32203559402059,83.42913209947136,77.893850344395,63.59881669443992,33.769889983943756,16.13429783573712,0.0,0.0,0.0,0.0,0.0,0.0,0.0
Simulation,75,0.0,0.0,0.0,0.0,0.0,0.0,20.69026025472467,97.5847784454431,114.87846581042699,109.99423609622342,101.85338234449398,93.12484204945974,62.67161824496748,66.34063125742799,67.02215261188107,50.96913762013896,18.14833810205637,0.0,0.0,0.0,0.0,0.0,0.0,0.0
Simulation,76,0.0,0.0,0.0,0.0,0.0,0.0,20.658393970795565,85.56741899386942,111.74007942695827,90.21951122385971,94.40242573257967,95.43070518958369,62.21750742792843,44.34000885968238,27.75676122725175,28.215628001047484,23.27362149376306,0.0,0.0,0.0,0.0,0.0,0.0,0.0
Simulation,77,0.0,0.0,0.0,0.0,0.0,0.0,95.20309325486906,78.93941568685466,78.80836319227336,93.89626952489533,113.9132158889167,114.54052775880832,64.21987039019582,42.29277569421258,41.01445394016432,61.270063154039235,18.499162074265893,0.0,0.0,0.0,0.0,0.0,0.0,0.0
Simulation,78,0.0,0.0,0.0,0.0,0.0,0.0,28.810204416711116,81.29979125301188,96.49034842168659,67.34694301398325,87.40320134200215,99.30134057015427,79.82523549027766,68.52040785619825,56.5211992821294,39.98829104106784,20.550903107864542,0.0,0.0,0.0,0.0,0.0,0.0,0.0
Simulation,79,0.0,0.0,0.0,0.0,0.0,0.0,6.6214907503305795,71.10430923021917,113.07541422098616,112.30871498879219,96.0195166918398,82.07965116484124,93.22885039092637,106.5236352172798,99.25557946278454,35.342786969218345,10.08594587771093,0.0,0.0,0.0,0.0,0.0,0.0,0.0
Simulation,80,0.0,0.0,0.0,0.0,0.0,0.0,32.5187233198789,71.2547247232056,90.95962114184154,86.66815774542894,97.9022680163482,99.38299007409773,71.46176022119118,65.05680429878663,61.90617199642726,48.90310357190519,18.768799738585265,0.0,0.0,0.0,0.0,0.0,0.0,0.0
Simulation,81,0.0,0.0,0.0,0.0,0.0,0.0,46.23044670753735,112.06398184083014,118.63994865361131,118.13692920690144,119.26781750429839,117.726666223526,71.40747526056171,50.54261915121974,36.49471610360166,28.326529490284134,18.227171088406315,0.0,0.0,0.0,0.0,0.0,0.0,0.0
Simulation,82,0.0,0.0,0.0,0.0,0.0,0.0,39.14681175025924,96.94394280709699,113.08291096119049,114.89575601088096,116.86772116789336,117.28075647289064,115.49456685913833,114.77937599466512,116.16927101224164,93.59405319163605,19.270916871851732,0.0,0.0,0.0,0.0,0.0,0.0,0.0
Simulation,83,0.0,0.0,0.0,0.0,0.0,0.0,63.90431085584235,110.5414915397283,115.22866943115878,103.59979573167347,105.01930044263135,102.50693453534421,64.5415409371562,52.53336424571101,40.10554368296944,29.150533324509443,18.591745076326852,0.0,0.0,0.0,0.0,0.0,0.0,0.0
Simulation,84,0.0,0.0,0.0,0.0,0.0,0.0,35.07156224214063,112.28096501528542,118.79363409745305,100.29895580963506,72.7604300762591,37.184079094225474,23.89379147459661,22.51490151942373,16.082921720082318,7.5316963629131415,8.862576317433842,0.0,0.0,0.0,0.0,0.0,0.0,0.0
Simulation,85,0.0,0.0,0.0,0.0,0.0,0.0,44.7890200683956,72.93331982806119,90.93159314255578,96.18392522395766,106.89710164184717,106.24618536057707,56.478545920753504,30.237679105004027,12.8446083365152,4.118650847597614,7.06368775770573,0.0,0.0,0.0,0.0,0.0,0.0,0.0
Simulation,86,0.0,0.0,0.0,0.0,0.0,0.0,107.7853682044152,124.94574345911931,123.00907876167174,115.1489807727944,117.02299930431093,118.94859908129877,115.27190839024641,110.15120455324077,102.48018606021651,70.49130780592121,22.930903067075715,0.0,0.0,0.0,0.0,0.0,0.0,0.0
Simulation,87,0.0,0.0,0.0,0.0,0.0,0.0,77.68841834633776,101.48489869923485,110.34707617149263,104.28809159903169,107.55562231782483,110.53811663026796,113.57336401175033,110.77318817520363,112.51244170991767,93.99481348231225,18.69576024816298,0.0,0.0,0.0,0.0,0.0,0.0,0.0
Simulation,88,0.0,0.0,0.0,0.0,0.0,0.0,36.20097410432209,100.89283577153353,114.48280269567417,98.81623962975242,90.79085112134739,93.19820785202988,106.46427460837279,108.29059017864009,101.62688376926437,53.20291667470375,20.47160235115055,0.0,0.0,0.0,0.0,0.0,0.0,0.0
Simulation,89,0.0,0.0,0.0,0.0,0.0,0.0,7.063100965591019,99.00853655259017,115.55468221724298,83.10024874802374,38.514745867810205,27.970043520264426,34.98846087090325,45.98342308678916,43.75856507322918,27.93255069615016,16.12140626562603,0.0,0.0,0.0,0.0,0.0,0.0,0.0
Simulation,90,0.0,0.0,0.0,0.0,0.0,0.0,112.59923098475167,121.53700871897271,117.91050194955976,98.97920852840726,111.8679349232008,119.74431625551745,118.29716993060887,109.0331172472141,87.09410611759893,38.879632811158295,16.262686785184616,0.0,0.0,0.0,0.0,0.0,0.0,0.0
Simulation,91,0.0,0.0,0.0,0.0,0.0,0.0,71.36603502158923,112.68132969827114,114.8377003920755,93.9970267098194,99.13342682530546,101.97724133841625,84.03507375419413,78.47343385484265,66.55747541408928,47.187777367688895,19.40579296645163,0.0,0.0,0.0,0.0,0.0,0.0,0.0
Simulation,92,0.0,0.0,0.0,0.0,0.0,0.0,38.60341752091352,87.10028372371642,101.72374004928227,85.27582846417606,77.28188920132172,57.19428197664611,37.58698552726497,46.64158997747695,58.114267103305146,49.15201498556188,14.324817950691042,0.0,0.0,0.0,0.0,0.0,0.0,0.0
Simulation,93,0.0,0.0,0.0,0.0,0.0,0.0,80.26123418743165,115.94636802456806,116.54171932396939,100.0955238559174,99.0911177269007,101.62752236337523,104.7306394529867,97.03212920161846,78.62745049191862,27.91508315120898,14.29220498334316,0.0,0.0,0.0,0.0,0.0,0.0,0.0
Simulation,94,0.0,0.0,0.0,0.0,0.0,0.0,36.69859104713912,67.99988913580728,93.80022314326035,100.22837060205497,99.52908255031757,86.30324291605449,43.75916699595325,42.07934762775782,53.10743887164672,63.348736634659545,19.414363139797626,0.0,0.0,0.0,0.0,0.0,0.0,0.0
Simulation,95,0.0,0.0,0.0,0.0,0.0,0.0,40.808002610128035,57.54605130132521,60.575629735503426,20.44621689030957,29.27069605647985,28.253331090291155,5.544313198907076,2.0520377418947504,1.3129514506840536,10.606289971619308,13.64683764081451,0.0,0.0,0.0,0.0,0.0,0.0,0.0
Simulation,96,0.0,0.0,0.0,0.0,0.0,0.0,93.95769083187513,115.66200283683537,117.11426187522454,117.32100275944649,118.17594567677332,115.05942117339859,80.93868295493922,64.68765386489524,46.64670468166778,18.871827661097544,10.4541303671771,0.0,0.0,0.0,0.0,0.0,0.0,0.0
Simulation,97,0.0,0.0,0.0,0.0,0.0,0.0,95.56391438362468,119.42616254072618,117.74689262042457,101.58745506072214,105.55305170421182,111.80462018136589,105.17066000652218,95.93489708981289,84.4530504074367,53.790668043808175,23.363722551852163,0.0,0.0,0.0,0.0,0.0,0.0,0.0
Simulation,98,0.0,0.0,0.0,0.0,0.0,0.0,55.96689960191704,82.18246944730024,93.51293876856161,103.55449746065734,115.52892374567269,119.00966805554151,114.03373499370838,103.52690683060192,92.63770691404041,49.89768369431191,13.790149158674064,0.0,0.0,0.0,0.0,0.0,0.0,0.0
Simulation,99,0.0,0.0,0.0,0.0,0.0,0.0,26.956351690826693,91.18360374297785,111.72727652458707,100.65103204486331,98.2565846198125,96.7207944098801,83.67859013993183,87.19742345163131,79.98960811040254,37.273358418663946,13.711989909029677,0.0,0.0,0.0,0.0,0.0,0.0,0.0
Simulation,100,0.0,0.0,0.0,0.0,0.0,0.0,25.031163198162538,97.66773859641889,114.5769033768558,101.48596252374686,91.57323428240753,77.73980861436594,41.816397731804344,41.23318269554592,40.136222026092064,34.202476858328666,17.735750453328595,0.0,0.0,0.0,0.0,0.0,0.0,0.0
Simulation,101,0.0,0.0,0.0,0.0,0.0,0.0,20.82320828715243,67.20226377174404,79.40773096687607,21.326880140877776,47.21040492430818,90.2915653830506,109.76981649003399,96.88486597740601,66.27844586489718,21.278179996684344,20.527981692653256,0.0,0.0,0.0,0.0,0.0,0.0,0.0
Simulation,102,0.0,0.0,0.0,0.0,0.0,0.0,31.359790497135297,78.38403078992971,90.30528977204918,65.08688971297028,80.96523454441481,98.48977252785248,112.93263532674806,109.45666012477301,103.47638541881486,67.86901479023673,19.25710609067073,0.0,0.0,0.0,0.0,0.0,0.0,0.0
Simulation,103,0.0,0.0,0.0,0.0,0.0,0.0,63.053939654492936,98.37023477166923,105.21332080304481,78.2676073383056,80.47267717072131,88.55980471640373,87.16771206605421,85.5997153626784,68.48114299176794,27.247836453702273,12.090416010108289,0.0,0.0,0.0,0.0,0.0,0.0,0.0
Simulation,104,0.0,0.0,0.0,0.0,0.0,0.0,53.51878685913804,117.61280302367277,120.4988075188289,111.96146183590747,105.99114388460102,104.31033836824916,83.04141578854002,76.19321531224067,52.45144539498408,8.999811475897062,7.376855679117414,0.0,0.0,0.0,0.0,0.0,0.0,0.0
Simulation,105,0.0,0.0,0.0,0.0,0.0,0.0,32.828315184464245,78.70889386203328,93.94648684959432,80.28366589915652,78.68653704667969,66.36134320310651,37.2954648348936,42.26484297523514,57.090009521558144,66.45417698984657,20.500707611660516,0.0,0.0,0.0,0.0,0.0,0.0,0.0
Simulation,106,0.0,0.0,0.0,0.0,0.0,0.0,45.09450295433251,92.27320008970071,110.34469084498673,97.18210530071518,99.44032001303746,97.44083226526085,70.16145201179441,56.476834743156246,37.76238675395808,13.273301223039368,9.16040576787192,0.0,0.0,0.0,0.0,0.0,0.0,0.0
Simulation,107,0.0,0.0,0.0,0.0,0.0,0.0,101.89066932577896,100.89971472023899,94.29264480994581,68.24277939698405,89.51538022489524,103.57109359568608,113.84830301029965,106.82620797644294,92.24104309239209,41.36223066641514,14.58247748220836,0.0,0.0,0.0,0.0,0.0,0.0,0.0
Simulation,108,0.0,0.0,0.0,0.0,0.0,0.0,71.35087428879277,91.22926052984204,99.10571417756472,104.30566807797803,118.4789178839935,120.16555346300825,89.87104158788969,74.17778933032857,64.8083406088604,49.890141419768376,14.975939696688794,0.0,0.0,0.0,0.0,0.0,0.0,0.0
Simulation,109,0.0,0.0,0.0,0.0,0.0,0.0,77.40149938820267,109.88541273282716,117.38367558341909,124.76437693070831,125.15669303731198,124.42816087214803,116.83171587591177,107.3503014816954,100.89704736045107,63.58116317853181,15.042913959374374,0.0,0.0,0.0,0.0,0.0,0.0,0.0
Simulation,110,0.0,0.0,0.0,0.0,0.0,0.0,59.96507289568006,102.80280897848664,114.79551663897205,108.61702070728336,105.08640956616962,97.32568969542625,69.1976926592862,59.187381986509536,49.18566176451619,29.318257040795526,12.64558587851545,0.0,0.0,0.0,0.0,0.0,0.0,0.0
Simulation,111,0.0,0.0,0.0,0.0,0.0,0.0,10.573581191146303,55.25962043415994,94.19588472612625,93.5590912320664,99.05121643114563,98.6481080607646,69.1676712245194,59.24385623786159,46.28410399741514,27.914949053960214,16.121665154450717,0.0,0.0,0.0,0.0,0.0,0.0,0.0
Simulation,112,0.0,0.0,0.0,0.0,0.0,0.0,47.986628301494704,107.07776424496642,114.8925307244935,106.26213861325067,110.49222088580228,114.27453726142812,109.44687165551818,110.15231060903423,113.15204594423895,118.6007671677733,28.223585803003722,0.0,0.0,0.0,0.0,0.0,0.0,0.0
Simulation,113,0.0,0.0,0.0,0.0,0.0,0.0,63.89946587840525,118.57952828744227,120.56213891038485,115.36865467408265,114.67338117273229,113.34492854826595,94.21306774082159,90.44475423391056,78.77394932297902,36.88348903167776,14.749559595296674,0.0,0.0,0.0,0.0,0.0,0.0,0.0
Simulation,114,0.0,0.0,0.0,0.0,0.0,0.0,23.558668390897036,77.09444113249324,95.92095754489276,59.57220374467563,55.75317718548381,47.249760356033654,28.380459399023636,24.7251530059078,34.48616893649894,52.136677244830324,25.28211852845586,0.0,0.0,0.0,0.0,0.0,0.0,0.0
Simulation,115,0.0,0.0,0.0,0.0,0.0,0.0,47.58877175128533,110.25583333066156,115.39235586989916,94.07716117911897,88.22511771951977,89.29268136870445,80.37004838528823,81.02125310311544,73.37775363245377,46.768143802962385,19.32095653649467,0.0,0.0,0.0,0.0,0.0,0.0,0.0
Simulation,116,0.0,0.0,0.0,0.0,0.0,0.0,84.16272901495728,113.4930045075106,115.24009159306985,114.17448284530819,117.98363430898317,118.49110622746835,97.16766897952773,86.13442693309537,81.83124608029021,74.56500062611462,26.923370272506315,0.0,0.0,0.0,0.0,0.0,0.0,0.0
Simulation,117,0.0,0.0,0.0,0.0,0.0,0.0,36.244261852399404,52.95471274791595,73.94662379336549,70.53426908503539,87.2553533400447,93.09407602843412,65.83948433628113,51.23202583386183,35.931294674816144,18.066703902832437,13.915558460105494,0.0,0.0,0.0,0.0,0.0,0.0,0.0
Simulation,118,0.0,0.0,0.0,0.0,0.0,0.0,60.033255055310725,97.65956737795945,101.401297763027,55.65944420372294,79.07658491607816,92.67411845159529,65.78370923796835,50.228924121622086,34.63064280955623,23.857899008894226,18.274722717917474,0.0,0.0,0.0,0.0,0.0,0.0,0.0
Simulation,119,0.0,0.0,0.0,0.0,0.0,0.0,104.90858974932306,115.5794637016598,115.56370777996068,114.63398365725544,115.23372304054791,113.81519512895392,84.07458535952051,78.36870466280058,67.1616713858935,36.50373380429909,9.914330989674413,0.0,0.0,0.0,0.0,0.0,0.0,0.0
Simulation,120,0.0,0.0,0.0,0.0,0.0,0.0,25.22981794498432,91.12562305543278,112.65932116754344,98.8350056955674,100.56705142895535,98.45505950123199,60.5729445636996,47.94777239854187,37.32165339168912,23.734028788682288,16.13021839286129,0.0,0.0,0.0,0.0,0.0,0.0,0.0
Simulation,121,0.0,0.0,0.0,0.0,0.0,0.0,93.5289147487172,120.38884133273929,120.77996179536979,118.15364525198243,118.3314410275826,114.82468076915372,80.09781309644991,71.89947678202213,66.32008472713925,51.15398109522003,16.048531337461075,0.0,0.0,0.0,0.0,0.0,0.0,0.0
Simulation,122,0.0,0.0,0.0,0.0,0.0,0.0,72.24665119463603,94.05377598224702,110.70262191727075,120.5422061503439,120.88419551662919,116.60610222825184,89.8656455958081,91.36233104461819,100.23892128984208,82.80658739103247,13.428328001506596,0.0,0.0,0.0,0.0,0.0,0.0,0.0
Simulation,123,0.0,0.0,0.0,0.0,0.0,0.0,82.5594014110532,117.8450602070648,120.59822865935641,119.6304370697919,118.1810107769347,111.94225989934166,72.62620572709704,61.00419565646475,57.49003984987708,48.86507162417582,16.065725816093057,0.0,0.0,0.0,0.0,0.0,0.0,0.0
Simulation,124,0.0,0.0,0.0,0.0,0.0,0.0,15.062365618773335,82.49108939626763,110.88984847053575,97.81347135178515,91.42176670692137,86.26965231587813,76.4213723815744,83.9871779206136,84.35718920870141,61.372144432970344,18.068778246203834,0.0,0.0,0.0,0.0,0.0,0.0,0.0
Simulation,125,0.0,0.0,0.0,0.0,0.0,0.0,38.41093295278616,113.98494752491604,116.06669612227282,47.300123718465706,27.772263866440582,28.314015494141316,34.81570287252433,24.29617445351213,12.160572575774331,3.242015265528636,9.532593521138713,0.0,0.0,0.0,0.0,0.0,0.0,0.0
Simulation,126,0.0,0.0,0.0,0.0,0.0,0.0,39.469300624982324,80.18108218700117,101.65716311349485,111.9413204991959,112.38173669884259,109.98285623778726,108.96440231432061,111.80078434243077,115.78647069496526,99.13700882406772,15.918441066373346,0.0,0.0,0.0,0.0,0.0,0.0,0.0
Simulation,127,0.0,0.0,0.0,0.0,0.0,0.0,40.294870181243255,97.78405107227202,113.10761884314793,85.10149250432717,78.37096555645948,54.98678813301299,10.593288308124066,5.221487760482496,8.166246719533838,22.379671643662995,16.728844310703156,0.0,0.0,0.0,0.0,0.0,0.0,0.0
Simulation,128,0.0,0.0,0.0,0.0,0.0,0.0,50.866800599957614,107.07729156487639,115.32385209406227,111.13533660341744,109.74581396747435,109.7230049993731,102.38757704207467,102.04648653050313,100.14661996207815,77.21678167312481,26.762916677186443,0.0,0.0,0.0,0.0,0.0,0.0,0.0
Simulation,129,0.0,0.0,0.0,0.0,0.0,0.0,60.05173419038513,105.90345382122106,115.98296009723504,118.8148507070531,120.88505065098553,118.50196888669703,77.68662580355952,59.09023333274356,46.41671944080051,34.75241646393357,14.489164448792675,0.0,0.0,0.0,0.0,0.0,0.0,0.0
Simulation,130,0.0,0.0,0.0,0.0,0.0,0.0,44.67646745128468,105.11492229224577,113.51913603825184,82.27897641333344,89.83804306157509,99.91588708390489,100.05944014950867,92.43630929048545,74.21157701781314,34.68553792260205,19.011638567572064,0.0,0.0,0.0,0.0,0.0,0.0,0.0
Simulation,131,0.0,0.0,0.0,0.0,0.0,0.0,31.617584887379067,85.76270414418757,101.39147785477059,51.34862047016271,45.157203413518445,46.27832174526395,48.119448867271984,46.29378324584786,37.663617181421984,23.760870696765192,15.63181632590045,0.0,0.0,0.0,0.0,0.0,0.0,0.0
Simulation,132,0.0,0.0,0.0,0.0,0.0,0.0,41.52718143218672,102.45596705095817,114.32294746430146,90.60311499328088,80.15585320858966,83.22326006771978,87.08307253900314,85.82418807490612,62.00881108169261,10.807187305718212,10.005761441355736,0.0,0.0,0.0,0.0,0.0,0.0,0.0
Simulation,133,0.0,0.0,0.0,0.0,0.0,0.0,30.79074606904028,83.89524790792423,92.82676265457499,32.55223408532123,42.64313573756712,60.63263420080589,73.5611695162819,76.21833117842522,66.96551768273764,42.35118037238834,18.371250268908376,0.0,0.0,0.0,0.0,0.0,0.0,0.0
Simulation,134,0.0,0.0,0.0,0.0,0.0,0.0,44.923600681626354,113.20733495034055,118.63932733629514,109.70302150345965,97.4703083581839,79.87299847290824,51.35640513149629,47.136996108207136,37.73169230096792,16.35012473384827,9.150598590254797,0.0,0.0,0.0,0.0,0.0,0.0,0.0
Simulation,135,0.0,0.0,0.0,0.0,0.0,0.0,44.502098531144426,99.60036789891069,114.4537981273485,110.12443647497159,106.9654056522104,99.37275852029832,60.561423788244625,53.83458345088526,56.28242996160009,49.88188621327119,16.56923065431555,0.0,0.0,0.0,0.0,0.0,0.0,0.0
Simulation,136,0.0,0.0,0.0,0.0,0.0,0.0,50.128561346899346,91.11597608756192,93.60314628421503,32.543993328824385,55.862415578838444,70.56649860507797,55.66018610690948,46.00686627629162,40.63778906909492,48.75300369585591,22.3102025495242,0.0,0.0,0.0,0.0,0.0,0.0,0.0
Simulation,137,0.0,0.0,0.0,0.0,0.0,0.0,91.21756343193069,115.59714396415927,116.26432433386844,112.13561385444422,115.59059147557682,116.82264300682621,96.14743153909774,83.2835595226018,67.1837012046872,40.0544024397589,16.165126741314552,0.0,0.0,0.0,0.0,0.0,0.0,0.0
Simulation,138,0.0,0.0,0.0,0.0,0.0,0.0,63.99208319653185,115.13988754360889,116.80253066553433,100.09276209601586,98.69360893640122,98.09187042668641,76.10090961795336,69.57443793509042,57.11857110981329,32.78889505332557,16.967008246954485,0.0,0.0,0.0,0.0,0.0,0.0,0.0
Simulation,139,0.0,0.0,0.0,0.0,0.0,0.0,25.07970450848693,100.30180788588453,114.63562049426949,100.92772378316938,85.28480671182484,77.9554460084426,83.36113116691129,103.06451628253382,109.75215636109405,89.47103253627344,23.64534693979526,0.0,0.0,0.0,0.0,0.0,0.0,0.0
Simulation,140,0.0,0.0,0.0,0.0,0.0,0.0,83.8000697536493,115.44636433468676,116.34879377982902,114.42371971742199,117.15289940191322,120.12716403384067,120.21054380042607,116.79236263566307,110.29933854195129,51.209634661198145,15.733205170852465,0.0,0.0,0.0,0.0,0.0,0.0,0.0
Simulation,141,0.0,0.0,0.0,0.0,0.0,0.0,64.0119669203144,115.28081757706859,116.02680815710633,86.88414492882397,78.68963378353229,70.06909401885831,43.00054875083478,43.355658042940185,48.03193346640814,53.86241703616888,26.513218643042418,0.0,0.0,0.0,0.0,0.0,0.0,0.0
Simulation,142,0.0,0.0,0.0,0.0,0.0,0.0,26.942915354702567,94.08170699247152,113.66075069888855,100.52233033752792,97.47955516564221,88.8157332870921,49.01281954275069,40.99661218553584,33.5667760566767,23.295171769566277,16.14991646623961,0.0,0.0,0.0,0.0,0.0,0.0,0.0
Simulation,143,0.0,0.0,0.0,0.0,0.0,0.0,34.18139631927784,99.31869495453726,114.4680211955114,98.82754536548822,93.96198063819645,93.23008976532955,84.56678471571719,83.43505831436246,69.51311299536573,40.503784574767174,20.503182152240946,0.0,0.0,0.0,0.0,0.0,0.0,0.0
Simulation,144,0.0,0.0,0.0,0.0,0.0,0.0,21.19149598121038,90.08425368306126,110.702235834644,84.19805830796278,98.23557746678523,101.95027368216991,55.66205090994637,26.66540249848672,11.50736321299705,6.52499489444682,13.901636299406201,0.0,0.0,0.0,0.0,0.0,0.0,0.0
Simulation,145,0.0,0.0,0.0,0.0,0.0,0.0,61.4429781246537,95.65176943708057,108.67693992273607,115.13300352909367,124.86498423494136,125.72872201703159,120.70828665603095,111.30511926042588,95.64179964388359,63.559343004107134,18.35482750844514,0.0,0.0,0.0,0.0,0.0,0.0,0.0
Simulation,146,0.0,0.0,0.0,0.0,0.0,0.0,48.27466052446869,100.21204682653,114.57849630742768,116.66601970555263,114.83861197933776,113.30693950729561,114.12743283920477,110.2709950211661,101.56982213677863,41.44456446280714,9.924077453397727,0.0,0.0,0.0,0.0,0.0,0.0,0.0
Simulation,147,0.0,0.0,0.0,0.0,0.0,0.0,122.62048393871507,125.27410085198274,125.58844605764793,123.47192348263304,124.18226904333639,124.30468329058374,119.26479412765735,108.12897725583193,79.8657487632029,24.366172588983574,10.91452797114418,0.0,0.0,0.0,0.0,0.0,0.0,0.0
Simulation,148,0.0,0.0,0.0,0.0,0.0,0.0,64.58981584546011,103.72738995338108,111.80464211528282,95.09299492788405,99.13889371962074,97.4113019633037,68.78799408876446,67.27533694649435,68.48344047298701,66.001153113264,17.93352510885652,0.0,0.0,0.0,0.0,0.0,0.0,0.0
Simulation,149,0.0,0.0,0.0,0.0,0.0,0.0,6.626949644574374,54.191897101834954,102.90058284431275,114.28713344023042,116.95318430495111,116.6372484691004,101.75054350068119,100.3232296040216,95.82839764954932,70.37127143071075,18.604548434914705,0.0,0.0,0.0,0.0,0.0,0.0,0.0
Simulation,150,0.0,0.0,0.0,0.0,0.0,0.0,29.858942889796772,99.59514672260693,113.64467635760694,97.20722263558707,99.56018308718666,103.32412852324742,87.2401795473333,84.73473563605455,67.48353293882842,31.217783679339316,15.933791495501008,0.0,0.0,0.0,0.0,0.0,0.0,0.0
Simulation,151,0.0,0.0,0.0,0.0,0.0,0.0,41.5938999536428,96.36708281696022,107.14443208185484,52.48429755909121,47.70087788495127,29.253191945426153,5.147924018354075,1.9811099770708012,1.633352634710029,10.7066993598986,13.556807692911864,0.0,0.0,0.0,0.0,0.0,0.0,0.0
Simulation,152,0.0,0.0,0.0,0.0,0.0,0.0,30.789468985140104,99.8617176424321,114.1745406696043,106.87022031405961,114.61563881519987,117.60084462974497,111.50202012952455,106.82238239827515,101.88158062265012,88.0177362146477,27.69286897747253,0.0,0.0,0.0,0.0,0.0,0.0,0.0
Simulation,153,0.0,0.0,0.0,0.0,0.0,0.0,62.5702665917298,96.93578766945119,100.20193443650167,50.18985887341845,58.455818199227636,67.37064785318512,44.27269530874257,28.804642710145757,14.579561341311845,7.280090773056411,12.08076626812096,0.0,0.0,0.0,0.0,0.0,0.0,0.0
Simulation,154,0.0,0.0,0.0,0.0,0.0,0.0,17.4301029611424,32.71990115596276,73.56902385554264,79.04619289570142,90.22080465450081,86.35949826182082,41.50823580337055,24.107751805738005,15.255029393421324,9.666166134428881,8.56217447466435,0.0,0.0,0.0,0.0,0.0,0.0,0.0
Simulation,155,0.0,0.0,0.0,0.0,0.0,0.0,39.09348410844564,61.32923547565915,47.46193271869764,14.66168702123791,19.23811625968007,36.693133218534335,67.25762388025419,63.38627235954311,39.909031814397885,6.690911007214041,6.644910348537767,0.0,0.0,0.0,0.0,0.0,0.0,0.0
Simulation,156,0.0,0.0,0.0,0.0,0.0,0.0,78.32116058429662,115.11094816003126,117.92669016285464,118.2556829314183,120.32214856964187,119.02988489395207,86.2552299524384,66.13588685133105,42.55659241799806,17.094526339723373,12.28251554341626,0.0,0.0,0.0,0.0,0.0,0.0,0.0
Simulation,157,0.0,0.0,0.0,0.0,0.0,0.0,63.41062420165479,117.87894719044363,120.062076266853,114.78066452203382,115.72902827930145,116.98232578578023,96.12231746994745,83.16217143448593,65.93718361287429,38.7129003747339,18.00309578685513,0.0,0.0,0.0,0.0,0.0,0.0,0.0
Simulation,158,0.0,0.0,0.0,0.0,0.0,0.0,58.984340968781694,112.84591616931017,118.44738688348967,120.49348189710057,121.04373027546853,119.14708938777082,81.9933290227993,67.26262110666424,57.05764868428967,38.87274214470546,15.636669623172747,0.0,0.0,0.0,0.0,0.0,0.0,0.0
Simulation,159,0.0,0.0,0.0,0.0,0.0,0.0,25.9342157780093,84.07825226454834,109.70411432110579,100.22654329389006,94.2029249475611,84.92866686283193,65.82616029680896,65.86383881750068,57.42663805122796,20.0899485827112,8.413784205053195,0.0,0.0,0.0,0.0,0.0,0.0,0.0
Simulation,160,0.0,0.0,0.0,0.0,0.0,0.0,40.38935106460197,83.78655041110443,99.37655686191012,78.70372893905376,88.71437670507348,93.6712733667105,67.2181109924268,49.62228151145315,22.265146864351102,4.096511931758549,6.667663506664898,0.0,0.0,0.0,0.0,0.0,0.0,0.0
Simulation,161,0.0,0.0,0.0,0.0,0.0,0.0,48.233428482229414,109.21855617533545,117.75503724034243,118.1643068885835,115.57111346801254,113.9461017328439,97.96161907856111,91.46491768121086,75.72426438597789,28.795148354907646,12.248583802372298,0.0,0.0,0.0,0.0,0.0,0.0,0.0
Simulation,162,0.0,0.0,0.0,0.0,0.0,0.0,44.910848014601974,83.04984296816427,99.41041618316123,70.49988821122164,31.86479785619956,24.99094001767625,53.94973557639126,64.95879300736543,63.87035008238725,24.584866104825466,6.41396809674616,0.0,0.0,0.0,0.0,0.0,0.0,0.0
Simulation,163,0.0,0.0,0.0,0.0,0.0,0.0,3.7817763815145824,16.001993644948072,29.94951535493429,51.484084206031895,44.72634387763436,55.18639401582466,107.70993707902764,116.76791158269711,117.97550163438638,57.74032051302946,7.200585414987381,0.0,0.0,0.0,0.0,0.0,0.0,0.0
Simulation,164,0.0,0.0,0.0,0.0,0.0,0.0,40.18949485040017,101.54316070253412,115.17463201145127,117.34009846271528,120.81315503557775,121.17099652644436,97.94268444812951,79.92114192913532,59.57923711478687,30.342368546059213,14.467198748248297,0.0,0.0,0.0,0.0,0.0,0.0,0.0
Simulation,165,0.0,0.0,0.0,0.0,0.0,0.0,57.80183374893541,111.82182695091629,115.10320703145396,104.79029156421636,106.02926270289244,108.51925116100055,96.4845502713941,96.773248344277,92.04651935930988,55.76343745300989,15.951821656457527,0.0,0.0,0.0,0.0,0.0,0.0,0.0
Simulation,166,0.0,0.0,0.0,0.0,0.0,0.0,33.32948534482059,114.02112394703553,121.28434852558655,120.2388698382654,114.53000852659572,98.27729228865546,41.52857828785317,38.28146129767839,38.908322840538595,30.080354927222377,12.101260319596909,0.0,0.0,0.0,0.0,0.0,0.0,0.0
Simulation,167,0.0,0.0,0.0,0.0,0.0,0.0,50.385598739348524,78.38202723039427,81.19257500449572,32.61980071050361,56.31919156290605,60.57898749114574,23.564711896251843,13.987460555373595,14.464920132706524,27.771901887966884,18.716127870161205,0.0,0.0,0.0,0.0,0.0,0.0,0.0
Simulation,168,0.0,0.0,0.0,0.0,0.0,0.0,60.016604109185195,121.72551558323747,122.89443687195583,116.21147411295868,106.85292552357528,98.79577796418863,69.01589356559273,75.54440746602975,81.60768276201877,83.50921747093614,27.030128931851475,0.0,0.0,0.0,0.0,0.0,0.0,0.0
Simulation,169,0.0,0.0,0.0,0.0,0.0,0.0,62.56168226593193,115.50377113611154,117.7060371355405,105.47104183884713,106.52947665801784,109.7159285088433,102.42578656411553,92.07573747426699,78.57860936919636,43.06259198073821,17.962166223518178,0.0,0.0,0.0,0.0,0.0,0.0,0.0
Simulation,170,0.0,0.0,0.0,0.0,0.0,0.0,40.45577321854314,97.89507739036097,110.70400436791459,76.84914169061838,80.38629053911984,84.98807398842189,57.49048358104226,36.003018756901355,12.703161569050913,2.3857466495274195,0.038575695840195934,0.0,0.0,0.0,0.0,0.0,0.0,0.0
Simulation,171,0.0,0.0,0.0,0.0,0.0,0.0,50.93744459721785,103.02523432386869,111.1592040536261,66.71988480612589,66.80468490087807,77.07239758891238,70.43590594673594,65.2209900889241,43.047900757152505,9.722899026995826,8.402224136425563,0.0,0.0,0.0,0.0,0.0,0.0,0.0
Simulation,172,0.0,0.0,0.0,0.0,0.0,0.0,73.13046450339547,107.07413868984736,114.09959243356734,109.96935121898389,110.4422188598517,104.30947502710703,71.45774636134392,73.60128925271577,80.02174055349867,74.73648914919013,14.768892104959166,0.0,0.0,0.0,0.0,0.0,0.0,0.0
Simulation,173,0.0,0.0,0.0,0.0,0.0,0.0,72.54970949867518,114.780538766577,116.96493198195935,107.31070141310035,100.18334124745799,89.68346276530077,61.8407804485293,56.70709133847552,54.76290673938713,40.37921182999857,15.629294283728402,0.0,0.0,0.0,0.0,0.0,0.0,0.0
Simulation,174,0.0,0.0,0.0,0.0,0.0,0.0,47.28095920299917,65.27993304071524,87.03965568030945,93.37527681354253,106.76575938886401,114.27402105929791,105.84451010225993,87.6176212607981,66.68317181560344,36.267434423214844,16.04829462491717,0.0,0.0,0.0,0.0,0.0,0.0,0.0
Simulation,175,0.0,0.0,0.0,0.0,0.0,0.0,68.41388738079438,118.08577182117298,118.62500007911147,105.1599121041851,95.57866044975897,93.29683786714136,104.93677736363287,108.17814442724982,103.6036657709785,55.948399218553476,15.026182913615331,0.0,0.0,0.0,0.0,0.0,0.0,0.0
Simulation,176,0.0,0.0,0.0,0.0,0.0,0.0,62.20818849933819,116.5033289537343,116.55187218339115,76.87178268344344,77.16281352758567,84.71564623070834,70.9686576683963,57.505154947088,35.59532404023108,14.951248371178227,16.152062376705608,0.0,0.0,0.0,0.0,0.0,0.0,0.0
Simulation,177,0.0,0.0,0.0,0.0,0.0,0.0,56.17123070078981,117.39471001812862,119.27806738472478,110.07270060728094,112.55795341257256,116.47390726390248,113.0726018514259,102.51480698638954,87.64944281618888,52.341509586185055,24.233940157260335,0.0,0.0,0.0,0.0,0.0,0.0,0.0
Simulation,178,0.0,0.0,0.0,0.0,0.0,0.0,14.686660420872009,28.430302682189833,61.39826103355706,95.05028409108392,107.6109672487207,109.6931773203224,79.94367526422012,74.54998816976165,73.74749110071255,70.1164815610617,20.50469423440408,0.0,0.0,0.0,0.0,0.0,0.0,0.0
Simulation,179,0.0,0.0,0.0,0.0,0.0,0.0,19.95460705267681,99.3238384031551,115.10015773243155,99.89842677692337,88.701725260855,77.42587781021926,45.970696423838774,44.652976654391225,38.01387551082939,23.52935521346258,14.858769412986218,0.0,0.0,0.0,0.0,0.0,0.0,0.0
Simulation,180,0.0,0.0,0.0,0.0,0.0,0.0,69.34381481487893,91.69873259387647,109.5576513819036,117.96122908043151,120.70966147683248,116.3172764907211,59.97313461405469,42.53768557626978,40.727274682050655,39.97106513136286,12.085713251707466,0.0,0.0,0.0,0.0,0.0,0.0,0.0
Simulation,181,0.0,0.0,0.0,0.0,0.0,0.0,115.02809322201952,120.74493442884798,118.18815666279431,108.32208407083291,104.369250188015,96.73696559468962,64.31802528479807,56.477198322107036,49.074241787381126,28.49404648177408,8.491301813690882,0.0,0.0,0.0,0.0,0.0,0.0,0.0
Simulation,182,0.0,0.0,0.0,0.0,0.0,0.0,15.886427959029021,84.2064089479836,106.79241587838,84.38127569598112,95.99080257720924,108.13915667292315,115.40178434065233,112.01106632571143,103.84346211026826,70.37335065362095,28.1931210980683,0.0,0.0,0.0,0.0,0.0,0.0,0.0
Simulation,183,0.0,0.0,0.0,0.0,0.0,0.0,7.961677104006924,89.95941620630622,114.50102015490357,93.35101707759466,83.42994599647727,76.49721512941508,38.29425247385293,23.804566883809514,12.906438147863398,8.460645876342841,13.767356007456325,0.0,0.0,0.0,0.0,0.0,0.0,0.0
Simulation,184,0.0,0.0,0.0,0.0,0.0,0.0,80.78439999075582,112.85548181384462,114.245292056544,102.13926276382527,106.22361096372923,109.70262518317519,102.43389192164145,104.81384984505021,106.41215268017177,101.11006909895984,21.908679908460158,0.0,0.0,0.0,0.0,0.0,0.0,0.0
Simulation,185,0.0,0.0,0.0,0.0,0.0,0.0,114.4475549776401,122.7547432061429,121.89527573368763,116.50974343116307,109.09227584302853,103.61324726419346,96.50418400472786,96.98787174187409,94.41137984652298,63.12159015160093,15.072772996520856,0.0,0.0,0.0,0.0,0.0,0.0,0.0
Simulation,186,0.0,0.0,0.0,0.0,0.0,0.0,7.153029990286839,91.22115772579245,115.88281768907913,117.06552773540784,106.01731818300055,96.64236117571495,79.8595259164095,89.61490905897193,87.62780294823318,42.41316939547684,13.768521813744721,0.0,0.0,0.0,0.0,0.0,0.0,0.0
Simulation,187,0.0,0.0,0.0,0.0,0.0,0.0,18.41306565591758,87.1592899514083,113.59687256301258,113.75635159810223,110.58327725679729,103.17691244155316,64.96746775172915,67.52479590541083,73.92418273720814,83.93602328180367,27.3819887481103,0.0,0.0,0.0,0.0,0.0,0.0,0.0
Simulation,188,0.0,0.0,0.0,0.0,0.0,0.0,54.61499393859929,112.66159657070833,116.96082043457206,100.54223950835738,88.19588013878055,70.6665732626472,38.356604344344134,30.709726225815835,23.08874218768593,14.849987395175873,8.391568593014469,0.0,0.0,0.0,0.0,0.0,0.0,0.0
Simulation,189,0.0,0.0,0.0,0.0,0.0,0.0,41.82836664429709,100.75324680866365,115.44738593498859,120.61378838343876,119.15623729068245,114.80573312386913,91.87197052351252,91.46457547978822,89.4171403908265,57.96352762163621,14.870123236356346,0.0,0.0,0.0,0.0,0.0,0.0,0.0
Simulation,190,0.0,0.0,0.0,0.0,0.0,0.0,69.71664892469863,97.73588040393349,104.61372595201667,97.32821039433522,110.34615975819983,114.95482122042036,103.13656939564686,88.05288726809101,67.52837071731257,28.493659691217186,10.554352499428006,0.0,0.0,0.0,0.0,0.0,0.0,0.0
Simulation,191,0.0,0.0,0.0,0.0,0.0,0.0,105.51123446646392,115.60836540388672,114.83549543900845,98.83304987247882,92.09786440487805,75.93708051466757,29.345453997418588,26.629970460196418,35.829643107389,30.88941009728076,8.838704947753712,0.0,0.0,0.0,0.0,0.0,0.0,0.0
Simulation,192,0.0,0.0,0.0,0.0,0.0,0.0,76.80948699516492,124.26582552168887,124.47662135441612,120.50770482842603,115.5058462278622,112.5848257834329,101.06949237488777,97.10772791572441,88.91146635450652,60.04271628049544,20.87449027428195,0.0,0.0,0.0,0.0,0.0,0.0,0.0
Simulation,193,0.0,0.0,0.0,0.0,0.0,0.0,63.824073647982495,61.941674814113206,62.21963318755528,69.21815392185891,88.38505231551491,86.54566338998634,43.78432803327213,30.322626242248234,27.17737833227342,23.911986319129227,10.253795003449904,0.0,0.0,0.0,0.0,0.0,0.0,0.0
Simulation,194,0.0,0.0,0.0,0.0,0.0,0.0,49.47632780335284,103.71923331172069,113.13526872310658,86.74202416844315,82.19003463316767,85.16898426933264,81.98541147532687,84.72754073759995,73.25580439886798,34.25465359931396,15.247840011798178,0.0,0.0,0.0,0.0,0.0,0.0,0.0
Simulation,195,0.0,0.0,0.0,0.0,0.0,0.0,4.271292036385745,50.70971213742081,95.65599018845505,90.79305850237718,87.31720637814767,84.90480424122126,69.95251542598447,77.45002444239176,73.9547571222982,48.58426116335379,20.584469633543684,0.0,0.0,0.0,0.0,0.0,0.0,0.0
Simulation,196,0.0,0.0,0.0,0.0,0.0,0.0,48.14663555402182,34.15488648496422,30.151954284142164,17.620832062223712,31.662959538450124,51.98405728893471,35.87722488408668,20.677744759059635,16.745575345618718,24.382031641251174,16.059814106355248,0.0,0.0,0.0,0.0,0.0,0.0,0.0
Simulation,197,0.0,0.0,0.0,0.0,0.0,0.0,112.96102364672632,115.14288486617254,116.16544927108647,118.255394129841,119.59357847169622,114.74780174891306,57.50091912325416,33.709380518051994,30.33191335445325,32.112995801055455,14.844723201932682,0.0,0.0,0.0,0.0,0.0,0.0,0.0
Simulation,198,0.0,0.0,0.0,0.0,0.0,0.0,106.80071214734659,118.62273649408898,114.94688837569029,78.29170458365334,79.54654903286907,88.59416163184935,89.45346169040167,95.23138068093523,96.30345412840151,89.4385648421146,26.59094170964974,0.0,0.0,0.0,0.0,0.0,0.0,0.0
Simulation,199,0.0,0.0,0.0,0.0,0.0,0.0,68.99718673472609,119.83960269408317,122.1729700691328,120.85455861181201,120.56134581651179,118.64582456423727,102.88897119385283,91.06108981246422,73.37963916327448,32.83924477746026,12.093369339875377,0.0,0.0,0.0,0.0,0.0,0.0,0.0
Simulation,200,0.0,0.0,0.0,0.0,0.0,0.0,20.872151689300264,80.15083497570012,106.86637641133146,105.7195113062286,109.00558522630891,114.40271420379848,119.77073925554765,120.62886319422631,121.72952180875825,119.61193560451198,27.957883697677214,0.0,0.0,0.0,0.0,0.0,0.0,0.0
Simulation,201,0.0,0.0,0.0,0.0,0.0,0.0,90.44613825597705,87.42988092722447,90.39175552997717,96.37426750156801,106.96790766517134,104.57424645870712,59.989850333158664,40.80883122968456,33.34650797131806,19.43148831027988,5.877630662236239,0.0,0.0,0.0,0.0,0.0,0.0,0.0
Simulation,202,0.0,0.0,0.0,0.0,0.0,0.0,11.37051826382055,74.04522252313234,104.71937898628491,105.05471505305746,109.88280077380965,110.26114042086186,88.2117201093866,92.36854989863038,101.15572152385198,105.22361717303247,27.99110968562468,0.0,0.0,0.0,0.0,0.0,0.0,0.0
Simulation,203,0.0,0.0,0.0,0.0,0.0,0.0,52.35459010170514,117.55135061461273,120.72455364529051,117.30626581407437,115.09354902005803,110.77764365623443,80.44410472017775,77.6874891759087,67.47966229507968,40.41095126461788,13.46953358214869,0.0,0.0,0.0,0.0,0.0,0.0,0.0
Simulation,204,0.0,0.0,0.0,0.0,0.0,0.0,96.75558422735351,115.11859786956205,115.20249737757652,107.80378268245187,91.89139619293154,64.72792876027597,56.39094796396827,76.01634706812483,96.0780661388298,93.02533017190868,14.816781298773268,0.0,0.0,0.0,0.0,0.0,0.0,0.0
Simulation,205,0.0,0.0,0.0,0.0,0.0,0.0,83.63985215542226,117.71053394677796,116.9752695554425,98.78984230813323,101.35726455180516,104.71163134095859,93.96607548423259,86.01023514873974,71.5792117443886,48.43072187329633,19.43257237183192,0.0,0.0,0.0,0.0,0.0,0.0,0.0
Simulation,206,0.0,0.0,0.0,0.0,0.0,0.0,18.0422034571638,94.07058172775015,113.08542346991248,76.19605730260923,44.78061808445166,28.42253150300168,13.006296466436929,16.38590642048851,12.705478366617918,5.6868621424920285,8.708513666625349,0.0,0.0,0.0,0.0,0.0,0.0,0.0
Simulation,207,0.0,0.0,0.0,0.0,0.0,0.0,73.07049796727433,93.46343919018551,83.98235818319775,50.39647056221287,88.15925591562797,110.58500153144516,117.38076696027602,111.24020252417839,100.84752727320705,49.90175998288098,18.238645417797553,0.0,0.0,0.0,0.0,0.0,0.0,0.0
Simulation,208,0.0,0.0,0.0,0.0,0.0,0.0,37.01180498424516,91.68982753460979,114.067296874199,117.86300680232742,115.17733474519066,101.85470775081575,46.66312550308966,42.771417735608644,50.38144239283319,54.026143879790595,16.25995865703385,0.0,0.0,0.0,0.0,0.0,0.0,0.0
Simulation,209,0.0,0.0,0.0,0.0,0.0,0.0,7.124373236714099,79.0492707110541,110.70493659141907,86.72281774334049,81.00368405518188,84.53758322267873,72.79562524598003,66.78872670491302,41.09707664234801,7.570557615731936,10.069500243108745,0.0,0.0,0.0,0.0,0.0,0.0,0.0
Simulation,210,0.0,0.0,0.0,0.0,0.0,0.0,46.282761185921196,98.01054502573757,113.10088836315168,94.73868646367681,93.37440155762643,90.36847665910302,71.40579795613046,57.52401832246535,36.88070784087763,11.547973689560763,10.17750465816783,0.0,0.0,0.0,0.0,0.0,0.0,0.0
Simulation,211,0.0,0.0,0.0,0.0,0.0,0.0,19.510112882015353,88.1229432272946,113.18331406860136,104.30584021237166,107.70709317421492,110.15974722068569,86.16697256075035,77.1650124410827,61.78667596084082,39.948423133732746,20.54828611593195,0.0,0.0,0.0,0.0,0.0,0.0,0.0
Simulation,212,0.0,0.0,0.0,0.0,0.0,0.0,27.679601197703413,70.85865510148854,91.92562997992525,62.8461829598609,71.871966769098,77.4619562624683,56.436312167236984,38.35227113193247,20.21020984584596,9.672772778183859,13.372475885417671,0.0,0.0,0.0,0.0,0.0,0.0,0.0
Simulation,213,0.0,0.0,0.0,0.0,0.0,0.0,58.925750721812236,100.83297138105972,110.9173498926882,66.7632214523638,32.61954429119287,27.074114202954675,23.604965254913076,24.0492254267757,22.177392854599674,11.611416891939928,10.124331750499953,0.0,0.0,0.0,0.0,0.0,0.0,0.0
Simulation,214,0.0,0.0,0.0,0.0,0.0,0.0,23.76045521680781,55.44048174996467,83.9480467944893,85.11838433639338,99.21261112221052,106.2344626501514,102.84888062683754,91.90894955557248,73.69094471835812,30.432601013372363,13.840175249853452,0.0,0.0,0.0,0.0,0.0,0.0,0.0
Simulation,215,0.0,0.0,0.0,0.0,0.0,0.0,32.82809696590731,90.38703930245967,106.84277762578634,87.65799407573061,105.8151072436034,114.94102425447826,86.0329355071748,66.82981121245572,44.89543493739086,36.60789333751185,27.276094044540898,0.0,0.0,0.0,0.0,0.0,0.0,0.0
Simulation,216,0.0,0.0,0.0,0.0,0.0,0.0,48.8302459181245,77.49508394643993,77.55466060786058,31.337199900072207,58.0287492823502,82.76468106697308,86.01702505636224,81.91582961107208,66.243935691636,31.80981873707846,14.7510497718205,0.0,0.0,0.0,0.0,0.0,0.0,0.0
Simulation,217,0.0,0.0,0.0,0.0,0.0,0.0,68.95476639950095,99.57062712605797,110.57334825742134,101.99705020543098,110.35790925161048,108.015833672504,68.77540618037983,54.348686237090234,46.549248611662584,38.70864697282849,13.667412590319598,0.0,0.0,0.0,0.0,0.0,0.0,0.0
Simulation,218,0.0,0.0,0.0,0.0,0.0,0.0,59.9178488039331,97.56519041370262,107.75458079184467,93.34252725235658,80.06109482179089,67.9140968768395,70.49873160286663,84.98910295978273,95.87817034998517,80.73235468124918,18.00858489409828,0.0,0.0,0.0,0.0,0.0,0.0,0.0
Simulation,219,0.0,0.0,0.0,0.0,0.0,0.0,48.94589532078992,93.79862165396904,112.28390662571934,103.650881634493,103.02616940753795,92.75043547482068,33.13865198899668,17.49741237987279,14.546461897167383,22.430047581929262,16.63175799261049,0.0,0.0,0.0,0.0,0.0,0.0,0.0
Simulation,220,0.0,0.0,0.0,0.0,0.0,0.0,40.82739437122581,97.58721552429321,101.87011465212477,30.612334773558516,47.14396352944076,61.75758060889477,41.57773414193049,30.372346473222564,21.7648150308123,23.496749019818687,20.8254980740926,0.0,0.0,0.0,0.0,0.0,0.0,0.0
Simulation,221,0.0,0.0,0.0,0.0,0.0,0.0,23.564619696565472,100.57632982678147,114.8388499354325,85.29792259674873,84.39451580534441,84.95355878202086,57.9608838230983,39.86098219597631,18.399296906157417,11.302703510709321,14.714374595962923,0.0,0.0,0.0,0.0,0.0,0.0,0.0
Simulation,222,0.0,0.0,0.0,0.0,0.0,0.0,122.56193231815416,125.27443078767149,125.76909567179567,124.17234060084132,119.69144726868205,113.81142286728786,100.1580347785921,102.13980820794198,101.99137864011493,75.55635502192493,14.973486792469252,0.0,0.0,0.0,0.0,0.0,0.0,0.0
Simulation,223,0.0,0.0,0.0,0.0,0.0,0.0,20.622121427837325,99.80324764689938,114.83803835676078,105.24868143768721,114.69014032060296,121.16946753226526,120.67549219135904,116.78924691554374,101.1520557737341,28.844428360764706,17.604823631970476,0.0,0.0,0.0,0.0,0.0,0.0,0.0
Simulation,224,0.0,0.0,0.0,0.0,0.0,0.0,30.489817523040887,96.42784570664708,112.09973000371595,73.5344165011604,80.55090579860222,89.16926173437773,58.71251098663504,38.22026449353172,16.58707748657347,11.541808213552901,19.42259390814666,0.0,0.0,0.0,0.0,0.0,0.0,0.0
Simulation,225,0.0,0.0,0.0,0.0,0.0,0.0,14.978132089970927,55.80433963462723,90.53677885022546,83.71264755033191,93.8812258160156,98.04527493915684,82.35258788668591,77.85802791298386,65.11327242921429,38.67013177637872,16.546136456990006,0.0,0.0,0.0,0.0,0.0,0.0,0.0
Simulation,226,0.0,0.0,0.0,0.0,0.0,0.0,104.60885496723563,117.36683715721584,116.8291262343499,115.10130469967304,117.24402050577568,114.78356393360366,84.00223218225302,76.14879406057281,68.73500447513237,54.146337767114474,17.561484305104205,0.0,0.0,0.0,0.0,0.0,0.0,0.0
Simulation,227,0.0,0.0,0.0,0.0,0.0,0.0,43.642693956950694,71.12740883996089,90.4105027943473,90.73821859474555,94.04399758599477,85.54915544209311,46.79517357548582,40.0601782145837,38.171606948721674,28.76965690935106,13.466430328661414,0.0,0.0,0.0,0.0,0.0,0.0,0.0
Simulation,228,0.0,0.0,0.0,0.0,0.0,0.0,32.84752383493606,111.2383451027298,118.41057084293632,102.93602223895631,99.11602201661283,95.33417899254509,53.785526209338855,33.29892601799576,15.070528195618188,7.550423674911585,16.065844251228835,0.0,0.0,0.0,0.0,0.0,0.0,0.0
Simulation,229,0.0,0.0,0.0,0.0,0.0,0.0,1.4647143566204264,14.911091350864979,18.610639515080436,66.52678880499158,100.630101250606,112.06150348164516,79.27533662222999,58.984631157780804,37.78472679820341,15.469495999569332,14.756326446316386,0.0,0.0,0.0,0.0,0.0,0.0,0.0
Simulation,230,0.0,0.0,0.0,0.0,0.0,0.0,51.193599559026175,109.22672903848175,116.07642803782865,111.9601164685779,111.53752004159807,112.71682192946709,106.63735038731286,101.74100495419711,84.9989745214677,32.359003208447646,12.378513487466154,0.0,0.0,0.0,0.0,0.0,0.0,0.0
Simulation,231,0.0,0.0,0.0,0.0,0.0,0.0,27.92440469173462,112.81878430579363,120.48349849481167,117.88234136248371,115.16740432725621,114.75642500610448,111.63550518080257,108.18894063390954,102.40035733507925,67.84232133375204,23.13854640960155,0.0,0.0,0.0,0.0,0.0,0.0,0.0
Simulation,232,0.0,0.0,0.0,0.0,0.0,0.0,25.931568301008785,76.70405954693075,99.08988113060319,93.65038662527603,86.0222943272446,69.47655579980238,39.23838504991043,42.81064959360702,41.238998917985,18.026581051328847,0.0,0.0,0.0,0.0,0.0,0.0,0.0,0.0
Simulation,233,0.0,0.0,0.0,0.0,0.0,0.0,16.61304856152302,45.997516481050305,88.50668613194128,105.5208615216378,108.76107623528813,104.70128510490846,85.20677826145952,91.43705388174396,100.7056438302543,93.93475819446056,19.8561034091733,0.0,0.0,0.0,0.0,0.0,0.0,0.0
Simulation,234,0.0,0.0,0.0,0.0,0.0,0.0,21.183177910015615,84.20949515079899,111.7371893813999,105.49649792985862,99.15236806015419,89.47084343300318,68.23081894147062,74.783312839424,73.82697363658792,49.181604040977184,16.42443954025362,0.0,0.0,0.0,0.0,0.0,0.0,0.0
Simulation,235,0.0,0.0,0.0,0.0,0.0,0.0,40.23499174617403,80.67461119608451,103.37573845586161,107.3437352418712,107.66427350828906,104.41230140613716,98.35556929336929,106.66797746231951,112.89570788641564,119.34109104793023,23.55344558696429,0.0,0.0,0.0,0.0,0.0,0.0,0.0
Simulation,236,0.0,0.0,0.0,0.0,0.0,0.0,24.297077900952463,105.65641368046624,115.42032762376586,82.52422341794083,67.86158159512117,66.90309961763859,60.95195819822622,56.655832912330155,36.01590957447885,7.114012053763112,8.01855695630587,0.0,0.0,0.0,0.0,0.0,0.0,0.0
Simulation,237,0.0,0.0,0.0,0.0,0.0,0.0,40.11238703846136,111.7904651105062,118.57336928499716,114.64736552517482,100.72668030095885,77.85336860554408,23.696934280975583,25.971936327770763,38.24541790140092,44.760146552733815,16.455704612810354,0.0,0.0,0.0,0.0,0.0,0.0,0.0
Simulation,238,0.0,0.0,0.0,0.0,0.0,0.0,62.25009222899189,78.7944199470144,90.30524308742382,85.2883727929775,78.81236436794154,61.000538220149956,48.62193005047912,50.496018722363814,50.66131315848345,26.994856123166926,8.360601011074158,0.0,0.0,0.0,0.0,0.0,0.0,0.0
Simulation,239,0.0,0.0,0.0,0.0,0.0,0.0,54.204964410298864,112.93404696727663,115.26285563737326,89.95740159287386,80.11077482903002,77.10001618210799,62.470439853169495,68.24695710190859,67.0310871348975,44.911494939261765,16.09074336691215,0.0,0.0,0.0,0.0,0.0,0.0,0.0
Simulation,240,0.0,0.0,0.0,0.0,0.0,0.0,38.84371579130592,114.02582869295972,120.9309443283844,117.33397452323757,115.14194777530776,108.60610495547905,61.96676912266733,41.414313037760586,22.20292919576493,13.125016212341848,12.48729205024628,0.0,0.0,0.0,0.0,0.0,0.0,0.0
Simulation,241,0.0,0.0,0.0,0.0,0.0,0.0,97.5133544034586,116.77615404534535,116.25503914003954,106.34166475172009,118.61040300338581,121.72346775845914,90.36900652369573,54.36376148547633,23.019307965558212,14.568995710268663,14.951731679328695,0.0,0.0,0.0,0.0,0.0,0.0,0.0
Simulation,242,0.0,0.0,0.0,0.0,0.0,0.0,33.38675742424948,78.2981085324787,101.43165483938806,102.6521596481337,106.2794816552624,104.43130780297642,75.76315837978264,71.7825472101295,66.67160760741818,51.172210819344265,16.951430279907665,0.0,0.0,0.0,0.0,0.0,0.0,0.0
Simulation,243,0.0,0.0,0.0,0.0,0.0,0.0,38.09036790418406,62.18849176006927,80.37889279701125,72.51244127963668,94.12910111882343,96.02487188729577,39.22986627871532,18.93987466812849,12.698195766270423,11.579409630813249,9.930462621201883,0.0,0.0,0.0,0.0,0.0,0.0,0.0
Simulation,244,0.0,0.0,0.0,0.0,0.0,0.0,71.3088350781494,113.72915335198525,115.16075227472469,98.21992890898517,102.582263161163,104.73373763782556,76.70831250889574,69.55614914364249,66.25068708682923,70.68977275890524,28.141042741983533,0.0,0.0,0.0,0.0,0.0,0.0,0.0
Simulation,245,0.0,0.0,0.0,0.0,0.0,0.0,66.09823929250118,100.89103078542567,110.57447960708373,83.13441473002888,75.21303960991601,61.300894088809144,54.103780740710654,53.20172048994013,54.71194093805012,37.732553068627595,15.03434857390453,0.0,0.0,0.0,0.0,0.0,0.0,0.0
Simulation,246,0.0,0.0,0.0,0.0,0.0,0.0,47.864372788921045,113.82797271892419,119.42955813078038,119.114343391027,112.84195075408815,108.16541138703111,116.87270819625066,116.67360873168994,116.16746080371561,70.76605419024469,17.355204150872805,0.0,0.0,0.0,0.0,0.0,0.0,0.0
Simulation,247,0.0,0.0,0.0,0.0,0.0,0.0,22.627569838986048,76.54438857319545,89.15399124243596,44.62721444061943,71.1729157355798,92.45620989284343,80.05152953114177,70.82822679472594,51.37294779617078,27.854449544681042,19.695328994794295,0.0,0.0,0.0,0.0,0.0,0.0,0.0
Simulation,248,0.0,0.0,0.0,0.0,0.0,0.0,14.801065744048927,78.4828250834653,107.15610103042822,95.54161049317459,94.41610911891642,93.24783413969398,75.73439922195618,75.21140597624482,64.99016863713386,36.45224148864234,13.816956746446767,0.0,0.0,0.0,0.0,0.0,0.0,0.0
Simulation,249,0.0,0.0,0.0,0.0,0.0,0.0,40.59056058708883,109.77468661654,115.07674968205707,82.01201451586184,91.34016814615666,103.549041622592,104.16424886057263,91.13866900894399,66.28317457247263,27.956219921501933,15.87267426016136,0.0,0.0,0.0,0.0,0.0,0.0,0.0
Simulation,250,0.0,0.0,0.0,0.0,0.0,0.0,83.78349602015857,114.9360408475246,115.25979272111695,97.21324307793961,94.37053418411173,88.66941664091938,55.44551728349968,40.623824693648146,23.920879970510285,8.279731903776451,8.37547395791982,0.0,0.0,0.0,0.0,0.0,0.0,0.0
Simulation,251,0.0,0.0,0.0,0.0,0.0,0.0,59.68651823747871,97.5937136107356,104.53397203628008,69.9998202578117,68.63327955131174,71.98411765222755,63.539733953685506,59.17132389037092,48.32707938628408,22.52399798558246,12.094982240451001,0.0,0.0,0.0,0.0,0.0,0.0,0.0
Simulation,252,0.0,0.0,0.0,0.0,0.0,0.0,9.247812523858194,69.76576006447561,108.03041801805736,111.65505384045886,107.41789917795963,98.05664634688604,54.01930132827769,57.12354366034884,66.64529731572878,67.82438635630712,18.834734692469013,0.0,0.0,0.0,0.0,0.0,0.0,0.0
Simulation,253,0.0,0.0,0.0,0.0,0.0,0.0,36.813655076030514,99.61370615996057,112.90393351111626,76.5359109245185,84.66239528274156,96.74692223366038,76.90599574868405,56.1540867116366,22.452474715832295,4.60364364100122,12.079272974402995,0.0,0.0,0.0,0.0,0.0,0.0,0.0
Simulation,254,0.0,0.0,0.0,0.0,0.0,0.0,24.335827599847764,99.00795054143929,116.02130532104596,115.40129629882095,102.34659077337948,84.474697469405,62.014291622782125,68.23547808021651,66.30374148986486,32.52564426664529,10.355905040289912,0.0,0.0,0.0,0.0,0.0,0.0,0.0
Simulation,255,0.0,0.0,0.0,0.0,0.0,0.0,50.44119501392739,76.83544378026365,101.61685521261793,117.35022714963628,120.91638929014196,117.74865870396913,61.203722531243876,38.11189061697142,31.790717679320203,30.563025252356585,13.309347480007355,0.0,0.0,0.0,0.0,0.0,0.0,0.0
Simulation,256,0.0,0.0,0.0,0.0,0.0,0.0,110.89248237259287,107.81577405795211,109.14585216376437,83.68973389982324,88.05879112634668,84.72141573737608,56.394289696445554,50.21278543299075,56.2318346031661,57.389574315749115,18.84702348294686,0.0,0.0,0.0,0.0,0.0,0.0,0.0
Simulation,257,0.0,0.0,0.0,0.0,0.0,0.0,78.23418691845546,120.33670899863608,121.67732099439743,120.51605820678598,117.14719933791368,113.28302800834682,105.8037074447704,106.65313332239269,100.15425660838875,47.41442993398785,10.185157791606581,0.0,0.0,0.0,0.0,0.0,0.0,0.0
Simulation,258,0.0,0.0,0.0,0.0,0.0,0.0,93.160046030117,116.09624711725094,114.98439289541069,96.36144575504727,101.16815891472972,104.03124647020171,84.00755127744537,79.49349638306757,71.19862457221338,49.27838711088801,15.081185531401042,0.0,0.0,0.0,0.0,0.0,0.0,0.0
Simulation,259,0.0,0.0,0.0,0.0,0.0,0.0,41.10203308480669,83.52510726299701,93.08209166448063,32.041810181177055,29.316738700883732,31.565285563986535,40.80704050744066,31.107494699590752,15.954792699604035,6.569533619322865,12.385355748614199,0.0,0.0,0.0,0.0,0.0,0.0,0.0
Simulation,260,0.0,0.0,0.0,0.0,0.0,0.0,106.19000793550768,105.57687133305109,100.22470388923783,55.14148406282944,50.56025399963157,48.36716683953893,60.090303208098526,68.21037277543601,73.82072020104049,54.57494798295781,12.840296119329853,0.0,0.0,0.0,0.0,0.0,0.0,0.0
Simulation,261,0.0,0.0,0.0,0.0,0.0,0.0,15.553666730932243,90.90794863655718,111.80907768666953,83.9051004433062,75.39945636621987,79.51286736935026,92.16794110156457,100.83864684671684,85.25372978085471,26.67452495690234,14.84716423558013,0.0,0.0,0.0,0.0,0.0,0.0,0.0
Simulation,262,0.0,0.0,0.0,0.0,0.0,0.0,58.93304610653274,115.31608089506634,117.04306068761305,98.28544136435374,105.01887475355463,106.93272308457271,64.50373104796142,44.29109418214132,25.6980145260833,25.018153118388362,21.196713909892175,0.0,0.0,0.0,0.0,0.0,0.0,0.0
Simulation,263,0.0,0.0,0.0,0.0,0.0,0.0,37.53774477107963,89.03254930580832,109.74517870580058,98.83533578275579,99.27449085290863,95.80371055106718,68.7591956069562,64.25618976768764,60.18253669088573,43.441921565022604,16.118999836625246,0.0,0.0,0.0,0.0,0.0,0.0,0.0
Simulation,264,0.0,0.0,0.0,0.0,0.0,0.0,58.17467257500948,100.44307333964149,108.87649313042228,71.716246425595,80.66817860416175,86.11044310205267,49.47367824680386,30.423589952322274,14.487488097650122,5.563355214765881,9.507009751349191,0.0,0.0,0.0,0.0,0.0,0.0,0.0
Simulation,265,0.0,0.0,0.0,0.0,0.0,0.0,55.1271010277566,108.20431259912098,116.25554099040303,118.15154918130393,115.14967251896488,105.1280828779071,75.08675844269382,84.22865613111854,96.24315860734913,97.11063513986491,18.858313026961262,0.0,0.0,0.0,0.0,0.0,0.0,0.0
Simulation,266,0.0,0.0,0.0,0.0,0.0,0.0,21.07046240849864,41.068037496442194,74.30104135023234,79.79863576298598,93.71208639673753,87.05532428138997,32.40128135972588,21.535104066642596,31.2736508061334,58.92501953223716,26.20753682708967,0.0,0.0,0.0,0.0,0.0,0.0,0.0
Simulation,267,0.0,0.0,0.0,0.0,0.0,0.0,28.848982577900284,100.4696473681238,113.11536500839046,69.07379042020504,73.09233685297988,76.77426029480003,43.834746153200776,34.8390232516665,30.737380384766396,36.97066595276646,23.11704120548459,0.0,0.0,0.0,0.0,0.0,0.0,0.0
Simulation,268,0.0,0.0,0.0,0.0,0.0,0.0,25.933372790529788,82.55792018865611,104.45602885118954,78.75149481419471,88.62417901831853,86.63320738441288,33.57126355160138,13.943413572630071,8.96980947194227,12.61826544286647,14.98718973411631,0.0,0.0,0.0,0.0,0.0,0.0,0.0
Simulation,269,0.0,0.0,0.0,0.0,0.0,0.0,80.23600885684803,98.34492878546837,98.57248175457,61.8955501903292,91.16491840223762,100.38867038868875,58.86890208382715,25.64884662034737,8.796485456444834,2.51822857789211,7.86340407119694,0.0,0.0,0.0,0.0,0.0,0.0,0.0
Simulation,270,0.0,0.0,0.0,0.0,0.0,0.0,33.828405728650225,94.06375164355708,110.33147186301362,93.56515769829947,92.1329298788718,95.57419753965729,96.14033270095766,101.22675273748366,94.32634252794827,47.118705579186475,13.818215698316981,0.0,0.0,0.0,0.0,0.0,0.0,0.0
Simulation,271,0.0,0.0,0.0,0.0,0.0,0.0,33.976828053818664,113.5385683964504,118.19222084067965,102.19872129584414,85.2975379927894,89.170209604472,117.50525858494066,119.96063563987713,118.09877970752166,70.4857176744629,18.739914470207097,0.0,0.0,0.0,0.0,0.0,0.0,0.0
Simulation,272,0.0,0.0,0.0,0.0,0.0,0.0,73.0936096225358,111.00196887657691,115.27710118185605,109.01280184685355,104.28743268265652,98.15656027473618,78.64400377853842,77.41707911998529,68.2538787127518,38.031587585732524,13.357101720515189,0.0,0.0,0.0,0.0,0.0,0.0,0.0
Simulation,273,0.0,0.0,0.0,0.0,0.0,0.0,67.78007087931363,114.7512753794586,118.10506390980639,115.57430925199189,106.16549496956009,88.62815225268983,39.333469528218096,40.30412413397802,55.49876309824823,70.68671021412084,21.192806085089945,0.0,0.0,0.0,0.0,0.0,0.0,0.0
Simulation,274,0.0,0.0,0.0,0.0,0.0,0.0,35.42253881535388,87.26565228137814,101.77353562724196,76.78457795067987,52.90173303787004,44.9308338128922,60.172697518499646,71.12793839681642,66.23960941671993,24.363974372875376,10.182232745041878,0.0,0.0,0.0,0.0,0.0,0.0,0.0
Simulation,275,0.0,0.0,0.0,0.0,0.0,0.0,50.33750661606102,105.90457851745542,114.56133980850569,95.85434447068283,97.55857781597726,89.57677468352875,37.123045804850925,26.68484787456253,36.56506682504417,61.30338569373376,23.505132670713117,0.0,0.0,0.0,0.0,0.0,0.0,0.0
Simulation,276,0.0,0.0,0.0,0.0,0.0,0.0,64.4605079731729,120.94179749588417,121.67815392050414,115.20889761612409,110.49821331905217,113.84902697465189,119.01293625842618,120.30537478903756,120.17666085695332,105.20787332694663,25.412686220484023,0.0,0.0,0.0,0.0,0.0,0.0,0.0
Simulation,277,0.0,0.0,0.0,0.0,0.0,0.0,20.518134513690782,88.07577657642436,111.90266305529008,102.5328395688444,111.95731868222657,111.83237897457117,58.60775565958501,35.99904120051981,21.59762517745795,16.568880336946542,13.566440324378297,0.0,0.0,0.0,0.0,0.0,0.0,0.0
Simulation,278,0.0,0.0,0.0,0.0,0.0,0.0,54.506852761502955,118.35610789739975,120.87790650154889,105.52352449301921,100.46183992822216,97.19235638370502,65.67461778729475,53.49889632443109,36.72056475518377,16.44250188215108,16.032434869913725,0.0,0.0,0.0,0.0,0.0,0.0,0.0
Simulation,279,0.0,0.0,0.0,0.0,0.0,0.0,44.91947196323351,61.34814589652414,80.4517200887603,83.03808890521806,105.51305061321877,114.26283486527869,88.70792816989761,68.43562145807535,49.17604269865395,31.30446884402629,17.72295952619935,0.0,0.0,0.0,0.0,0.0,0.0,0.0
Simulation,280,0.0,0.0,0.0,0.0,0.0,0.0,68.40986022149629,115.12458565913877,118.1762106749334,118.26977788740503,119.44059426591433,117.60178260192879,75.7340866666016,61.20686802862929,55.831067967000266,44.002682103851186,16.307616416522222,0.0,0.0,0.0,0.0,0.0,0.0,0.0
Simulation,281,0.0,0.0,0.0,0.0,0.0,0.0,33.8134316214549,111.64573310579192,121.52262511210412,122.32558066920663,120.87041760519416,116.1509937196846,83.93491451564674,79.95420931673665,77.36083553245228,70.89740749755494,23.40072889288395,0.0,0.0,0.0,0.0,0.0,0.0,0.0
Simulation,282,0.0,0.0,0.0,0.0,0.0,0.0,34.45584804758396,74.98641999230686,96.08107473359327,92.96770938351281,85.66738063554102,66.77716920055391,26.69554948116791,24.610851894299124,35.66268238140816,38.45026218272894,14.193107333016503,0.0,0.0,0.0,0.0,0.0,0.0,0.0
Simulation,283,0.0,0.0,0.0,0.0,0.0,0.0,39.961932627520504,97.48862122453613,112.46970430484218,99.36243676463673,106.45619181517775,112.05612104421597,101.6915472847801,92.65686535938761,85.80895588101632,70.306382965936,26.7790734394518,0.0,0.0,0.0,0.0,0.0,0.0,0.0
Simulation,284,0.0,0.0,0.0,0.0,0.0,0.0,20.076721535719155,95.32277739078353,113.62401155597418,100.07896294406719,97.53579959024692,98.35553595988729,97.8067009302576,106.57684405891604,103.96762754048008,79.57613756232283,23.61828385594825,0.0,0.0,0.0,0.0,0.0,0.0,0.0
Simulation,285,0.0,0.0,0.0,0.0,0.0,0.0,35.01499432854126,115.03520386728644,117.741026890818,92.7536393280472,82.02312547373275,89.34321843104604,97.64579286454898,102.83221827328744,94.38377175771252,48.39836552990894,18.189251956243467,0.0,0.0,0.0,0.0,0.0,0.0,0.0
Simulation,286,0.0,0.0,0.0,0.0,0.0,0.0,25.17953317244645,78.7816950347123,106.343706006041,111.64068573746735,120.26430563223748,121.75462557143884,98.02791847832908,76.18509307987398,52.03793778682163,21.084636792645966,13.781812801967007,0.0,0.0,0.0,0.0,0.0,0.0,0.0
Simulation,287,0.0,0.0,0.0,0.0,0.0,0.0,62.289331186839775,98.36760001329286,101.79488694835719,75.01276394672314,90.51400497230348,99.98440784113112,90.47860511914496,89.60635384007603,90.82227195445178,98.95818373578328,27.638744496963447,0.0,0.0,0.0,0.0,0.0,0.0,0.0
Simulation,288,0.0,0.0,0.0,0.0,0.0,0.0,71.36588926177875,124.22568591678676,124.10578513470878,111.58543365754683,104.91890418223343,101.98148112641728,73.33444343382077,55.67636289001966,27.77867387197792,8.434386299116031,13.427755362103278,0.0,0.0,0.0,0.0,0.0,0.0,0.0
Simulation,289,0.0,0.0,0.0,0.0,0.0,0.0,86.36217652354641,117.54520641006116,118.28966313852177,116.94421400499667,111.3574881585281,95.28232828180343,38.49811835084304,39.938156096138485,58.998513504771516,80.07016921320364,19.370218769262667,0.0,0.0,0.0,0.0,0.0,0.0,0.0
Simulation,290,0.0,0.0,0.0,0.0,0.0,0.0,37.54065367635473,113.93834066752818,120.89665546032701,118.95454470530117,114.67777629744654,106.2457692196263,82.33921505491205,83.22855459234569,74.24494324763302,44.185823062027076,20.559471543395055,0.0,0.0,0.0,0.0,0.0,0.0,0.0
Simulation,291,0.0,0.0,0.0,0.0,0.0,0.0,72.1360594963763,118.6083426170845,121.15328886542434,120.101942731112,120.18620257254656,119.36348239506765,100.71735360506433,83.25000207157049,56.16225676185163,8.993058280603972,7.139818952452028,0.0,0.0,0.0,0.0,0.0,0.0,0.0
Simulation,292,0.0,0.0,0.0,0.0,0.0,0.0,85.27762790080646,100.81298000758325,110.60224922314457,114.22541586841464,120.96073586436977,123.23930491825486,117.67009172457205,108.13638439790418,101.53240265494405,83.25745815828456,22.8706210152832,0.0,0.0,0.0,0.0,0.0,0.0,0.0
Simulation,293,0.0,0.0,0.0,0.0,0.0,0.0,49.042332363434845,99.83064438139742,114.57847708545228,114.7765080313113,111.84614302989215,104.66582464951622,82.48345841997994,80.3682577287274,72.46946214586077,40.95829494703363,14.880100173631167,0.0,0.0,0.0,0.0,0.0,0.0,0.0
Simulation,294,0.0,0.0,0.0,0.0,0.0,0.0,13.44696657974901,93.83853062248444,113.37579487243411,93.7355488204447,87.17073563965194,89.4661586243974,82.30882857065134,87.3611137442046,76.85400472632844,31.38456219445409,14.95131971375765,0.0,0.0,0.0,0.0,0.0,0.0,0.0
Simulation,295,0.0,0.0,0.0,0.0,0.0,0.0,50.60334330048411,103.00693678654483,112.8878088759094,77.17107633013867,68.62705943355631,55.52691011739989,21.678327679540402,15.32145020211032,12.709389071914785,12.988188049501819,11.415769401049259,0.0,0.0,0.0,0.0,0.0,0.0,0.0
Simulation,296,0.0,0.0,0.0,0.0,0.0,0.0,54.731256708666564,105.32799946373531,114.62723769748689,104.14588780411803,96.23722125160926,86.45444755076844,74.02438613512729,79.82556307753948,76.2907791364726,40.4510569811741,12.449180061781878,0.0,0.0,0.0,0.0,0.0,0.0,0.0
Simulation,297,0.0,0.0,0.0,0.0,0.0,0.0,49.12439664858292,111.70872372820199,119.3726210448088,120.57186453877705,118.9333373866499,113.52952779851518,63.97318408447152,47.65956981374919,33.46514872084745,14.686668175167657,4.4162509710135485,0.0,0.0,0.0,0.0,0.0,0.0,0.0
Simulation,298,0.0,0.0,0.0,0.0,0.0,0.0,37.701269840603054,76.0858015123022,99.13348789323726,102.20237082885852,110.33851744116751,108.03794775234613,71.4057999107542,53.75937912763519,38.8626875753623,18.726139113137375,10.216577775613825,0.0,0.0,0.0,0.0,0.0,0.0,0.0
Simulation,299,0.0,0.0,0.0,0.0,0.0,0.0,86.49614417203149,115.3160085762028,115.19689054849954,93.35767850952975,100.76469446547863,103.22988865941885,58.68527587641246,29.992770779451583,11.661929019126312,4.402193560942898,9.280697559909715,0.0,0.0,0.0,0.0,0.0,0.0,0.0
Simulation,300,0.0,0.0,0.0,0.0,0.0,0.0,20.76518094666684,91.04542006715442,112.87755059443649,105.87589372658852,112.77839928018994,114.7642376131062,91.75666451653207,84.96178010267917,73.54513559017145,48.06445975873218,18.075284616297054,0.0,0.0,0.0,0.0,0.0,0.0,0.0
Simulation,301,0.0,0.0,0.0,0.0,0.0,0.0,48.16453445521603,110.75217741801384,115.24501927443131,88.71869765698905,90.39100670682929,99.58079249840814,107.85835435483497,107.10740781203587,98.57234516253257,70.80961138704637,27.52465990998627,0.0,0.0,0.0,0.0,0.0,0.0,0.0
Simulation,302,0.0,0.0,0.0,0.0,0.0,0.0,45.02036395206889,97.6966683061783,113.34929096938762,93.34691565053963,52.448638879788625,24.373747460765543,29.49323115233436,39.552501407883426,41.81680869331358,20.46019294113379,7.46339409617498,0.0,0.0,0.0,0.0,0.0,0.0,0.0
Simulation,303,0.0,0.0,0.0,0.0,0.0,0.0,19.395913847148464,68.22556964847163,99.31705969871867,99.10222883251362,99.1423284569606,92.95106711694787,60.8771227110562,61.9192848735766,64.99233250769062,47.013203071815795,15.492368077201263,0.0,0.0,0.0,0.0,0.0,0.0,0.0
Simulation,304,0.0,0.0,0.0,0.0,0.0,0.0,40.286314399259595,104.28874788730741,114.40252929349595,97.14626593505744,83.96710753944085,82.5376315402381,100.58568577974015,111.31208660762955,115.54529495299602,98.89370750511384,22.98752727399362,0.0,0.0,0.0,0.0,0.0,0.0,0.0
Simulation,305,0.0,0.0,0.0,0.0,0.0,0.0,44.77655342872503,97.58649192174019,113.44022307066737,113.57342449528053,110.97609119070019,99.92069065873437,51.121639929376784,47.06269412503342,50.25435435809758,40.34976911622257,13.443805189434581,0.0,0.0,0.0,0.0,0.0,0.0,0.0
Simulation,306,0.0,0.0,0.0,0.0,0.0,0.0,19.388379561076924,75.27507225895255,90.97317790465696,32.41652389803143,50.66875415833131,66.44444499185039,51.11307309704347,40.012319821886734,24.76566507704817,18.695541124622626,16.024908446364925,0.0,0.0,0.0,0.0,0.0,0.0,0.0
Simulation,307,0.0,0.0,0.0,0.0,0.0,0.0,12.683573917885646,85.48076659852907,114.88997495131909,120.67279346295196,114.52127088699608,98.71523119075911,76.87611992624697,89.58703053695588,95.20210114085032,59.88850327885376,12.525089754568167,0.0,0.0,0.0,0.0,0.0,0.0,0.0
Simulation,308,0.0,0.0,0.0,0.0,0.0,0.0,52.08148744822419,85.49357052886467,93.49250189590357,77.60580243622448,77.26338611504235,68.5844790211813,55.43091423017407,56.77722574253719,62.4320874537764,50.27602037724829,14.115510017349074,0.0,0.0,0.0,0.0,0.0,0.0,0.0
Simulation,309,0.0,0.0,0.0,0.0,0.0,0.0,44.77981359703641,97.59493384481965,110.76507993639406,97.10739973745866,108.84110631882646,114.74429731417686,85.78608862146774,73.67666471473298,59.68106016239534,44.88471256819967,22.43260602293467,0.0,0.0,0.0,0.0,0.0,0.0,0.0
Simulation,310,0.0,0.0,0.0,0.0,0.0,0.0,7.500290960439585,76.70752710443278,113.18422150465739,116.88235438874425,115.26166469883555,108.02688041678908,63.81559968147151,56.23506089639386,46.1657053517158,26.930390241435745,13.392008115885307,0.0,0.0,0.0,0.0,0.0,0.0,0.0
Simulation,311,0.0,0.0,0.0,0.0,0.0,0.0,7.957666235061161,87.25009091008003,114.33165594573668,108.35986748842507,106.96852197046404,104.79844051209557,77.1832163329376,74.05191252281328,63.42841381802386,38.881792708366525,19.001015150333878,0.0,0.0,0.0,0.0,0.0,0.0,0.0
Simulation,312,0.0,0.0,0.0,0.0,0.0,0.0,23.760626587165973,114.17370265898212,122.07127628236478,118.91193843532697,111.95934907397336,103.5988124930603,80.3674695823348,75.20284954093702,54.27994958292814,14.128490761459226,14.47817025930554,0.0,0.0,0.0,0.0,0.0,0.0,0.0
Simulation,313,0.0,0.0,0.0,0.0,0.0,0.0,36.704476242376984,102.68893624436272,115.30815456802846,111.58233319884367,101.88127912383723,86.40087057754447,41.71605255673537,41.948056043755315,43.49020002500313,37.02559479196661,14.605867195936193,0.0,0.0,0.0,0.0,0.0,0.0,0.0
Simulation,314,0.0,0.0,0.0,0.0,0.0,0.0,77.35593613925522,113.55584241383274,116.03479419960561,110.65598402849636,109.07220340132274,101.12558904191265,55.25607598211354,44.34571153908642,42.678594441535395,42.49786622118804,15.396138804929553,0.0,0.0,0.0,0.0,0.0,0.0,0.0
Simulation,315,0.0,0.0,0.0,0.0,0.0,0.0,55.392027246348874,84.11150767725003,84.9776773439578,32.16203719796778,54.038420291774095,74.6113056391012,63.65028530616792,57.346196924363085,49.53912399091599,37.916107255382315,20.817207115054792,0.0,0.0,0.0,0.0,0.0,0.0,0.0
Simulation,316,0.0,0.0,0.0,0.0,0.0,0.0,19.507622530412934,28.470631177676694,37.33629643377479,28.325412538578988,65.61677533209388,73.76623110894703,10.921886401437916,4.456156857581391,3.860799303905729,15.580506289796059,15.324108371182628,0.0,0.0,0.0,0.0,0.0,0.0,0.0
Simulation,317,0.0,0.0,0.0,0.0,0.0,0.0,38.59777883985603,115.97988395357393,120.57888520809847,103.446095720567,85.64904663980532,79.48986188105805,80.0233245475324,86.07672682781515,73.81443900006869,30.75214427270292,14.871940988613847,0.0,0.0,0.0,0.0,0.0,0.0,0.0
Simulation,318,0.0,0.0,0.0,0.0,0.0,0.0,37.96213573820715,85.74048704706044,100.1449938012774,60.91741371683266,29.64534249896691,23.973227112739366,50.8556645489073,70.50675821588482,79.06610483351008,52.579879540787346,12.083051095372412,0.0,0.0,0.0,0.0,0.0,0.0,0.0
Simulation,319,0.0,0.0,0.0,0.0,0.0,0.0,62.25575260249994,100.96728658258871,112.72011728369428,97.5466046989996,101.86457896670515,101.56684166341833,68.16398335628679,51.5054432464988,34.16546016661697,14.73737073632961,12.284355937656699,0.0,0.0,0.0,0.0,0.0,0.0,0.0
Simulation,320,0.0,0.0,0.0,0.0,0.0,0.0,27.661319870653514,91.23095791093287,112.68039030458152,105.56480518279282,102.4359213206464,99.91494905147738,96.16260003317751,106.6548726552115,112.47803292287354,117.05183485358334,27.94506602320617,0.0,0.0,0.0,0.0,0.0,0.0,0.0
Simulation,321,0.0,0.0,0.0,0.0,0.0,0.0,20.774311322065902,97.33481603267195,114.8931154581592,113.08283932774108,100.12938448195979,84.7450572419902,67.69166046892344,78.71927072564783,76.83930045224497,34.71446173478551,8.456333847542677,0.0,0.0,0.0,0.0,0.0,0.0,0.0
Simulation,322,0.0,0.0,0.0,0.0,0.0,0.0,91.56672489308616,115.88609232220132,113.60431088510704,30.424498326663482,39.192552598738025,60.523303380034946,44.266452719323325,30.692435476391978,22.778386128589318,32.31356014583444,23.48241394992233,0.0,0.0,0.0,0.0,0.0,0.0,0.0
Simulation,323,0.0,0.0,0.0,0.0,0.0,0.0,15.206842772458792,60.0121940361542,100.74212384980432,113.35521543221931,112.50822397093019,106.53899765040005,87.6049479356072,91.06977786190976,87.83822884585422,44.86263195062679,9.990393590309601,0.0,0.0,0.0,0.0,0.0,0.0,0.0
Simulation,324,0.0,0.0,0.0,0.0,0.0,0.0,23.751808841581845,101.90260125145356,116.25702458789418,101.96563685447727,88.8572986424131,77.78337664314078,55.218835260767335,47.601053239212185,35.075275849993446,16.055919786936776,15.126766730083348,0.0,0.0,0.0,0.0,0.0,0.0,0.0
Simulation,325,0.0,0.0,0.0,0.0,0.0,0.0,55.277183060526504,71.9454014416932,62.69444097706933,28.91260097630507,32.434446697194346,47.44758118445903,55.42865898303508,52.94188525137642,43.948652464131186,18.425206788557727,9.678645540195706,0.0,0.0,0.0,0.0,0.0,0.0,0.0
Simulation,326,0.0,0.0,0.0,0.0,0.0,0.0,53.8327288977723,84.2051389471644,94.2099428892597,78.78602429317911,69.36096091783494,55.3956156545417,55.55996490257689,60.36992307129579,66.41179486698152,48.830437947330935,10.947709354311462,0.0,0.0,0.0,0.0,0.0,0.0,0.0
Simulation,327,0.0,0.0,0.0,0.0,0.0,0.0,9.199873078067931,90.36359655505487,112.71537245198724,75.76505215170295,60.697843688045495,60.63588175338691,58.342720625567836,59.79610202460872,54.79649152101561,32.174137609166245,17.969249129995497,0.0,0.0,0.0,0.0,0.0,0.0,0.0
Simulation,328,0.0,0.0,0.0,0.0,0.0,0.0,10.527280098606376,59.5515083449325,102.90373266174578,107.36317131920686,106.88144197499813,96.82836274089684,39.26730381888931,27.807666821220636,21.29463712016946,11.313710099654212,8.36251363915,0.0,0.0,0.0,0.0,0.0,0.0,0.0
Simulation,329,0.0,0.0,0.0,0.0,0.0,0.0,48.85173883464556,98.01114061401411,110.34636703498944,81.17299859729644,102.63759070684341,106.27313726839678,37.69168689993369,9.238376627603515,5.180732821636539,15.358263234704072,20.52127224939224,0.0,0.0,0.0,0.0,0.0,0.0,0.0
Simulation,330,0.0,0.0,0.0,0.0,0.0,0.0,60.52453350776004,108.76381267253988,114.32677216682896,90.87249840693418,95.59209790636052,104.52291934911719,116.68199456510445,113.36276563658595,107.67942573444378,74.22079118340136,25.723222710736437,0.0,0.0,0.0,0.0,0.0,0.0,0.0
Simulation,331,0.0,0.0,0.0,0.0,0.0,0.0,42.92691868413361,80.35121792751025,92.78641710058723,89.89992823449687,115.06656719364042,121.18967684594892,89.7318261660032,58.28136333091865,29.75968932150268,15.530363285178659,15.767788118909777,0.0,0.0,0.0,0.0,0.0,0.0,0.0
Simulation,332,0.0,0.0,0.0,0.0,0.0,0.0,38.69233459233681,112.99221317073156,117.22661449478866,97.33754811883259,95.66211649530237,98.04914836746389,81.48978425061657,79.04604553333641,66.54614647433858,42.81715062953394,23.46405132306603,0.0,0.0,0.0,0.0,0.0,0.0,0.0
Simulation,333,0.0,0.0,0.0,0.0,0.0,0.0,43.63755274631758,88.17210787494946,103.95916860899317,87.53516579125568,93.73169695824784,87.48407390617803,39.19047192916064,23.754259801996085,17.237282412634286,17.112067205798233,12.101556841685092,0.0,0.0,0.0,0.0,0.0,0.0,0.0
Simulation,334,0.0,0.0,0.0,0.0,0.0,0.0,35.04549928948934,112.55283581400715,118.67904720878308,113.30882836445383,103.94386495168018,98.9160989226297,85.96004309226619,91.12059765386849,84.20195616293749,40.405733097034904,15.241424695905557,0.0,0.0,0.0,0.0,0.0,0.0,0.0
Simulation,335,0.0,0.0,0.0,0.0,0.0,0.0,63.90433585566346,117.79031429636177,118.88280056171878,105.4247859653777,100.63309736331493,96.7049563099448,65.83567908275255,61.31179471225797,56.816202729002754,41.628053239819444,20.60732306090921,0.0,0.0,0.0,0.0,0.0,0.0,0.0
Simulation,336,0.0,0.0,0.0,0.0,0.0,0.0,2.2870455997799297,29.442580222635428,90.49589123631316,103.9539398733146,110.31392891582206,108.47261104607368,69.94077773523448,58.884653653594924,52.686116944137865,43.43046917492306,24.321570217753273,0.0,0.0,0.0,0.0,0.0,0.0,0.0
Simulation,337,0.0,0.0,0.0,0.0,0.0,0.0,83.6898247461043,117.8657909120997,118.06769796306075,114.71142426061019,118.1389316991477,117.38603237845417,71.73989497390376,47.167882282834604,22.38299758414042,5.531909325446296,3.508462940508725,0.0,0.0,0.0,0.0,0.0,0.0,0.0
Simulation,338,0.0,0.0,0.0,0.0,0.0,0.0,10.733750605867066,90.8019034877694,113.46794228609174,97.09474735512,110.27257403643999,116.90751004833936,85.38818473466517,63.81760478217771,38.21373539206532,26.595218271076988,27.350681951478474,0.0,0.0,0.0,0.0,0.0,0.0,0.0
Simulation,339,0.0,0.0,0.0,0.0,0.0,0.0,21.191911440281,56.479656255556506,88.91614672991759,90.32531014288536,78.64837931083,54.36365066500879,43.943800793248684,57.453716646242505,67.4940349634073,47.95781687365824,8.890296844640137,0.0,0.0,0.0,0.0,0.0,0.0,0.0
Simulation,340,0.0,0.0,0.0,0.0,0.0,0.0,62.570047628944934,77.31751427658713,79.7785718736315,78.28684836289179,99.48747832857046,103.54618182529482,68.7884193696322,56.98033690559638,56.49644661684615,52.04972937030221,16.138405777612004,0.0,0.0,0.0,0.0,0.0,0.0,0.0
Simulation,341,0.0,0.0,0.0,0.0,0.0,0.0,68.05991661281313,115.24125007605481,117.92661597360153,112.4000597979625,107.63535800163147,100.02781954048179,62.08903000764211,52.65284127337476,45.5945909156753,35.709010855184545,13.589568265031724,0.0,0.0,0.0,0.0,0.0,0.0,0.0
Simulation,342,0.0,0.0,0.0,0.0,0.0,0.0,72.93459240777486,102.18001308349083,112.25312182450753,107.99094691534269,110.46688536511046,107.998081884813,94.55292359604337,95.48102824971434,94.81602798097236,65.36362830654429,13.04309291613362,0.0,0.0,0.0,0.0,0.0,0.0,0.0
Simulation,343,0.0,0.0,0.0,0.0,0.0,0.0,35.3160919725701,57.912432867455834,62.261988277615636,38.024825504556986,70.1159502121716,90.42373458287682,87.1485642362787,86.20932159194595,79.1306989738145,51.25629542692191,20.52759821692806,0.0,0.0,0.0,0.0,0.0,0.0,0.0
Simulation,344,0.0,0.0,0.0,0.0,0.0,0.0,23.582083351590597,85.60315143370926,106.79183926513869,78.36864217522951,50.79728068612668,43.90908554091087,72.73789688575998,86.08097278337073,79.6947871856813,28.38694517309878,10.032208898978581,0.0,0.0,0.0,0.0,0.0,0.0,0.0
Simulation,345,0.0,0.0,0.0,0.0,0.0,0.0,38.14788890942335,96.09258224790298,112.39182486594696,97.91127678335963,106.42149360650056,108.13707728955866,69.04871691882677,52.563504017155026,40.9147063644518,40.91273410779543,19.299140886192177,0.0,0.0,0.0,0.0,0.0,0.0,0.0
Simulation,346,0.0,0.0,0.0,0.0,0.0,0.0,77.23268441127732,101.87814851142572,100.52744596288693,43.844975364919804,56.04440175352813,78.38606349443558,84.61415996243856,82.05178455124158,66.34573129966022,30.469092988934868,15.638184377065393,0.0,0.0,0.0,0.0,0.0,0.0,0.0
Simulation,347,0.0,0.0,0.0,0.0,0.0,0.0,49.8463238750946,102.46766711497204,113.10565847461639,78.52444557062229,77.29080836166796,68.2567951456106,32.22042057849209,18.96800679886333,14.491107478756874,15.265491525100309,14.76785697890476,0.0,0.0,0.0,0.0,0.0,0.0,0.0
Simulation,348,0.0,0.0,0.0,0.0,0.0,0.0,50.04971010422659,99.29435853985659,112.66875479215142,97.84421695956534,98.06754191223595,93.27924481001348,61.075648104128106,54.62366522899785,52.89954612567445,41.21367841848839,15.801837238458528,0.0,0.0,0.0,0.0,0.0,0.0,0.0
Simulation,349,0.0,0.0,0.0,0.0,0.0,0.0,47.19078044307082,117.68129790899526,118.5674681941488,90.70405824543872,74.87009675708381,79.89562221520376,108.97965062398748,113.62718435581803,112.66132810350422,76.99637090795046,20.697010816712307,0.0,0.0,0.0,0.0,0.0,0.0,0.0
Simulation,350,0.0,0.0,0.0,0.0,0.0,0.0,95.56026039850069,122.14225733414445,119.93813571309852,93.95645185500477,75.31152136318538,71.36908522974251,93.27943168460965,103.19604207406341,96.88961433798762,44.41268793498065,12.123954527815062,0.0,0.0,0.0,0.0,0.0,0.0,0.0
Simulation,351,0.0,0.0,0.0,0.0,0.0,0.0,47.181360391290156,65.14796651162276,82.46479183814985,80.65048629822883,99.29197665768218,101.6016130255365,63.53811193261001,42.33402727421907,24.09272644219749,14.875785651123255,10.084519986355362,0.0,0.0,0.0,0.0,0.0,0.0,0.0
Simulation,352,0.0,0.0,0.0,0.0,0.0,0.0,81.62006307715006,121.44391551148065,122.4028978613101,119.753319049492,115.50442594771357,113.91294975020884,113.96287845430217,111.65894503761899,111.07847197354594,87.61928110337135,19.380813472913673,0.0,0.0,0.0,0.0,0.0,0.0,0.0
Simulation,353,0.0,0.0,0.0,0.0,0.0,0.0,53.76419260212974,84.20707599450213,99.29630524891815,93.58424680242766,105.53320396926337,101.8956830676904,36.81044743760759,16.00844972560543,15.107094532549091,38.236425861784575,20.511435498965486,0.0,0.0,0.0,0.0,0.0,0.0,0.0
Simulation,354,0.0,0.0,0.0,0.0,0.0,0.0,81.64354481526247,114.53537788366103,116.66741239210191,120.50880275191366,124.77832975378375,125.53962707342717,122.66761710660141,120.85905845423049,114.86924776959029,67.87427452604206,26.152314023851318,0.0,0.0,0.0,0.0,0.0,0.0,0.0
Simulation,355,0.0,0.0,0.0,0.0,0.0,0.0,19.503775102616444,84.07515879050122,99.12352370078153,29.205311396920365,28.748004796022002,36.279530077393716,36.78834541918551,25.528521447969027,14.516883328746516,5.721225657918602,13.04656181260141,0.0,0.0,0.0,0.0,0.0,0.0,0.0
Simulation,356,0.0,0.0,0.0,0.0,0.0,0.0,23.45385657836583,66.54482354594673,80.84877573374713,47.60816130314255,56.32231722451121,76.6958278448215,85.48004494659187,92.03263464422339,87.08462467804958,46.40150644154858,14.503784944352887,0.0,0.0,0.0,0.0,0.0,0.0,0.0
Simulation,357,0.0,0.0,0.0,0.0,0.0,0.0,44.931030498778995,106.2799522704391,114.4838814655959,87.00569095122735,84.97480296601582,87.22704424096001,72.93979125677218,73.7072661531588,66.09343011121165,41.53529203967532,16.161706172946225,0.0,0.0,0.0,0.0,0.0,0.0,0.0
Simulation,358,0.0,0.0,0.0,0.0,0.0,0.0,70.66750597289504,106.1564414115506,113.34975638887212,92.48125956249461,101.79167193867099,104.67600477885323,74.82679403610196,58.898625534429776,48.17236403795624,43.65310342305495,20.601974491547782,0.0,0.0,0.0,0.0,0.0,0.0,0.0
Simulation,359,0.0,0.0,0.0,0.0,0.0,0.0,60.532554607850024,100.91956314171325,113.18586658599055,105.40951192434142,105.2265896099285,101.5342595113018,80.45919137404171,76.83958384260667,66.63728813288594,36.603148738431514,13.086805815479082,0.0,0.0,0.0,0.0,0.0,0.0,0.0
Simulation,360,0.0,0.0,0.0,0.0,0.0,0.0,7.948331680456526,56.65736044177648,100.17186798095125,105.16707426027662,112.5590027494042,114.42340815436417,89.13183709664615,80.51672429098369,63.2661766265684,20.623043117164276,12.29040519491711,0.0,0.0,0.0,0.0,0.0,0.0,0.0
Simulation,361,0.0,0.0,0.0,0.0,0.0,0.0,59.793114687713576,105.47550364420356,113.08180499337293,79.68831681420417,81.29896774270398,84.19376005668191,67.2185361606496,62.062063110048925,55.84779530905174,36.30501182811208,15.052602266706273,0.0,0.0,0.0,0.0,0.0,0.0,0.0
Simulation,362,0.0,0.0,0.0,0.0,0.0,0.0,32.720885557574576,112.80470013034402,119.48209310533748,114.36120628662941,118.5667432051393,121.70093955652983,107.43066198882066,80.56783239788226,45.03718754680678,17.605487032223635,19.513985453623825,0.0,0.0,0.0,0.0,0.0,0.0,0.0
Simulation,363,0.0,0.0,0.0,0.0,0.0,0.0,61.37304797517895,114.74606935514399,116.56154179210122,100.2620056032404,105.47690999109491,112.4693877074099,102.37638007692166,84.25218104916691,56.269593814202274,16.422998018182753,15.004935149956792,0.0,0.0,0.0,0.0,0.0,0.0,0.0
Simulation,364,0.0,0.0,0.0,0.0,0.0,0.0,26.680062380982534,90.5359372312955,114.10198673819367,118.32910905765024,118.4692717611251,117.60353334451199,114.5970489739967,109.34371502043467,98.19334266442728,37.67442477527282,10.591602804881354,0.0,0.0,0.0,0.0,0.0,0.0,0.0
Simulation,365,0.0,0.0,0.0,0.0,0.0,0.0,93.97811072728831,115.73772793341655,114.10195224522563,78.28186647804901,93.47795414297264,104.81368670673398,104.51082020969159,94.33483697730058,78.3675543521302,37.41824039629113,16.09298343228698,0.0,0.0,0.0,0.0,0.0,0.0,0.0
Simulation,366,0.0,0.0,0.0,0.0,0.0,0.0,19.567548382913238,106.16210631771409,119.04792562223105,118.09973462975802,111.00863126008915,103.94860300966792,85.22061920999904,88.68256354506832,78.34798082613742,31.3551823141145,14.906236022776127,0.0,0.0,0.0,0.0,0.0,0.0,0.0
Simulation,367,0.0,0.0,0.0,0.0,0.0,0.0,85.86624594172807,120.9459274157496,121.58012795355995,116.14681140119836,115.02959474235813,107.88204177204662,55.46349743579317,37.825541706553366,33.76254476829328,38.98307047062378,19.652428130720093,0.0,0.0,0.0,0.0,0.0,0.0,0.0
Simulation,368,0.0,0.0,0.0,0.0,0.0,0.0,33.836939428819775,101.45516735218531,116.78945677435456,120.53059031359277,115.50907155492753,102.19786577512718,69.25452716386494,73.60620865184246,73.16648553939852,46.43115264081524,10.055714217461858,0.0,0.0,0.0,0.0,0.0,0.0,0.0
Simulation,369,0.0,0.0,0.0,0.0,0.0,0.0,69.07312249478984,107.6377349552854,113.34716004304583,81.97193470197698,80.40046416035982,80.10484746056312,66.55314771518154,62.794145314423076,55.86087233990511,30.718437980921877,12.18911903900968,0.0,0.0,0.0,0.0,0.0,0.0,0.0
Simulation,370,0.0,0.0,0.0,0.0,0.0,0.0,5.070288154474525,98.37095174871831,116.83770359327691,105.15655680880762,96.61882817404772,98.19579528394782,102.68530988345665,103.43835626923116,80.02708931772392,14.706228821524679,13.431592707274085,0.0,0.0,0.0,0.0,0.0,0.0,0.0
Simulation,371,0.0,0.0,0.0,0.0,0.0,0.0,62.24528565132027,104.3703614800277,112.4891917506489,90.71661769967179,93.82292408194333,98.91069881142363,106.02460146758429,106.75295955458546,100.13790997048666,57.60290887114117,16.156576509612716,0.0,0.0,0.0,0.0,0.0,0.0,0.0
Simulation,372,0.0,0.0,0.0,0.0,0.0,0.0,19.490783442441092,46.73451915828406,88.04132591255348,102.20590675689525,102.35101114491535,90.38882769403764,46.99502073199852,48.30468032947553,62.05217737571958,68.43571582829122,15.411509610279007,0.0,0.0,0.0,0.0,0.0,0.0,0.0
Simulation,373,0.0,0.0,0.0,0.0,0.0,0.0,33.866379772601924,97.72717575075555,113.64139874671507,107.30269557275784,118.34837111156257,121.76794330010105,114.07555638371815,93.72041269147797,67.04482190646188,32.111644484822364,20.526889850638057,0.0,0.0,0.0,0.0,0.0,0.0,0.0
Simulation,374,0.0,0.0,0.0,0.0,0.0,0.0,12.620748104483631,76.64653370466979,101.44408251142525,49.97153729537964,15.811008964876962,13.993244872250955,7.579946087766089,9.116467533373097,8.28911630117679,1.8074800278763092,0.0,0.0,0.0,0.0,0.0,0.0,0.0,0.0
Simulation,375,0.0,0.0,0.0,0.0,0.0,0.0,72.9961568349714,122.54872943392813,123.58028586155388,122.3936777382804,122.47395236373386,121.93167750302895,118.29572972827532,115.13520984310702,112.50527344374373,74.19520998818037,20.502204079037334,0.0,0.0,0.0,0.0,0.0,0.0,0.0
Simulation,376,0.0,0.0,0.0,0.0,0.0,0.0,30.72276544922858,78.78545320851845,100.16381665765495,98.71730530132916,100.24497760222086,103.17143785257038,106.2399041617922,106.84894277212214,96.77007079111814,41.33496132619804,12.877329712226041,0.0,0.0,0.0,0.0,0.0,0.0,0.0
Simulation,377,0.0,0.0,0.0,0.0,0.0,0.0,44.96547326145941,98.30459911298273,112.79334682413106,104.9014987732808,112.47781515291996,114.49988845744177,94.30744310170456,87.28353783611041,82.98460138180707,70.0516069559529,22.43390929925509,0.0,0.0,0.0,0.0,0.0,0.0,0.0
Simulation,378,0.0,0.0,0.0,0.0,0.0,0.0,69.10099583268484,120.66158532759574,122.43463136212101,118.88800577708125,115.49403434392488,109.73852968625675,75.67897206331413,67.61618809992676,57.75764781166333,35.41715648771584,16.250798416449445,0.0,0.0,0.0,0.0,0.0,0.0,0.0
Simulation,379,0.0,0.0,0.0,0.0,0.0,0.0,106.73981520688761,120.39588574134888,121.24210180157172,122.07838218230415,121.69498888715108,117.9768148106405,89.56904106128768,86.11486411204689,90.37274991300683,91.62421301221077,23.312850477525384,0.0,0.0,0.0,0.0,0.0,0.0,0.0
Simulation,380,0.0,0.0,0.0,0.0,0.0,0.0,10.165155847960065,67.2052738224909,90.50926427965425,32.39955809466021,32.48583159205626,50.293734457549206,58.25422414861582,56.93288635121149,43.057741165668,20.65705391362539,16.02642075146288,0.0,0.0,0.0,0.0,0.0,0.0,0.0
Simulation,381,0.0,0.0,0.0,0.0,0.0,0.0,9.475472937171276,22.39585419498404,32.02217326903886,65.47350246374373,83.34387588626217,89.54997776968884,74.878552768091,84.19549493467849,91.29012275266477,70.79166756870835,17.082094949351,0.0,0.0,0.0,0.0,0.0,0.0,0.0
Simulation,382,0.0,0.0,0.0,0.0,0.0,0.0,52.04015948957345,67.27695004643667,80.59610386691556,82.12574884746252,94.40075466738428,93.99765826174362,60.07320873973335,46.75860139625489,37.05347126234149,19.597260422341648,12.074619961922801,0.0,0.0,0.0,0.0,0.0,0.0,0.0
Simulation,383,0.0,0.0,0.0,0.0,0.0,0.0,21.194607408066908,87.32206003205962,110.35347285760311,101.55183428947689,104.93868385162698,105.30564992347398,92.92184369808167,92.61157423897751,89.22108100864506,59.453579218483114,16.481721561902173,0.0,0.0,0.0,0.0,0.0,0.0,0.0
Simulation,384,0.0,0.0,0.0,0.0,0.0,0.0,18.30918308440174,82.15922946926506,107.97786954038396,82.89041660455551,68.60390203086986,63.43345208742582,65.50436680524294,69.06797552834936,56.84707555983314,17.741616380883478,10.376972053171098,0.0,0.0,0.0,0.0,0.0,0.0,0.0
Simulation,385,0.0,0.0,0.0,0.0,0.0,0.0,8.892948646253892,80.25564818797147,112.53140407992747,103.92128628200372,101.89223982497082,96.65154010984442,57.886154622054306,52.62353164513269,49.84882402683363,39.46275735258116,17.39155958191959,0.0,0.0,0.0,0.0,0.0,0.0,0.0
Simulation,386,0.0,0.0,0.0,0.0,0.0,0.0,79.87798688371485,112.0641144547225,114.19410671026237,93.37403767298963,93.67975816435751,93.21095786682159,79.2342821392751,74.89526250723712,60.11743142939183,19.717541660193763,7.040096869432642,0.0,0.0,0.0,0.0,0.0,0.0,0.0
Simulation,387,0.0,0.0,0.0,0.0,0.0,0.0,43.749571447935864,101.69356362223901,114.95802691764356,117.26109515770234,118.49842665701493,115.70460374903826,73.02023525425228,61.08437969734827,56.598844993362434,41.7140284830927,16.020379507439337,0.0,0.0,0.0,0.0,0.0,0.0,0.0
Simulation,388,0.0,0.0,0.0,0.0,0.0,0.0,6.2835551196142845,47.73913232047406,90.3546500168452,78.3199540794791,55.866077270712886,51.78355545575057,80.1106320988444,97.00595823512639,94.78757056459604,37.43928706358898,9.998032938602048,0.0,0.0,0.0,0.0,0.0,0.0,0.0
Simulation,389,0.0,0.0,0.0,0.0,0.0,0.0,10.51076722271678,24.64728739317485,39.20507531449725,43.87991649332631,62.07341454943364,65.9800290260361,33.2062249069597,22.694546535801678,20.228395422204322,16.21940213740786,12.124860023040238,0.0,0.0,0.0,0.0,0.0,0.0,0.0
Simulation,390,0.0,0.0,0.0,0.0,0.0,0.0,11.308882963287893,77.7787408025732,103.03550882547543,84.9770799529829,84.09152809634928,80.18724010423698,54.17524726842893,52.903516887321246,50.90384424640258,34.71169474496621,13.923993651423332,0.0,0.0,0.0,0.0,0.0,0.0,0.0
Simulation,391,0.0,0.0,0.0,0.0,0.0,0.0,6.86764673254936,37.737251527273585,79.46583548268003,47.11618004124668,48.088230443925966,50.32836684702243,40.88682511012139,39.394865128734565,31.749200262637913,14.42686666698054,12.099308030190137,0.0,0.0,0.0,0.0,0.0,0.0,0.0
Simulation,392,0.0,0.0,0.0,0.0,0.0,0.0,13.022337003942638,40.88180842612436,75.847945995164,52.60508732579991,51.4573203348295,44.04579048022602,23.5865785417948,19.096441101924675,16.757085771612317,17.203762893144305,13.43085468522039,0.0,0.0,0.0,0.0,0.0,0.0,0.0
Simulation,393,0.0,0.0,0.0,0.0,0.0,0.0,58.04167930822988,100.74278932340049,111.80469742995552,86.60489406136648,93.7088149639096,95.35079603764478,63.44130978702651,47.917970310705236,34.65340246440498,23.173386954453306,17.934823055261155,0.0,0.0,0.0,0.0,0.0,0.0,0.0
Simulation,394,0.0,0.0,0.0,0.0,0.0,0.0,37.65671101032155,101.46710336761222,113.66421932322136,93.51459958308644,87.2621317018286,81.65452492374433,59.3728705393991,59.635271403999326,59.3158159046312,39.993160494530144,13.375825037964477,0.0,0.0,0.0,0.0,0.0,0.0,0.0
Simulation,395,0.0,0.0,0.0,0.0,0.0,0.0,80.85845541972449,122.5662085220876,121.70535399218356,97.8756809266354,84.0853896412917,77.43837548919974,53.991440679933675,46.8043623367754,31.367377370946734,10.602811862688828,10.010370432053673,0.0,0.0,0.0,0.0,0.0,0.0,0.0
Simulation,396,0.0,0.0,0.0,0.0,0.0,0.0,84.46499207815526,115.34062422245249,115.19233527907649,94.87426930631199,101.37433666792182,110.94330888632828,114.18345256113379,105.39710101777726,88.84903656164579,50.01410435511825,20.60192808024977,0.0,0.0,0.0,0.0,0.0,0.0,0.0
Simulation,397,0.0,0.0,0.0,0.0,0.0,0.0,73.00159843887084,107.51761896012056,114.31796967840627,111.73525508957212,112.82349775709851,112.7838977046305,107.45862288072412,106.77274055775743,101.36349865480534,52.154062290142384,9.753287657102582,0.0,0.0,0.0,0.0,0.0,0.0,0.0
Simulation,398,0.0,0.0,0.0,0.0,0.0,0.0,71.60209535337968,112.91285277580894,115.90375264959262,105.63182053034272,105.41098303130545,104.32339060077774,90.3770418839024,88.17251421891791,83.17643380523984,60.46298503663087,19.36660946686419,0.0,0.0,0.0,0.0,0.0,0.0,0.0
Simulation,399,0.0,0.0,0.0,0.0,0.0,0.0,32.770699888413596,68.00614919538832,80.54953421257643,28.521783935263713,29.431584187479658,30.85214056856489,28.542198498334336,21.47154795989625,16.761868431130473,17.59749032408706,12.08959753397626,0.0,0.0,0.0,0.0,0.0,0.0,0.0
Simulation,400,0.0,0.0,0.0,0.0,0.0,0.0,71.95341246004172,118.62565443044659,116.98500377178112,98.34808363056852,114.69478918885997,121.6824983805244,114.67134725174286,97.47620432738975,78.68507354857857,53.20091544156482,27.8664068616551,0.0,0.0,0.0,0.0,0.0,0.0,0.0
Simulation,401,0.0,0.0,0.0,0.0,0.0,0.0,45.032446037796944,94.06794144932849,107.95548204715664,85.05945414825212,93.97801333777667,92.97524349471912,41.536651762741045,21.715043871087808,14.388548396100042,12.98381265813348,13.86613298450894,0.0,0.0,0.0,0.0,0.0,0.0,0.0
Simulation,402,0.0,0.0,0.0,0.0,0.0,0.0,54.222504820433656,114.72375792974675,117.89413277459492,108.62027780158726,117.55683628725,120.11450202471488,85.39498781355628,56.69364631756506,29.322246302116636,20.510107646212777,18.302665810691256,0.0,0.0,0.0,0.0,0.0,0.0,0.0
Simulation,403,0.0,0.0,0.0,0.0,0.0,0.0,25.709069449577804,67.30337579304059,94.7030381495535,95.81589073696932,98.2587576554599,90.1655027139085,43.03012605904641,31.24996892048575,27.047152351763806,18.328719624256216,12.26190042934087,0.0,0.0,0.0,0.0,0.0,0.0,0.0
Simulation,404,0.0,0.0,0.0,0.0,0.0,0.0,50.190117118544,97.58092673394982,108.79040117788108,78.29146410406294,74.0684488748068,62.78425455751243,42.96574084503707,38.31338177201049,38.65291192323771,37.16793798112908,15.060267477531985,0.0,0.0,0.0,0.0,0.0,0.0,0.0
Simulation,405,0.0,0.0,0.0,0.0,0.0,0.0,71.5115544042659,118.21553955975332,118.04500016642,110.55823564601306,105.86639349986929,106.90643090511864,116.8295300624215,116.99117344942664,119.13097021892993,113.66390630739858,23.6469567049769,0.0,0.0,0.0,0.0,0.0,0.0,0.0
Simulation,406,0.0,0.0,0.0,0.0,0.0,0.0,28.877349595406535,94.51374829080598,112.76575158202483,99.27087980556028,100.86012628641522,104.6870357462219,105.62119640894447,105.47840340846625,100.25203967445566,70.09034752081052,20.50670015557575,0.0,0.0,0.0,0.0,0.0,0.0,0.0
Simulation,407,0.0,0.0,0.0,0.0,0.0,0.0,37.589205637726366,61.663564078328655,74.01113276702307,41.22665304243248,28.21347648822153,21.240572575585517,24.42049217875924,37.79048181934873,43.86700144571869,30.84852420008818,9.52905123617328,0.0,0.0,0.0,0.0,0.0,0.0,0.0
Simulation,408,0.0,0.0,0.0,0.0,0.0,0.0,38.89193666628172,94.37378637160094,112.2839261600989,99.21412566057438,103.89587251913986,103.88184952629557,80.20808434346961,71.14721708407917,60.07290428018968,42.683531318268166,17.3197836136839,0.0,0.0,0.0,0.0,0.0,0.0,0.0
Simulation,409,0.0,0.0,0.0,0.0,0.0,0.0,50.7206975207407,102.68644258021936,113.99485319355702,106.93240319285393,111.07332992798885,113.93549404182664,110.75271763286051,106.89740169483181,100.20849894276753,58.72233673550733,13.672065237249392,0.0,0.0,0.0,0.0,0.0,0.0,0.0
Simulation,410,0.0,0.0,0.0,0.0,0.0,0.0,43.96765228190411,105.54772935406399,114.93989026701354,90.79888848549795,78.77091991004401,76.55206713300987,73.41946340857983,78.64968327916644,78.52617004054116,70.68311397877761,27.880826355802522,0.0,0.0,0.0,0.0,0.0,0.0,0.0
Simulation,411,0.0,0.0,0.0,0.0,0.0,0.0,38.96983164652475,95.3831027226871,113.0131155867161,97.44242606972006,87.61149854428159,74.3972188992342,41.22513142333656,31.60556818242936,22.03767238200011,7.519662004130623,7.359387637923287,0.0,0.0,0.0,0.0,0.0,0.0,0.0
Simulation,412,0.0,0.0,0.0,0.0,0.0,0.0,114.67224494312276,124.30641486758334,123.78059595837507,124.77092108784043,125.15010262352146,124.34117581378793,113.07769417052728,102.26503072415099,101.5338021776573,90.1411836457932,19.327667093596126,0.0,0.0,0.0,0.0,0.0,0.0,0.0
Simulation,413,0.0,0.0,0.0,0.0,0.0,0.0,47.780666493092085,124.01360955107043,125.30225901212985,123.65575667253408,122.45650409788861,122.03200368970846,117.62758859259054,108.48590827295118,81.56680307508468,18.73817050532698,15.656476328564018,0.0,0.0,0.0,0.0,0.0,0.0,0.0
Simulation,414,0.0,0.0,0.0,0.0,0.0,0.0,29.593826234257204,104.33759580047003,116.3280460319536,111.44521326012543,105.46808916526683,98.16300926377669,55.63626945309508,45.99546441984306,35.24396110930097,17.078567804236567,13.917879575140084,0.0,0.0,0.0,0.0,0.0,0.0,0.0
Simulation,415,0.0,0.0,0.0,0.0,0.0,0.0,12.58380808173137,71.29181322313995,111.59435543531512,112.50852736749799,109.05477000322409,97.99647405279548,43.38573454013684,26.670655862682366,16.698793177086266,11.220806396211803,8.522703538845008,0.0,0.0,0.0,0.0,0.0,0.0,0.0
Simulation,416,0.0,0.0,0.0,0.0,0.0,0.0,38.00852861652128,99.2674250022334,113.67933876026868,92.91798198827044,83.50991257130491,71.53879575254471,38.076118925856974,29.805214860862428,21.84070437248485,16.406448960826044,13.171080392194085,0.0,0.0,0.0,0.0,0.0,0.0,0.0
Simulation,417,0.0,0.0,0.0,0.0,0.0,0.0,37.647106632784165,116.79679385905578,122.13582399177085,121.7154063602755,121.69607487919001,118.1692653249514,68.90069467515038,57.467183660418044,58.15587700436132,69.69590367410714,26.551601494941416,0.0,0.0,0.0,0.0,0.0,0.0,0.0
Simulation,418,0.0,0.0,0.0,0.0,0.0,0.0,55.234609807046965,105.23063904687004,114.07745738466927,99.0972822467063,95.33245321168782,93.18809820007769,83.22943618405891,86.44316685299802,79.0651782754544,33.52119988345033,12.371944815667334,0.0,0.0,0.0,0.0,0.0,0.0,0.0
Simulation,419,0.0,0.0,0.0,0.0,0.0,0.0,52.78355608077018,89.63447070376105,104.59837759332225,89.2974586228441,100.25098832202119,101.29603022186281,62.36808128244697,36.00134754739699,16.68177801673245,13.683320587386149,14.803411117954361,0.0,0.0,0.0,0.0,0.0,0.0,0.0
Simulation,420,0.0,0.0,0.0,0.0,0.0,0.0,87.92684890263106,124.44003879595549,123.73911209692314,111.9355650213529,106.96743369902772,112.42720235004084,113.62549265769995,102.34305597648668,76.52468111655098,26.6698710250366,18.058260299969895,0.0,0.0,0.0,0.0,0.0,0.0,0.0
Simulation,421,0.0,0.0,0.0,0.0,0.0,0.0,89.13314864615663,124.92891014640267,125.33829818685666,124.7714741905103,124.21228050561298,121.96159068855619,115.48915982717259,107.06468360239975,89.31456313296077,40.10252035301633,14.89560884709903,0.0,0.0,0.0,0.0,0.0,0.0,0.0
Simulation,422,0.0,0.0,0.0,0.0,0.0,0.0,21.691903669468033,71.3205747878278,101.66704379013038,100.6643549280956,106.1209366803727,105.10377670554462,69.26012363224785,55.72365214752071,42.05436759947138,28.726415368967352,16.14632614503535,0.0,0.0,0.0,0.0,0.0,0.0,0.0
Simulation,423,0.0,0.0,0.0,0.0,0.0,0.0,35.18429806286231,112.96636401413508,117.93947803124401,106.12526476070327,107.66844516103295,111.6748435387738,87.0581614744372,81.3640973888955,67.10955878178387,41.509898810329034,23.339664362526356,0.0,0.0,0.0,0.0,0.0,0.0,0.0
Simulation,424,0.0,0.0,0.0,0.0,0.0,0.0,39.54727348308834,82.3614065702746,92.7449869374022,69.10224855371918,80.05686306983907,87.10698191914494,73.07728481961666,68.18842378165229,58.52145841902439,30.784809574471463,13.213233390100376,0.0,0.0,0.0,0.0,0.0,0.0,0.0
Simulation,425,0.0,0.0,0.0,0.0,0.0,0.0,90.83324256648257,122.0910240560609,121.51176060728241,112.18074009369867,115.12265213559998,116.5337986711658,89.16593824171116,74.83110339324351,59.35336996193035,46.57691308613302,22.66329594021559,0.0,0.0,0.0,0.0,0.0,0.0,0.0
Simulation,426,0.0,0.0,0.0,0.0,0.0,0.0,19.98664370797894,77.41726688327903,110.96269060512934,117.17028876821061,113.45852665549054,103.53013348229665,81.61071144917068,86.09680850971093,84.83359373426636,44.79289504387963,10.622101868584028,0.0,0.0,0.0,0.0,0.0,0.0,0.0
Simulation,427,0.0,0.0,0.0,0.0,0.0,0.0,59.21564287104518,102.68235525530753,111.39105065409811,55.481151077712006,29.011345295006038,21.805716437463218,12.338641802956154,13.532564420985047,9.64327416949817,3.2985604998161264,4.167930178076119,0.0,0.0,0.0,0.0,0.0,0.0,0.0
Simulation,428,0.0,0.0,0.0,0.0,0.0,0.0,33.90547349533668,70.94083763148572,100.67958506913924,112.17394206096012,106.53418779119275,98.96477566904883,88.8743610348458,96.61405869188445,96.06698607316122,51.38702361373393,11.82309909748349,0.0,0.0,0.0,0.0,0.0,0.0,0.0
Simulation,429,0.0,0.0,0.0,0.0,0.0,0.0,42.17415061715598,80.76141731594804,98.84366247138335,86.85319867496095,85.648059408129,70.36614504757286,23.52409746914141,18.868963227833326,22.412415733682757,25.51135753280149,10.759473554255553,0.0,0.0,0.0,0.0,0.0,0.0,0.0
Simulation,430,0.0,0.0,0.0,0.0,0.0,0.0,8.00064100128347,48.58835870460988,98.81527209223411,98.93599755745095,94.43043481267713,78.99357165540857,39.21184226873529,35.85535712149828,39.49684850226764,46.862264254351665,19.63738419890921,0.0,0.0,0.0,0.0,0.0,0.0,0.0
Simulation,431,0.0,0.0,0.0,0.0,0.0,0.0,20.34470844588559,47.72273071138008,80.22491605631897,58.36027658512646,30.18863212252441,20.2964792281945,18.294587408962144,23.819421380401863,28.04092260615417,15.343538639320666,9.296285859720117,0.0,0.0,0.0,0.0,0.0,0.0,0.0
Simulation,432,0.0,0.0,0.0,0.0,0.0,0.0,19.495311359257293,43.224766211363686,62.30123976366253,46.668486390106224,54.89086352656289,64.63152694300955,62.557801601153706,64.42729979051323,62.80900147552464,40.13208481970222,15.026638855349686,0.0,0.0,0.0,0.0,0.0,0.0,0.0
Simulation,433,0.0,0.0,0.0,0.0,0.0,0.0,49.0595611000553,96.80847611758529,108.5969474846633,95.51906691524832,111.9447035019075,120.13035056393838,118.03105677740623,106.84152019989605,73.86402173946828,18.717619563396617,14.488641683644016,0.0,0.0,0.0,0.0,0.0,0.0,0.0
Simulation,434,0.0,0.0,0.0,0.0,0.0,0.0,38.83569955883081,80.14033925944435,91.40902350151879,66.87816116438712,41.3737183363669,38.3314194636916,83.37065717639588,101.90376496220901,100.49117223108213,40.03131669036688,8.365152306498658,0.0,0.0,0.0,0.0,0.0,0.0,0.0
Simulation,435,0.0,0.0,0.0,0.0,0.0,0.0,100.83319293200216,102.16480894935661,111.75148353524754,113.13966328498108,119.98892579755898,118.61878374488884,67.32028826649932,37.81067348512765,27.059762784322835,37.01955142342194,15.46527348784278,0.0,0.0,0.0,0.0,0.0,0.0,0.0
Simulation,436,0.0,0.0,0.0,0.0,0.0,0.0,10.8203128953595,53.06675077788521,87.31032765245449,67.66858796569575,80.36626040171764,77.93752581781105,22.97487923757067,11.751349881208021,9.4908534524861,13.124518551196392,12.115144581995848,0.0,0.0,0.0,0.0,0.0,0.0,0.0
Simulation,437,0.0,0.0,0.0,0.0,0.0,0.0,75.27366942337699,120.65333470572247,122.98184097478129,124.30436507362839,122.60697559325274,121.73046684282076,119.5403939910699,116.84648298690682,113.11260732350374,61.94431860162062,18.71367388258669,0.0,0.0,0.0,0.0,0.0,0.0,0.0
Simulation,438,0.0,0.0,0.0,0.0,0.0,0.0,6.873041067863554,87.58730583117615,114.46422682621312,99.8860269916109,71.19421928646142,46.62191940167399,57.23722822898458,75.87616787904096,79.1138184666959,40.815140358015405,13.509992601111026,0.0,0.0,0.0,0.0,0.0,0.0,0.0
Simulation,439,0.0,0.0,0.0,0.0,0.0,0.0,55.74890803160924,105.36325950834234,114.33006169784886,101.49942134334542,90.80811206157007,81.8284670478396,82.98616237176931,95.48829826034401,96.29255786682992,58.42137224771067,13.389225855498657,0.0,0.0,0.0,0.0,0.0,0.0,0.0
Simulation,440,0.0,0.0,0.0,0.0,0.0,0.0,47.633570826762124,97.58152107127958,114.10208452198013,116.80034131970626,120.53647232036869,118.98865270326404,74.83492348757763,49.828837945151456,31.6953528547687,18.51191400830311,13.41893569253403,0.0,0.0,0.0,0.0,0.0,0.0,0.0
Simulation,441,0.0,0.0,0.0,0.0,0.0,0.0,38.89733580697108,76.67059265063763,89.70058111408815,79.86127256168129,81.08256654930047,84.11279623014526,86.09007820062405,97.91855960274978,103.72140207088464,92.6837715773368,19.35041187208753,0.0,0.0,0.0,0.0,0.0,0.0,0.0
Simulation,442,0.0,0.0,0.0,0.0,0.0,0.0,42.75543923629712,106.96191841205685,115.20939081550596,98.72106479924099,90.86551038805769,88.0174791300982,77.43884283701439,78.14316919495887,62.588855503173505,18.2916493696741,9.877011858909292,0.0,0.0,0.0,0.0,0.0,0.0,0.0
Simulation,443,0.0,0.0,0.0,0.0,0.0,0.0,63.737405283000584,104.70953382494292,107.25829897190752,29.247805179899345,28.18428258058708,32.05750647362079,48.63719096318428,47.06161551916395,40.41662709399524,36.600458496152584,19.410268974044843,0.0,0.0,0.0,0.0,0.0,0.0,0.0
Simulation,444,0.0,0.0,0.0,0.0,0.0,0.0,25.106969763783663,75.28945869037085,87.67752769645146,30.378709351777587,37.34532812011525,60.23973684236462,67.45067763325832,66.37075516984065,58.92100683076178,40.63624167804884,18.028022389631765,0.0,0.0,0.0,0.0,0.0,0.0,0.0
Simulation,445,0.0,0.0,0.0,0.0,0.0,0.0,6.9361619455767425,32.68581380821601,62.959017386786975,18.725489248770444,18.529424386871142,25.137746433546624,27.220710821827993,22.514056324825354,15.97459172711951,14.666137557137905,17.786020314419105,0.0,0.0,0.0,0.0,0.0,0.0,0.0
Simulation,446,0.0,0.0,0.0,0.0,0.0,0.0,54.32972312775913,106.21743179336131,114.83901259431806,95.35086489650979,81.1899438583917,66.35274311735203,46.07617634014184,47.04050202768583,43.82163489857281,34.217039616696134,12.826192357336252,0.0,0.0,0.0,0.0,0.0,0.0,0.0
Simulation,447,0.0,0.0,0.0,0.0,0.0,0.0,26.820014205088874,115.28157641908214,121.39448729245332,110.43194298928744,99.57345550227743,94.30497870995366,71.67106314579515,66.93664066518258,45.82418720313311,13.576695121613444,14.7571375746747,0.0,0.0,0.0,0.0,0.0,0.0,0.0
Simulation,448,0.0,0.0,0.0,0.0,0.0,0.0,91.69598296135754,106.15566899371308,114.0334001491056,110.63909855919334,112.75080311320785,109.64542649958473,83.47059338396363,74.78597273854437,66.34889033568345,47.76851620853809,16.14295373608631,0.0,0.0,0.0,0.0,0.0,0.0,0.0
Simulation,449,0.0,0.0,0.0,0.0,0.0,0.0,51.327691903828885,96.35441624935012,104.44682421569829,82.89234105398944,93.92942267094809,99.528263315382,82.39662498375834,76.6122394810778,61.77610638713355,24.582138003366104,12.171550723108561,0.0,0.0,0.0,0.0,0.0,0.0,0.0
Simulation,450,0.0,0.0,0.0,0.0,0.0,0.0,36.355125543106865,102.70806364191749,114.87743728590486,94.02658480548972,90.39482177515912,84.11850229547122,46.14391319195707,31.889911675610087,21.075477342756876,14.578206699118272,15.25782623612771,0.0,0.0,0.0,0.0,0.0,0.0,0.0
Simulation,451,0.0,0.0,0.0,0.0,0.0,0.0,14.92678411091601,87.18396486142912,112.25845350299826,92.29083430973827,99.18418143522534,105.39871706480913,93.25916787238017,80.32168221938353,55.81420369301304,18.535620224147003,19.26743299861572,0.0,0.0,0.0,0.0,0.0,0.0,0.0
Simulation,452,0.0,0.0,0.0,0.0,0.0,0.0,23.762388751508265,97.39759965882547,113.57559652078078,82.90423060265579,68.0066306024064,60.71452120710642,60.101477153872295,58.17568542071666,43.99735709819294,19.64152023598427,12.907136325290521,0.0,0.0,0.0,0.0,0.0,0.0,0.0
Simulation,453,0.0,0.0,0.0,0.0,0.0,0.0,49.64910105694844,97.66957261175338,105.74276367984876,83.71599118526727,97.25899393445773,106.98693153459203,115.53450272590828,112.72266047941758,107.63131857833099,73.80275276355624,20.85599854368918,0.0,0.0,0.0,0.0,0.0,0.0,0.0
Simulation,454,0.0,0.0,0.0,0.0,0.0,0.0,29.392291686474437,110.58164862861189,119.42844105701309,117.40961115631693,106.99945584989702,101.09774409105508,102.37751490899691,106.64047715755316,94.74428874982286,32.42471808227448,9.19694468737691,0.0,0.0,0.0,0.0,0.0,0.0,0.0
Simulation,455,0.0,0.0,0.0,0.0,0.0,0.0,60.20540633112003,113.77369650668388,117.00558956562313,113.10044781058428,114.53715975774595,114.02849817553782,88.92059096605227,80.53800255662958,67.0203950630444,38.964149681038464,16.042992780919814,0.0,0.0,0.0,0.0,0.0,0.0,0.0
Simulation,456,0.0,0.0,0.0,0.0,0.0,0.0,48.36319398859869,107.51334929464,115.25926868420073,90.80210872640586,66.0295460130173,50.40708442769487,65.966760961172,74.18382071444556,64.8495507187398,24.284199905660586,7.203059461908119,0.0,0.0,0.0,0.0,0.0,0.0,0.0
Simulation,457,0.0,0.0,0.0,0.0,0.0,0.0,22.23333149075385,70.6740175729454,91.96937708209234,59.60156547421056,54.850301910767286,50.72983695680859,44.2174835477601,40.14666849763889,32.10090795989047,18.123943681490058,12.437118653541798,0.0,0.0,0.0,0.0,0.0,0.0,0.0
Simulation,458,0.0,0.0,0.0,0.0,0.0,0.0,46.4879634121897,101.46955579595877,113.03106760351422,82.75916836012482,90.63626692497041,92.99481765554515,55.29025131660501,39.548490718036135,33.450062074183286,38.0756628922426,22.546483312327343,0.0,0.0,0.0,0.0,0.0,0.0,0.0
Simulation,459,0.0,0.0,0.0,0.0,0.0,0.0,32.34902069294314,100.87391726911407,113.43018025163029,82.66831176313198,93.70041041560673,105.2347379526144,109.55999206159487,98.18004928536786,69.80446167066088,20.7805970051093,18.27114697843418,0.0,0.0,0.0,0.0,0.0,0.0,0.0
Simulation,460,0.0,0.0,0.0,0.0,0.0,0.0,65.53150529229795,118.6860172346181,119.3573428291382,98.8412143906781,106.79189772107918,112.38915188930382,66.94546992891546,35.34201449044653,11.96316939353649,5.468384443388697,14.877117391696643,0.0,0.0,0.0,0.0,0.0,0.0,0.0
Simulation,461,0.0,0.0,0.0,0.0,0.0,0.0,10.76643923387163,62.210903577948,105.36231544917466,102.20316319458722,89.71004041806488,71.41132504818464,60.55150562810171,68.22233893636636,68.77873281160542,47.24757910524158,15.179975713415187,0.0,0.0,0.0,0.0,0.0,0.0,0.0
Simulation,462,0.0,0.0,0.0,0.0,0.0,0.0,64.91487131456691,112.86363673204758,115.08685539697176,104.6274922668489,105.44490196095914,106.24234254992625,104.30757160597383,106.71116546300996,104.322585067033,83.37239903412318,17.850616966323823,0.0,0.0,0.0,0.0,0.0,0.0,0.0
Simulation,463,0.0,0.0,0.0,0.0,0.0,0.0,16.852593795640534,76.32892247821854,90.95816430995363,21.34490204527374,16.24885772316712,16.655888851522363,10.926524092250169,12.910739198959917,14.397748506073249,24.012762324896507,20.656186886082807,0.0,0.0,0.0,0.0,0.0,0.0,0.0
Simulation,464,0.0,0.0,0.0,0.0,0.0,0.0,40.14996495967246,94.33938228463657,113.06214006625922,112.9330429725624,117.30658911105829,118.48890886487051,115.0456028113442,108.13234257076759,101.58159553629206,75.91429817646048,20.801657880860574,0.0,0.0,0.0,0.0,0.0,0.0,0.0
Simulation,465,0.0,0.0,0.0,0.0,0.0,0.0,52.22215079941692,110.99594840947749,112.77666598500898,21.61799966952708,17.108103443843902,29.271596255042198,62.85625539478984,60.03850561826118,35.8694920297192,4.676522462689832,9.27422344174086,0.0,0.0,0.0,0.0,0.0,0.0,0.0
Simulation,466,0.0,0.0,0.0,0.0,0.0,0.0,53.873423755083294,104.02493449102505,113.46392133831507,105.11691514353777,113.87545944334981,114.97227622125773,89.23901865136352,84.75106054091964,79.88962288810868,61.6266985061101,19.974850424039023,0.0,0.0,0.0,0.0,0.0,0.0,0.0
Simulation,467,0.0,0.0,0.0,0.0,0.0,0.0,90.31337292483798,115.16724908931347,115.27413998453686,102.2059311133527,99.7009199106077,97.46198582536402,84.43658322124864,86.06765778931562,81.82816622637907,51.23994605466645,15.678196968729488,0.0,0.0,0.0,0.0,0.0,0.0,0.0
Simulation,468,0.0,0.0,0.0,0.0,0.0,0.0,47.64967732071021,115.62362103733884,119.42403416200005,109.87311547446264,99.55019622317846,94.72218072833596,87.65167099202144,98.76975431533162,103.23439507939601,100.31943387024882,27.127879281921416,0.0,0.0,0.0,0.0,0.0,0.0,0.0
Simulation,469,0.0,0.0,0.0,0.0,0.0,0.0,22.58517059502688,47.704344929930414,64.97217617226299,31.24230623744876,23.97220171294137,23.583625387281018,45.839274596477814,54.384851357645935,53.107193903234304,26.208914545623365,13.142799886827941,0.0,0.0,0.0,0.0,0.0,0.0,0.0
Simulation,470,0.0,0.0,0.0,0.0,0.0,0.0,47.213996701657344,104.4196414272756,114.95248770466871,98.74104370073184,88.75174976988181,72.58895122839941,35.994006646690764,24.42186180531351,23.851445731394634,30.585197262647704,15.083779562869704,0.0,0.0,0.0,0.0,0.0,0.0,0.0
Simulation,471,0.0,0.0,0.0,0.0,0.0,0.0,63.79169800500706,83.73546615527019,91.97444657413509,90.69585147126465,98.90596217662441,99.2218639441095,81.0300005807909,72.4866770802647,56.86683647041431,19.4088798100503,8.266951907254374,0.0,0.0,0.0,0.0,0.0,0.0,0.0
Simulation,472,0.0,0.0,0.0,0.0,0.0,0.0,27.020828535995317,83.38038166401611,104.3658795078421,79.68991116399881,88.4646622892451,84.0481686292396,34.10374186322116,18.664688494657042,16.825094396285856,37.70300295410272,18.68199130505149,0.0,0.0,0.0,0.0,0.0,0.0,0.0
Simulation,473,0.0,0.0,0.0,0.0,0.0,0.0,10.35276558927157,77.66431306661491,108.47468582834819,100.25575623732857,102.94281905755126,106.44375595293035,100.27689936687155,96.8183050741047,82.95633059533989,37.12220136551864,19.401211492811477,0.0,0.0,0.0,0.0,0.0,0.0,0.0
Simulation,474,0.0,0.0,0.0,0.0,0.0,0.0,32.89309009090751,103.54878967703416,114.88523212760829,100.51647804739136,107.07265958607636,110.64481124594523,70.5504442729461,53.0862843081638,38.123242011367395,29.262250474026587,19.304167133739718,0.0,0.0,0.0,0.0,0.0,0.0,0.0
Simulation,475,0.0,0.0,0.0,0.0,0.0,0.0,63.558501356750185,102.68586570005276,109.88272485105465,82.903423696157,100.75062933073296,111.20298879588157,93.67037824356419,79.44699265265116,59.72931341769971,32.635170226335056,15.077583682013813,0.0,0.0,0.0,0.0,0.0,0.0,0.0
Simulation,476,0.0,0.0,0.0,0.0,0.0,0.0,62.82775195454962,113.65079380746936,115.01673462014817,97.18200412128616,114.67311027602975,121.16117401231716,107.63272834409892,82.49618331659877,50.95128885055607,19.50391807642752,18.420480367570484,0.0,0.0,0.0,0.0,0.0,0.0,0.0
Simulation,477,0.0,0.0,0.0,0.0,0.0,0.0,77.23308913310989,110.49848142283086,115.02062637308984,116.58754301803656,119.37613641410431,118.60818151540589,89.49651885833167,80.48252647075502,78.69500974389231,67.88477366715972,16.861127855397093,0.0,0.0,0.0,0.0,0.0,0.0,0.0
Simulation,478,0.0,0.0,0.0,0.0,0.0,0.0,29.807655922781827,68.72719904534078,87.57611616062978,77.8455814724735,90.92775993554899,96.63949787101593,71.74398068089032,65.48904005681077,58.60610660153037,37.404243652378256,14.867766703691641,0.0,0.0,0.0,0.0,0.0,0.0,0.0
Simulation,479,0.0,0.0,0.0,0.0,0.0,0.0,44.91671551915859,121.18262890600323,124.40052612065583,123.82722672232347,123.3078024323369,121.86161404253767,96.49033088220871,77.46948920088353,46.205340540029326,11.407761142361885,9.76544525527175,0.0,0.0,0.0,0.0,0.0,0.0,0.0
Simulation,480,0.0,0.0,0.0,0.0,0.0,0.0,79.34704135490686,106.02382255750899,113.47499249336572,98.0509385886815,92.12232336685618,78.39567332641225,46.17538563908781,40.405542888152105,38.05638317779657,28.200025121144982,10.04728715095861,0.0,0.0,0.0,0.0,0.0,0.0,0.0
Simulation,481,0.0,0.0,0.0,0.0,0.0,0.0,7.951916546531436,88.20154649110164,114.17196613552458,107.35242794988874,106.93703514324976,110.2027121408013,106.83326547387617,108.04216612716226,104.36524516761898,86.67566815995227,28.204243885603532,0.0,0.0,0.0,0.0,0.0,0.0,0.0
Simulation,482,0.0,0.0,0.0,0.0,0.0,0.0,26.948222503431083,106.01406009591528,114.8132350522211,65.25925832481028,44.863581085764665,55.39435923829659,82.34700475793586,91.0752300835331,77.33263734039814,28.385919838101394,15.46010142604022,0.0,0.0,0.0,0.0,0.0,0.0,0.0
Simulation,483,0.0,0.0,0.0,0.0,0.0,0.0,44.78910119712637,105.199079186222,114.88728327645443,101.81732567505932,96.10955129671673,84.80341385133642,56.33629522658596,54.25943922139744,54.20464518034414,36.71889569251834,12.973365011736362,0.0,0.0,0.0,0.0,0.0,0.0,0.0
Simulation,484,0.0,0.0,0.0,0.0,0.0,0.0,7.99432466245522,17.82967323674184,28.116010577794825,31.78135423033656,61.46717672200798,76.14370497384489,58.61355775282013,54.395139161933145,56.496620475408065,50.63379084943681,17.744160859192796,0.0,0.0,0.0,0.0,0.0,0.0,0.0
Simulation,485,0.0,0.0,0.0,0.0,0.0,0.0,53.99944209926603,106.14050469795204,115.10873264832581,105.11240629200742,93.9795512746174,81.63716823075352,79.91663391627539,87.79688928589077,89.12622335968067,57.825303610755086,12.532430374347609,0.0,0.0,0.0,0.0,0.0,0.0,0.0
Simulation,486,0.0,0.0,0.0,0.0,0.0,0.0,14.398848901942962,82.93765496287186,112.46967155079835,97.74407890269644,90.23553230966733,79.32558814036867,48.13555625314187,43.202196001883074,34.52194682607029,18.57800171980423,13.715502248290582,0.0,0.0,0.0,0.0,0.0,0.0,0.0
Simulation,487,0.0,0.0,0.0,0.0,0.0,0.0,39.57230675594694,90.30920345137463,99.3414396574892,53.27984924904678,65.81889507712103,84.12708341149184,85.27512713929842,79.91730013598657,56.514132820479745,12.628809297425018,10.47815416567208,0.0,0.0,0.0,0.0,0.0,0.0,0.0
Simulation,488,0.0,0.0,0.0,0.0,0.0,0.0,26.972685864760887,104.00216677981054,117.28842996630965,120.55305540217819,122.48164404852416,121.86618363003709,96.18559095158503,84.07231981786443,78.69394739087035,76.70008939239,26.307919639013868,0.0,0.0,0.0,0.0,0.0,0.0,0.0
Simulation,489,0.0,0.0,0.0,0.0,0.0,0.0,35.62371527489501,97.66954264284337,112.7642792857092,81.00129516503557,80.88687411062897,78.54473806224355,42.88802997653899,27.88759182594587,15.920540187812101,11.90409364431007,13.751225731839762,0.0,0.0,0.0,0.0,0.0,0.0,0.0
Simulation,490,0.0,0.0,0.0,0.0,0.0,0.0,95.21543140613662,107.06554452038407,112.34531231738642,102.19628900946309,106.68215375556375,107.54004560817594,93.24624613183309,86.29283361077827,77.23672518668896,38.92333051476425,12.93826135112951,0.0,0.0,0.0,0.0,0.0,0.0,0.0
Simulation,491,0.0,0.0,0.0,0.0,0.0,0.0,41.112597458360696,77.65872080604717,79.74069966334933,22.816904880677157,17.368836349718592,20.87225731845689,42.51806910018296,50.16164254639548,43.73939307300414,18.118174429661444,9.239249101260892,0.0,0.0,0.0,0.0,0.0,0.0,0.0
Simulation,492,0.0,0.0,0.0,0.0,0.0,0.0,38.59893279952366,97.45707775829224,114.62885421103306,118.1130159230673,115.73526205429715,111.95852399960195,96.1328158884991,91.70238759191116,80.02832358034635,30.715132406918034,8.27285985333286,0.0,0.0,0.0,0.0,0.0,0.0,0.0
Simulation,493,0.0,0.0,0.0,0.0,0.0,0.0,35.338726860626856,92.20677541227552,113.33076374290451,114.64738280082567,115.74616251631869,114.04582376571835,79.06065222028747,70.41963772802158,63.17172337935954,42.612116998951024,15.01876899685037,0.0,0.0,0.0,0.0,0.0,0.0,0.0
Simulation,494,0.0,0.0,0.0,0.0,0.0,0.0,14.133071033683812,16.450206758521958,14.206154032935572,30.544640298202154,76.47823715794243,90.02720260592272,62.083548151898235,47.865899884079425,39.79212546122279,36.95805821040271,18.072685002660144,0.0,0.0,0.0,0.0,0.0,0.0,0.0
Simulation,495,0.0,0.0,0.0,0.0,0.0,0.0,35.016249785178,100.00665892185646,114.66499335380526,113.3312637119957,112.56405490595215,105.30293249765367,64.04898086109776,64.5695979548693,72.3124209620538,80.55544410190879,23.38085398090113,0.0,0.0,0.0,0.0,0.0,0.0,0.0
Simulation,496,0.0,0.0,0.0,0.0,0.0,0.0,16.44350510521919,76.66272404167982,103.07433288095434,93.55945269427619,93.71920170867206,95.16545305215757,86.11737437200254,89.55824377377164,81.56282843136341,44.33089054132412,18.02208173047411,0.0,0.0,0.0,0.0,0.0,0.0,0.0
Simulation,497,0.0,0.0,0.0,0.0,0.0,0.0,22.613530237361214,78.77137783468739,102.67295450894538,89.74429978373087,102.19271169830283,106.85630243336826,72.98234766330019,49.76942560835928,22.993121123070914,8.498460085076974,14.621592079303177,0.0,0.0,0.0,0.0,0.0,0.0,0.0
Simulation,498,0.0,0.0,0.0,0.0,0.0,0.0,13.167330590512677,87.37821713183834,114.66493916030461,120.53195362710781,123.54983516730816,123.46236851275307,93.4125808781634,78.66752571811182,66.41477640782999,51.20671779522396,20.808451756307175,0.0,0.0,0.0,0.0,0.0,0.0,0.0
Simulation,499,0.0,0.0,0.0,0.0,0.0,0.0,41.65580754364525,117.45458977449006,122.75498722823554,124.77148103617921,124.34629516837805,121.76290844004609,107.25032428425405,107.416532675121,104.27070838262419,67.87731055234411,15.0542303105417,0.0,0.0,0.0,0.0,0.0,0.0,0.0
Simulation,500,0.0,0.0,0.0,0.0,0.0,0.0,47.59039644985033,106.7498786208658,115.1078515034472,105.78194811144004,115.50455241415676,118.88470415368405,101.04423718696272,81.3708796520964,62.09473024087328,37.58798511819681,19.3972108729652,0.0,0.0,0.0,0.0,0.0,0.0,0.0
Simulation,501,0.0,0.0,0.0,0.0,0.0,0.0,79.24065249283287,117.0619090491688,116.5496673987867,97.10309776297446,80.59553734840429,74.70334572812953,64.17132546659147,63.32920264407443,43.56755288322303,6.353734924367348,5.460252463524938,0.0,0.0,0.0,0.0,0.0,0.0,0.0
Simulation,502,0.0,0.0,0.0,0.0,0.0,0.0,71.1618926908846,106.53764288941679,114.21472646644011,114.17788085350853,120.86307778733558,121.92664087257573,109.35454222424241,91.4796376595487,79.9491590646518,61.30151861277295,19.367494160614292,0.0,0.0,0.0,0.0,0.0,0.0,0.0
Simulation,503,0.0,0.0,0.0,0.0,0.0,0.0,43.22598341645663,78.79715536659023,87.72719089567211,62.42724784940313,85.73413312358181,95.34775008573591,62.07070624805115,45.838840263785,29.32511207149094,14.541704473949132,11.32717175322322,0.0,0.0,0.0,0.0,0.0,0.0,0.0
Simulation,504,0.0,0.0,0.0,0.0,0.0,0.0,14.86297540255984,85.10126166471326,114.10389378326103,117.35033152124053,115.34217064374232,110.14085997029332,82.46574077732174,84.72477276804236,84.28075080394484,62.000616722428155,16.43515012208996,0.0,0.0,0.0,0.0,0.0,0.0,0.0
Simulation,505,0.0,0.0,0.0,0.0,0.0,0.0,8.497972103040155,94.5129828325933,114.66613257049336,81.96789375328865,58.322628206368194,46.903283520966916,37.679968656554244,38.25451167696514,31.84115576629011,21.071369716114503,19.055972758680987,0.0,0.0,0.0,0.0,0.0,0.0,0.0
Simulation,506,0.0,0.0,0.0,0.0,0.0,0.0,29.923588013001307,95.70984766614873,113.35718640868276,88.33542831269462,84.09521952654599,77.91558893822895,37.74957380361322,22.121351709187678,14.272632431054582,13.107455552353656,16.02152209459706,0.0,0.0,0.0,0.0,0.0,0.0,0.0
Simulation,507,0.0,0.0,0.0,0.0,0.0,0.0,116.28476597772004,122.79585432439669,122.8885271584953,123.35774293831994,118.73087823713476,105.69247781773151,76.81842441165024,84.73304189117437,97.53725014688268,99.05662752057711,15.610463630487326,0.0,0.0,0.0,0.0,0.0,0.0,0.0
Simulation,508,0.0,0.0,0.0,0.0,0.0,0.0,53.92649477354219,87.18181995460854,98.81527792168582,79.9928774521393,68.53516082520021,49.32644189386814,36.3067811253023,38.52283636664153,44.9410957769663,36.74182549790115,13.581032930637221,0.0,0.0,0.0,0.0,0.0,0.0,0.0
Simulation,509,0.0,0.0,0.0,0.0,0.0,0.0,63.81755909872166,106.79153874879754,114.33240082773483,94.11530961365271,91.54573397044376,88.64112833721799,65.736500547658,58.98894710109805,50.455091547065145,32.99496454537205,15.799743883488615,0.0,0.0,0.0,0.0,0.0,0.0,0.0
Simulation,510,0.0,0.0,0.0,0.0,0.0,0.0,60.016300800452015,117.24886678669343,120.59011636592913,119.86216582408959,118.15593660718952,116.09302525037813,102.02450958170408,97.30408691609219,88.80692432412641,44.35986894770625,14.685472600086651,0.0,0.0,0.0,0.0,0.0,0.0,0.0
Simulation,511,0.0,0.0,0.0,0.0,0.0,0.0,48.67555489839996,107.81831806783073,116.79890808918242,117.35224811274014,111.8761262449722,104.77297154752797,104.1971857825059,108.4799901993965,110.15235646080731,76.7719627930938,15.41633888165523,0.0,0.0,0.0,0.0,0.0,0.0,0.0
Simulation,512,0.0,0.0,0.0,0.0,0.0,0.0,37.70068524470674,104.02167812926858,116.28113214271389,116.90084791292097,118.10161196480391,114.9738172219155,76.73448350520117,65.61523695968997,62.41465441211697,62.41246738722346,22.774935014665235,0.0,0.0,0.0,0.0,0.0,0.0,0.0
Simulation,513,0.0,0.0,0.0,0.0,0.0,0.0,74.59877973727586,90.53182631877704,89.0714235679865,51.38475069586364,69.96107109857647,75.80589292010366,39.3509753780585,23.850252191486483,18.87218828471152,19.96612774638073,12.514778160796125,0.0,0.0,0.0,0.0,0.0,0.0,0.0
Simulation,514,0.0,0.0,0.0,0.0,0.0,0.0,34.990589898907366,56.96350683756059,80.89829626856917,83.95544650288005,100.16122141012549,104.85769958898376,85.97585299962348,81.16333420990183,79.25874771145075,73.5562232392297,26.999194191064255,0.0,0.0,0.0,0.0,0.0,0.0,0.0
Simulation,515,0.0,0.0,0.0,0.0,0.0,0.0,52.979162609193764,101.52104740412669,110.52085755788025,66.72846324074837,47.970124563662935,36.555756862140626,38.317437694797896,45.29608285267366,46.445402547831875,34.70565451098908,15.6765057845614,0.0,0.0,0.0,0.0,0.0,0.0,0.0
Simulation,516,0.0,0.0,0.0,0.0,0.0,0.0,35.95796906912901,93.88554457367123,106.85904722406676,70.85895600542064,61.96752045868322,67.88160778959701,70.34218596890946,75.88621935406367,68.08264206449827,41.03312914634329,19.25161617403631,0.0,0.0,0.0,0.0,0.0,0.0,0.0
Simulation,517,0.0,0.0,0.0,0.0,0.0,0.0,39.54972941022992,77.33365223528476,99.04212965632662,97.08006743533056,99.30284709549598,88.90528091628026,37.57826437120561,24.481922424757734,27.097820564133272,34.72551364275446,13.380630389482786,0.0,0.0,0.0,0.0,0.0,0.0,0.0
Simulation,518,0.0,0.0,0.0,0.0,0.0,0.0,19.73333329568349,83.31898383463482,106.15132451918704,85.2405415483687,80.06928391383865,77.57188375239865,63.35231081641313,66.67647302447293,61.79291048095023,30.683665547673762,12.099054947295908,0.0,0.0,0.0,0.0,0.0,0.0,0.0
Simulation,519,0.0,0.0,0.0,0.0,0.0,0.0,2.41691409009524,15.359436406167376,23.041855654676837,29.70048442664107,69.57049667216671,95.17760338994235,86.70416426564533,78.34108308252937,52.05663450274317,12.617794159820694,11.76277929155128,0.0,0.0,0.0,0.0,0.0,0.0,0.0
Simulation,520,0.0,0.0,0.0,0.0,0.0,0.0,69.21554064382377,114.00471813826215,116.17569161257306,102.53635500858195,93.80365988785064,80.14752401218627,62.687303335605954,65.2498772865968,64.83425180002179,41.444010945624434,12.572103013746924,0.0,0.0,0.0,0.0,0.0,0.0,0.0
Simulation,521,0.0,0.0,0.0,0.0,0.0,0.0,68.67338606522868,115.23389440442831,115.42776835797116,73.63432646851648,78.84673534724482,89.56570155404137,69.32958255401707,47.4467761850608,16.91124074352267,5.362380511555305,13.684391862405006,0.0,0.0,0.0,0.0,0.0,0.0,0.0
Simulation,522,0.0,0.0,0.0,0.0,0.0,0.0,61.20697584591013,118.769007761957,121.04501564042724,116.54905158647432,113.87541432691101,110.92571097052871,93.38147694071804,95.50124994204728,92.07131857283888,59.47821611028617,14.159507063938984,0.0,0.0,0.0,0.0,0.0,0.0,0.0
Simulation,523,0.0,0.0,0.0,0.0,0.0,0.0,50.4068179510843,93.74076880197707,106.79455821253894,95.1985669492164,97.48723392192186,94.43666972786264,69.77474466808754,68.30345469543104,67.96972946974103,63.53055899449085,20.588097514487583,0.0,0.0,0.0,0.0,0.0,0.0,0.0
Simulation,524,0.0,0.0,0.0,0.0,0.0,0.0,22.334953625137747,101.93038811257134,116.31055024150518,114.29702642575452,115.10766603518883,114.44494834366078,75.07103882005724,54.33924800642581,25.13694689136363,6.25629617172752,9.869316586835843,0.0,0.0,0.0,0.0,0.0,0.0,0.0
Simulation,525,0.0,0.0,0.0,0.0,0.0,0.0,57.52000244608219,115.36866469034021,117.69618343095887,100.05293690690222,84.08231412141483,78.22563069468333,84.3529848308283,92.54958302936632,86.34352090195313,38.712153092325565,13.733019677313873,0.0,0.0,0.0,0.0,0.0,0.0,0.0
Simulation,526,0.0,0.0,0.0,0.0,0.0,0.0,11.577584930413757,90.26705414539084,114.33029249684526,100.45981319727139,94.39725793441472,78.40413648372822,25.07480332495139,18.951617365581036,17.3869878916798,27.57643925102686,16.71126463576613,0.0,0.0,0.0,0.0,0.0,0.0,0.0
Simulation,527,0.0,0.0,0.0,0.0,0.0,0.0,7.000568893276615,37.23944772816094,83.05437031651421,74.8306859320932,70.66190618872025,75.48040209524129,70.72319276404491,77.74628941303357,70.62318001907875,36.54229953592423,15.21792253087559,0.0,0.0,0.0,0.0,0.0,0.0,0.0
Simulation,528,0.0,0.0,0.0,0.0,0.0,0.0,35.34236846508699,100.24415438250584,113.05037941107668,84.99669405763984,83.26841600134782,87.37356939144503,83.28992829441579,87.69377681367274,84.76293146760675,58.53529039520255,18.19870285731024,0.0,0.0,0.0,0.0,0.0,0.0,0.0
Simulation,529,0.0,0.0,0.0,0.0,0.0,0.0,7.5479194387624275,55.643806881974655,99.06568445726627,91.62832524727793,94.39687507940964,98.20576917018444,85.37482959679834,79.19630272335094,55.78148407706662,11.553067335205611,12.107437063381594,0.0,0.0,0.0,0.0,0.0,0.0,0.0
Simulation,530,0.0,0.0,0.0,0.0,0.0,0.0,62.009658415922516,111.52805331630941,117.23613434437047,117.14584562215956,111.72890636604892,103.17102757992065,79.83271273235376,77.81402607719197,67.02325916392056,32.44780851169002,13.405762197011446,0.0,0.0,0.0,0.0,0.0,0.0,0.0
Simulation,531,0.0,0.0,0.0,0.0,0.0,0.0,62.6112212093809,97.67970114177803,99.49447111981773,54.69091838664841,58.401277153709906,76.52979105016962,85.16885496665056,89.52659651944919,81.50009333715295,40.6439263087322,14.69466757846373,0.0,0.0,0.0,0.0,0.0,0.0,0.0
Simulation,532,0.0,0.0,0.0,0.0,0.0,0.0,41.53088495962695,107.02771907256538,116.02709544648825,106.48561015114005,102.21314178580063,95.33591085723428,51.07534405144294,39.775646117756736,23.520610847606356,6.504262792864587,8.051869457543646,0.0,0.0,0.0,0.0,0.0,0.0,0.0
Simulation,533,0.0,0.0,0.0,0.0,0.0,0.0,25.87848964433019,100.7749242727769,114.10895317600101,76.16794071759547,51.18798349978495,46.327417589262296,43.70420565835302,44.715310631497914,34.827203358420505,14.453079300961797,15.919597656608278,0.0,0.0,0.0,0.0,0.0,0.0,0.0
Simulation,534,0.0,0.0,0.0,0.0,0.0,0.0,86.45636192346828,120.70675238932287,120.83416384101952,106.63857010498367,97.470861586377,79.79995230296893,40.0461910559835,31.500509903068057,28.604817205065395,20.434616967097938,11.657734128143385,0.0,0.0,0.0,0.0,0.0,0.0,0.0
Simulation,535,0.0,0.0,0.0,0.0,0.0,0.0,50.05883871180206,118.78181458610673,120.81793742245686,95.67233669543405,80.16277598149159,82.8642157930362,89.11716919511862,96.84922156636625,93.47095365767501,70.68877652589475,27.908801721260893,0.0,0.0,0.0,0.0,0.0,0.0,0.0
Simulation,536,0.0,0.0,0.0,0.0,0.0,0.0,42.7848402679641,97.9286100149079,114.05288369328485,107.334144856893,106.01460465256358,100.75370503786655,69.16515869856289,63.75910120300194,62.05922362794165,50.913402585792,20.57592610970816,0.0,0.0,0.0,0.0,0.0,0.0,0.0
Simulation,537,0.0,0.0,0.0,0.0,0.0,0.0,40.455681825268904,108.94788072167847,118.45000595066486,119.13814505612542,109.41987785598268,96.01670834501918,76.55067819760431,87.30700233713567,90.24355126546072,51.784092498990766,13.862391189599375,0.0,0.0,0.0,0.0,0.0,0.0,0.0
Simulation,538,0.0,0.0,0.0,0.0,0.0,0.0,36.542770278479864,67.42517941617223,83.08018073391096,67.44248233246533,85.45132110963489,94.67970072613085,76.41248050214972,66.77698420008906,52.98111345399698,27.582674431331128,14.44611634581808,0.0,0.0,0.0,0.0,0.0,0.0,0.0
Simulation,539,0.0,0.0,0.0,0.0,0.0,0.0,54.47583101997887,109.78472795934246,116.0630839551242,117.00072621316582,114.6701607780568,109.61590457112823,98.37026910166941,106.90891196590425,111.30551549648096,98.93299620200244,16.07551927895937,0.0,0.0,0.0,0.0,0.0,0.0,0.0
Simulation,540,0.0,0.0,0.0,0.0,0.0,0.0,10.206631607523796,110.52607172124314,121.65951260974761,114.82431708578694,103.8999219022437,90.48872720614484,39.235700103713256,31.204617706185232,23.877924863688,20.834253052530897,19.58545160668112,0.0,0.0,0.0,0.0,0.0,0.0,0.0
Simulation,541,0.0,0.0,0.0,0.0,0.0,0.0,48.428467119509996,115.70465299819043,118.79917152726435,101.37985633908886,91.77254144195737,83.78915790848806,55.455428990961906,48.40883706294644,38.566759650519856,20.97560454502544,16.597301656810252,0.0,0.0,0.0,0.0,0.0,0.0,0.0
Simulation,542,0.0,0.0,0.0,0.0,0.0,0.0,90.46190459395676,119.543501447452,118.46489411190097,97.84536561605017,93.63643055330994,94.64991565585525,87.70076908036303,82.05543358940379,59.26746002734313,13.819938137392224,10.114731461697126,0.0,0.0,0.0,0.0,0.0,0.0,0.0
Simulation,543,0.0,0.0,0.0,0.0,0.0,0.0,104.63242228308981,125.22420008398868,124.86457244575617,120.50153573920693,109.10473541060531,98.73110784830311,83.25262794752102,86.54287428691183,76.69943046907697,28.22452972411712,10.133376064910099,0.0,0.0,0.0,0.0,0.0,0.0,0.0
Simulation,544,0.0,0.0,0.0,0.0,0.0,0.0,65.74462261340908,118.60984430956324,121.32076481283437,114.14424168749197,103.18589841516854,91.37970106958996,59.49856988637828,52.525649166543076,44.518261916387246,37.04720317681444,15.154286542218806,0.0,0.0,0.0,0.0,0.0,0.0,0.0
Simulation,545,0.0,0.0,0.0,0.0,0.0,0.0,48.92650274240186,106.20097980034382,115.29641764449023,105.82831448579995,99.47821871583396,93.365840965244,81.22382891242319,86.61024318978676,88.55374376510362,67.00210332692595,20.51874721455219,0.0,0.0,0.0,0.0,0.0,0.0,0.0
Simulation,546,0.0,0.0,0.0,0.0,0.0,0.0,54.58025258017913,99.27659634496973,113.57033944530615,117.09020755500376,118.33263790363021,114.77054757670061,85.09528001047175,84.73587588739673,86.98583700413513,73.26840186055657,16.139777484580538,0.0,0.0,0.0,0.0,0.0,0.0,0.0
Simulation,547,0.0,0.0,0.0,0.0,0.0,0.0,47.18572146783086,99.29285108902735,113.48925299793979,108.75300495992302,105.4443137452653,95.08364393880122,45.42874296857261,41.743057818566896,40.46559042510664,28.818770059492024,12.098324683745385,0.0,0.0,0.0,0.0,0.0,0.0,0.0
Simulation,548,0.0,0.0,0.0,0.0,0.0,0.0,70.84308298812496,120.92875184543081,122.0784691210948,117.34798829440726,117.28323232230994,114.77854994121985,80.1252327529216,68.43861076297519,62.498377126374,58.25558124408377,20.57670662655317,0.0,0.0,0.0,0.0,0.0,0.0,0.0
Simulation,549,0.0,0.0,0.0,0.0,0.0,0.0,48.31452090247697,111.84869338029095,119.3071806682664,118.9234923660012,115.65397579838451,102.3763492569799,35.00788138028175,18.449507471157673,14.638990646898549,18.011761188069652,12.247023361892577,0.0,0.0,0.0,0.0,0.0,0.0,0.0
Simulation,550,0.0,0.0,0.0,0.0,0.0,0.0,55.11204778801287,107.0782910732549,114.83687825618446,94.6471238345856,85.7082858586015,77.56459175912634,57.48820209251303,58.03687891642437,64.29045055694763,65.43879179546617,19.341723179244696,0.0,0.0,0.0,0.0,0.0,0.0,0.0
Simulation,551,0.0,0.0,0.0,0.0,0.0,0.0,46.27953645941849,114.90840127943353,118.06735760160404,99.25321463556652,90.74077451551572,78.25628550061123,35.286296184354335,23.384005719894503,20.241739985599843,21.01764117379807,17.44316658422011,0.0,0.0,0.0,0.0,0.0,0.0,0.0
Simulation,552,0.0,0.0,0.0,0.0,0.0,0.0,81.26449128485575,107.2955005114436,111.81349911724136,61.428087631595574,53.71167855460949,48.265063295868934,38.85286125769529,30.355064421130216,21.5327961711359,13.324500880312893,10.028102344473922,0.0,0.0,0.0,0.0,0.0,0.0,0.0
Simulation,553,0.0,0.0,0.0,0.0,0.0,0.0,41.106401033468515,51.264367141150096,67.51796937537722,98.83425549373338,106.95523060379205,110.87159230452204,113.88141775283046,112.84895583738572,114.84800361645802,87.6453474100894,15.0507827925677,0.0,0.0,0.0,0.0,0.0,0.0,0.0
Simulation,554,0.0,0.0,0.0,0.0,0.0,0.0,16.553026695859078,93.85295277946109,113.35393091448525,82.0572669998091,77.22674765421715,69.187043375924,37.13991770186018,29.873677816346913,24.172661395020285,29.685852795118315,22.87231037416931,0.0,0.0,0.0,0.0,0.0,0.0,0.0
Simulation,555,0.0,0.0,0.0,0.0,0.0,0.0,114.44220119882746,118.8769581392308,118.4587582318889,118.3424902025463,119.2032008014645,114.44511608140598,58.32511308949583,39.68054824963256,39.410320964997325,44.294541772869664,14.686296941429074,0.0,0.0,0.0,0.0,0.0,0.0,0.0
Simulation,556,0.0,0.0,0.0,0.0,0.0,0.0,75.26590488901874,118.67942748237923,116.98333190278368,72.2187252053307,79.82282001272704,98.30392243273025,102.40286480639863,86.23256020890226,53.63557789738106,12.613677945902285,16.246885966798974,0.0,0.0,0.0,0.0,0.0,0.0,0.0
Simulation,557,0.0,0.0,0.0,0.0,0.0,0.0,21.188484197244136,102.21658589845288,116.34507713169403,116.67286038708252,117.52224409465222,118.57318052487986,115.47950374018089,110.28076188804494,100.35684051199001,50.39801000016519,17.774468756365774,0.0,0.0,0.0,0.0,0.0,0.0,0.0
Simulation,558,0.0,0.0,0.0,0.0,0.0,0.0,54.2365849681634,85.91513516078496,109.79221152674427,118.90981291893632,120.24866922536364,116.74556223890963,89.5525933232029,83.89821408540703,76.00223328507246,37.95101895106644,6.758624033228606,0.0,0.0,0.0,0.0,0.0,0.0,0.0
Simulation,559,0.0,0.0,0.0,0.0,0.0,0.0,50.118934500843054,98.33649902794234,114.08153261554443,120.99866403990698,124.60205981182122,124.41254878711563,115.75035342029628,103.83158656111581,92.48210136172546,57.767762368363705,14.607306101356787,0.0,0.0,0.0,0.0,0.0,0.0,0.0
Simulation,560,0.0,0.0,0.0,0.0,0.0,0.0,21.198753147236516,97.94726619032089,114.87913109674243,101.9345330830239,92.46166532025713,70.42193118914062,14.31280048969733,12.141368507425902,12.081784652523858,12.621868650998085,8.586835112834713,0.0,0.0,0.0,0.0,0.0,0.0,0.0
Simulation,561,0.0,0.0,0.0,0.0,0.0,0.0,25.10938347266425,61.156091624002066,95.89442817063448,108.42206226829292,107.41382655808314,101.1218542150346,77.47953009243167,82.62915272222284,87.3963531465226,68.24134476617556,15.837868089780995,0.0,0.0,0.0,0.0,0.0,0.0,0.0
Simulation,562,0.0,0.0,0.0,0.0,0.0,0.0,62.168188147182796,85.47266303015267,89.88131100680198,67.28528954063115,93.96194354123364,103.57297388580741,80.78582671900305,61.42939251290902,40.937723888711716,23.548859339630816,13.65159891035133,0.0,0.0,0.0,0.0,0.0,0.0,0.0
Simulation,563,0.0,0.0,0.0,0.0,0.0,0.0,79.47383218849046,115.86148638197977,115.60380206829117,65.11941463758791,24.99236674376006,15.561955848122494,20.332631801308573,26.286962563688135,26.93688510248291,15.077778853166762,10.046818275498357,0.0,0.0,0.0,0.0,0.0,0.0,0.0
Simulation,564,0.0,0.0,0.0,0.0,0.0,0.0,105.14570951642395,113.84441309743862,114.07244298088021,92.19514708732288,102.57413647546589,101.85294194057309,47.799153628501884,22.419292919406033,14.584419533372703,19.49913937521115,13.412779586002962,0.0,0.0,0.0,0.0,0.0,0.0,0.0
Simulation,565,0.0,0.0,0.0,0.0,0.0,0.0,43.72331004093746,105.93001486355062,116.25997392076594,118.10648918573108,114.68279847308284,105.549196954119,85.39543948620957,92.53054142094585,96.86559606125863,70.30963936280251,13.703329017968594,0.0,0.0,0.0,0.0,0.0,0.0,0.0
Simulation,566,0.0,0.0,0.0,0.0,0.0,0.0,26.35550817820469,88.61555575806292,109.7566528705496,98.7521540715881,106.95094418333477,114.47356273122173,106.25924928187268,98.11629838556843,87.23298032323434,60.1867437738734,27.408277593762833,0.0,0.0,0.0,0.0,0.0,0.0,0.0
Simulation,567,0.0,0.0,0.0,0.0,0.0,0.0,20.77610699054681,68.20838691291239,91.14022133317907,62.66918035053258,56.34445231116984,47.2603670094101,28.956012098041214,22.265069241334103,15.271361732554013,7.398568970515363,8.37243866532782,0.0,0.0,0.0,0.0,0.0,0.0,0.0
Simulation,568,0.0,0.0,0.0,0.0,0.0,0.0,71.45910463719291,111.63619722855492,115.31437312735262,112.18905941089734,114.21320456686266,113.22388002331667,93.31676039635188,87.60088657890977,82.96823396781963,59.636179605722866,15.209514902404024,0.0,0.0,0.0,0.0,0.0,0.0,0.0
Simulation,569,0.0,0.0,0.0,0.0,0.0,0.0,69.40443916245312,111.558052095521,113.40957945978543,48.84116275056425,67.42493997680077,86.47835140669505,69.43797612259833,48.8880808165124,23.6618251512459,15.056776985476262,19.383990193179766,0.0,0.0,0.0,0.0,0.0,0.0,0.0
Simulation,570,0.0,0.0,0.0,0.0,0.0,0.0,17.67954867484285,78.54017324493816,110.10627127765396,105.18473937757554,109.07573683072722,104.40080007821656,50.74814201990287,31.464704713262563,21.92363640501479,17.286293607659516,13.40152248091498,0.0,0.0,0.0,0.0,0.0,0.0,0.0
Simulation,571,0.0,0.0,0.0,0.0,0.0,0.0,40.45584113312861,103.98738282606655,115.0601036281268,103.5261621765693,97.47060768996903,89.54342616754434,64.01089243219313,57.7965962124729,41.29448098628629,15.01898309175975,12.282410392311844,0.0,0.0,0.0,0.0,0.0,0.0,0.0
Simulation,572,0.0,0.0,0.0,0.0,0.0,0.0,19.239495302921874,103.01931569143393,116.82515927123336,108.22820643367643,100.15424688862407,98.4821517649405,97.02805483077444,101.2793336624251,89.52152480229589,44.39477271895402,17.807264936026062,0.0,0.0,0.0,0.0,0.0,0.0,0.0
Simulation,573,0.0,0.0,0.0,0.0,0.0,0.0,16.677521186874007,19.14990547997533,30.963553369240245,80.2768572666323,107.68772918140846,115.01838768120885,87.14825508361254,74.8013666789223,66.28779597188124,57.9322423307849,19.295141369098996,0.0,0.0,0.0,0.0,0.0,0.0,0.0
Simulation,574,0.0,0.0,0.0,0.0,0.0,0.0,53.39800598632153,111.99427291370367,118.22182285806925,118.2860373264904,114.67699279499266,103.40615007111406,75.63839400047765,81.39072593245952,94.33289776059893,104.6036569331877,23.201351672183176,0.0,0.0,0.0,0.0,0.0,0.0,0.0
Simulation,575,0.0,0.0,0.0,0.0,0.0,0.0,80.4690605595303,120.75716399219208,122.39839323112307,121.65519559632918,118.09962346917939,109.6735662557924,79.10249345721712,78.41581047636035,77.40693595249643,60.670799412855466,15.57943958145775,0.0,0.0,0.0,0.0,0.0,0.0,0.0
Simulation,576,0.0,0.0,0.0,0.0,0.0,0.0,25.86710725211203,70.46668818817884,95.3054605593731,80.21719428756442,77.31805350770131,63.11198251591634,41.6504410938097,39.390312044177875,39.52943614864862,34.774998640616666,14.977660479924218,0.0,0.0,0.0,0.0,0.0,0.0,0.0
Simulation,577,0.0,0.0,0.0,0.0,0.0,0.0,57.99062026085079,103.94085337028116,114.6035696209472,109.29936438924373,107.61159148604256,101.8476465596702,62.539466224056774,52.30815957893336,43.95145436281384,36.22604681107822,18.25811939286323,0.0,0.0,0.0,0.0,0.0,0.0,0.0
Simulation,578,0.0,0.0,0.0,0.0,0.0,0.0,36.49064223744263,16.51186365498326,12.873459942122395,14.830656602908235,32.679585670827606,59.18832788890518,31.421957524881513,13.26347065415792,8.870119237850375,12.423986123438258,15.701542890851933,0.0,0.0,0.0,0.0,0.0,0.0,0.0
Simulation,579,0.0,0.0,0.0,0.0,0.0,0.0,40.30821795650179,104.74158341194318,114.9498300818515,101.11756844577417,99.16130609398076,91.14811839130174,47.39834938330135,40.676300019209926,38.17914958313088,37.019025144854616,15.731956786097749,0.0,0.0,0.0,0.0,0.0,0.0,0.0
Simulation,580,0.0,0.0,0.0,0.0,0.0,0.0,59.38089815754027,104.31937384521639,111.15893287541195,63.134722789813836,67.02938833458775,76.79559049769512,64.81920074936656,62.278828448504676,57.79294540839087,44.85684568682356,23.713239536770907,0.0,0.0,0.0,0.0,0.0,0.0,0.0
Simulation,581,0.0,0.0,0.0,0.0,0.0,0.0,72.06517204166865,117.38858459106898,117.53431274323314,90.77599869252731,87.10916945012474,95.01162552064497,105.81662306986303,95.5132856189348,66.47242676406053,16.87493998429352,12.084644421736948,0.0,0.0,0.0,0.0,0.0,0.0,0.0
Simulation,582,0.0,0.0,0.0,0.0,0.0,0.0,41.50880372893272,114.97876752207826,119.84910893435064,114.7737048716336,110.35608153791053,102.19903649594725,60.96845637312814,52.880252548198726,46.20229645597735,37.02960191107994,15.783658443319775,0.0,0.0,0.0,0.0,0.0,0.0,0.0
Simulation,583,0.0,0.0,0.0,0.0,0.0,0.0,38.17324291009187,78.7237352177978,90.95066744693007,74.98751960904768,83.66131927450618,88.98908056868773,68.80355931579453,63.08020750786379,55.41610398079317,30.237463678766552,13.531132292483463,0.0,0.0,0.0,0.0,0.0,0.0,0.0
Simulation,584,0.0,0.0,0.0,0.0,0.0,0.0,72.77061269244678,111.01188683545331,114.88026814635495,102.41075304079466,114.9616266860335,117.88110810176514,89.0203825648428,68.2741389733462,54.32876490469999,51.19561333538026,27.98138639983752,0.0,0.0,0.0,0.0,0.0,0.0,0.0
Simulation,585,0.0,0.0,0.0,0.0,0.0,0.0,26.104896780459452,68.45251641159467,90.41112002425434,52.84108257097215,49.29160448794249,50.5860891081738,55.63669458321826,48.56033475092737,36.28608591222838,15.592928043033098,14.535890779951862,0.0,0.0,0.0,0.0,0.0,0.0,0.0
Simulation,586,0.0,0.0,0.0,0.0,0.0,0.0,46.84597514976812,111.4583076439728,117.03878502353285,116.96145037175161,114.74790760436147,114.88269459775313,118.47603400745425,119.32611622632912,117.90870094795883,67.6706913994166,15.571719610116675,0.0,0.0,0.0,0.0,0.0,0.0,0.0
Simulation,587,0.0,0.0,0.0,0.0,0.0,0.0,40.26272832533996,102.27174386579611,115.21303799657437,114.83033968047525,111.04467414139245,102.20205411401277,73.02718418709875,74.01089533651133,71.27796979492899,49.94697362751659,13.906366477142729,0.0,0.0,0.0,0.0,0.0,0.0,0.0
Simulation,588,0.0,0.0,0.0,0.0,0.0,0.0,35.72976183408998,94.50905915610416,113.0772690515605,101.9747133341853,95.30129166626041,79.42428158568588,42.885638103498465,42.13984274962662,42.81596683380083,36.55840853012229,14.60129233970293,0.0,0.0,0.0,0.0,0.0,0.0,0.0
Simulation,589,0.0,0.0,0.0,0.0,0.0,0.0,57.07332713867758,98.07320535663682,105.50664731762313,56.155725080916675,61.78017594510051,74.98759967053704,68.81832963614647,66.44800200995593,64.52578278069738,67.15704163289854,27.840695402408343,0.0,0.0,0.0,0.0,0.0,0.0,0.0
Simulation,590,0.0,0.0,0.0,0.0,0.0,0.0,41.573925738645016,68.6883889764411,83.13179822334749,66.79666912126915,60.02623450159668,61.4358974182612,84.75338608746016,97.79798572732028,101.67217265831468,76.02202886544606,18.369673403776744,0.0,0.0,0.0,0.0,0.0,0.0,0.0
Simulation,591,0.0,0.0,0.0,0.0,0.0,0.0,51.464588480610374,112.66336376434357,115.14548408193006,101.54377171468197,115.18428352901003,120.23846585463225,106.44782802521169,91.1958828729903,74.20028523008646,48.00745893164173,20.578979018953806,0.0,0.0,0.0,0.0,0.0,0.0,0.0
Simulation,592,0.0,0.0,0.0,0.0,0.0,0.0,11.528698526648604,56.52048212678036,91.13196160692634,85.08283212032072,95.88571622380974,101.85030268958985,97.88224075745127,91.9563779168418,79.08579409086069,38.878023142731514,15.954410542361714,0.0,0.0,0.0,0.0,0.0,0.0,0.0
Simulation,593,0.0,0.0,0.0,0.0,0.0,0.0,6.859495260754493,85.59292304952191,110.84822077675442,53.78056798282591,20.556155943565912,17.944872469043034,47.46404667403117,72.38484095760458,73.70350255556616,39.29530538657516,16.730703345889076,0.0,0.0,0.0,0.0,0.0,0.0,0.0
Simulation,594,0.0,0.0,0.0,0.0,0.0,0.0,6.563330994238434,62.588170393632545,105.86940572372703,97.60738019118237,104.05843832781163,110.44579253020298,100.1385848051382,86.62948223503513,62.63891793475021,19.476432969984387,15.97638974521566,0.0,0.0,0.0,0.0,0.0,0.0,0.0
Simulation,595,0.0,0.0,0.0,0.0,0.0,0.0,92.74735739671537,112.0637649415571,114.3881241278913,99.38352166989046,102.16906958345363,98.86712602872933,63.04284026774827,50.155028969282085,40.43273634531393,30.839189606628747,13.361360998519865,0.0,0.0,0.0,0.0,0.0,0.0,0.0
Simulation,596,0.0,0.0,0.0,0.0,0.0,0.0,29.15551526039174,18.000899638989026,13.086291712218639,28.288918752985268,68.616772706652,89.55028179554728,81.84762408558775,74.01871090922057,57.33336541233012,18.531177819604412,6.990717923835092,0.0,0.0,0.0,0.0,0.0,0.0,0.0
Simulation,597,0.0,0.0,0.0,0.0,0.0,0.0,63.0501961476063,113.74604776356813,117.20616831530752,113.27737854946314,105.2042153258365,103.49840641330846,115.06079178398272,113.87505728757804,110.12420847716999,59.78731030914481,15.157581317090267,0.0,0.0,0.0,0.0,0.0,0.0,0.0
Simulation,598,0.0,0.0,0.0,0.0,0.0,0.0,21.08222760280284,80.08412634249211,100.19729560858107,77.17299744838698,77.99130345398905,79.47862101592061,64.50417537991586,64.60218997735981,57.56060869467781,30.853102118530938,15.820654320583246,0.0,0.0,0.0,0.0,0.0,0.0,0.0
Simulation,599,0.0,0.0,0.0,0.0,0.0,0.0,78.89747148117772,109.16368595007927,117.27853443288191,124.06251752209452,122.64635253801308,116.69588108997434,76.93748339752221,78.41948576618243,88.83332260609066,88.88706842499886,15.680236122773996,0.0,0.0,0.0,0.0,0.0,0.0,0.0
Simulation,600,0.0,0.0,0.0,0.0,0.0,0.0,111.44546861181406,120.41515258274882,117.01599444481293,98.83564704306828,99.39642732762226,100.06614523844448,84.3547792161313,79.19935412294964,64.41415851293522,24.364320931716197,9.804295185170247,0.0,0.0,0.0,0.0,0.0,0.0,0.0
Simulation,601,0.0,0.0,0.0,0.0,0.0,0.0,63.89044605350583,95.14200383551469,95.42511643713623,50.21695714154048,76.30168222717556,89.49980881757259,71.41855708132847,56.44102582464289,38.290316659434865,20.54800614165795,14.889156132817442,0.0,0.0,0.0,0.0,0.0,0.0,0.0
Simulation,602,0.0,0.0,0.0,0.0,0.0,0.0,92.92974976342025,123.9326257225894,123.50263390225301,122.21980346407848,120.89341915108096,120.1923020011423,118.46872411034715,119.85632875722152,121.7440069353967,119.99037954661532,27.887299739776992,0.0,0.0,0.0,0.0,0.0,0.0,0.0
Simulation,603,0.0,0.0,0.0,0.0,0.0,0.0,2.2796129191474677,26.640011860161366,84.56631467778456,99.20489623898139,105.16395698028947,98.52140295863106,37.02281983433705,19.0396202066255,14.481611681793119,14.693504245123439,14.813834912089272,0.0,0.0,0.0,0.0,0.0,0.0,0.0
Simulation,604,0.0,0.0,0.0,0.0,0.0,0.0,21.142973852647312,42.28558985608579,68.68433227182715,83.46363796318491,90.15861806695541,86.01672603470567,63.363150407122156,67.51197894190967,70.43090105582091,49.859381806491974,12.753537993866157,0.0,0.0,0.0,0.0,0.0,0.0,0.0
Simulation,605,0.0,0.0,0.0,0.0,0.0,0.0,42.032180185917575,106.06567534944178,114.83552911708847,90.70071815521642,79.13920637041355,75.18496729830332,60.10261488761512,59.17604113930224,50.32197362394517,19.71124416384344,12.23253441232449,0.0,0.0,0.0,0.0,0.0,0.0,0.0
Simulation,606,0.0,0.0,0.0,0.0,0.0,0.0,44.319113170583265,105.91153457963182,116.04513812862254,114.89277375204544,114.53638717542715,108.01305851440759,67.40721123307495,56.3114008585112,39.36305023002348,11.651354102924788,7.237124633298514,0.0,0.0,0.0,0.0,0.0,0.0,0.0
Simulation,607,0.0,0.0,0.0,0.0,0.0,0.0,4.159798049144143,41.09312548579389,90.94310639896062,65.23629955261762,61.74699751348637,54.8052909064038,22.776249485841582,14.81040748087122,12.00234317440762,15.518045513447966,19.516821650543385,0.0,0.0,0.0,0.0,0.0,0.0,0.0
Simulation,608,0.0,0.0,0.0,0.0,0.0,0.0,94.81729453980965,112.88871530502583,114.057224103075,97.74454936424792,99.21094668433251,96.83118777143784,75.0023773531187,74.24539684887853,71.40341948582365,49.06879433216561,13.707188904490181,0.0,0.0,0.0,0.0,0.0,0.0,0.0
Simulation,609,0.0,0.0,0.0,0.0,0.0,0.0,50.52199662879189,90.3440272945837,102.80766082188305,93.62999839829982,109.95074014754957,113.8212913138738,60.7144772743376,30.327763246998835,14.37718144083992,10.339279671386883,12.08019076467583,0.0,0.0,0.0,0.0,0.0,0.0,0.0
Simulation,610,0.0,0.0,0.0,0.0,0.0,0.0,56.74514988298788,96.98375933635675,113.44742017508081,118.13134585111514,119.47138895586042,115.27386528730139,68.79071399065893,54.250066391399045,49.3639245691954,38.71034379911244,12.69636139969674,0.0,0.0,0.0,0.0,0.0,0.0,0.0
Simulation,611,0.0,0.0,0.0,0.0,0.0,0.0,75.54546805603933,105.88701768499628,111.80019629819428,90.72840739782428,104.5373391163272,111.56888069087134,93.31815756191085,83.2539754459458,73.86342596744774,67.19055986598322,21.610585475849824,0.0,0.0,0.0,0.0,0.0,0.0,0.0
Simulation,612,0.0,0.0,0.0,0.0,0.0,0.0,106.0806946708597,121.36428634581438,121.48544970884974,115.15848200204701,117.1387092841548,116.53710448640557,85.35227551069045,65.39790183081634,43.75207444577469,32.851874346657375,20.544284939454553,0.0,0.0,0.0,0.0,0.0,0.0,0.0
Simulation,613,0.0,0.0,0.0,0.0,0.0,0.0,75.46216733952735,115.64123338922037,117.69426450352901,116.93103120507894,115.20899352285662,110.27477635315407,77.43880905429876,75.31840102393654,69.4385069826273,43.337952574390066,12.25369870823009,0.0,0.0,0.0,0.0,0.0,0.0,0.0
Simulation,614,0.0,0.0,0.0,0.0,0.0,0.0,63.09910986299395,109.297462112119,115.59720855920516,111.04176263980914,117.21080823005398,116.94376349179008,72.6874221845783,50.052918958706805,37.743378034553785,39.143329452869345,21.55260383499114,0.0,0.0,0.0,0.0,0.0,0.0,0.0
Simulation,615,0.0,0.0,0.0,0.0,0.0,0.0,36.05542550717924,80.55223279940653,96.17688486400414,67.53659685441775,61.99690085553608,50.81779781360821,22.85383371671041,15.921430149259997,11.997917163424717,6.4946414507135195,6.606986364203742,0.0,0.0,0.0,0.0,0.0,0.0,0.0
Simulation,616,0.0,0.0,0.0,0.0,0.0,0.0,55.74506067533329,107.75107121590965,117.32560242015217,122.093479858562,122.69437484391372,121.71686425836472,91.72198911918463,75.42621840332198,56.51664194647005,20.397306312501893,10.419643971224858,0.0,0.0,0.0,0.0,0.0,0.0,0.0
Simulation,617,0.0,0.0,0.0,0.0,0.0,0.0,23.763323365821297,99.21839132978863,115.0333257218581,109.84706561559322,108.15083227096676,104.50516857210239,64.81416420852625,56.8110461966557,50.21420832916084,41.168602246128486,19.367608095066966,0.0,0.0,0.0,0.0,0.0,0.0,0.0
Simulation,618,0.0,0.0,0.0,0.0,0.0,0.0,33.08614144778864,87.97364350337594,107.67793681892212,93.72859825593376,93.68153509110415,93.55632482515851,85.4224124596928,86.12271512568694,73.40167719054304,31.3962575403852,12.23846481794668,0.0,0.0,0.0,0.0,0.0,0.0,0.0
Simulation,619,0.0,0.0,0.0,0.0,0.0,0.0,55.67918175562495,86.97482163182889,81.6669344875921,24.213953157060914,31.42759205319912,54.06921874667007,55.39203873755278,49.59639750659548,40.28719774602849,24.660233450745032,13.839296547688487,0.0,0.0,0.0,0.0,0.0,0.0,0.0
Simulation,620,0.0,0.0,0.0,0.0,0.0,0.0,79.12033009619337,122.10995021696549,122.87113390086671,121.6107698413121,122.43826372632233,121.90057380031749,107.53398815778752,88.80687792953373,65.71565590552562,25.370051493948004,13.451332286719605,0.0,0.0,0.0,0.0,0.0,0.0,0.0
Simulation,621,0.0,0.0,0.0,0.0,0.0,0.0,35.29171486628255,101.77320740512472,114.77022392713118,108.92916343858042,106.25319003144561,104.82338870797506,94.43525660407983,100.89958050860568,99.45491482676388,70.33661444619236,20.51686306428101,0.0,0.0,0.0,0.0,0.0,0.0,0.0
Simulation,622,0.0,0.0,0.0,0.0,0.0,0.0,86.21171247560093,113.5961478822678,115.28821040178158,114.8245556122585,117.13913312187879,114.85688775736176,85.99086526743686,80.28832343041367,73.82633094214118,50.23437340730462,14.553524095918178,0.0,0.0,0.0,0.0,0.0,0.0,0.0
Simulation,623,0.0,0.0,0.0,0.0,0.0,0.0,62.72551480491271,113.35590288075068,116.26809200183779,100.25218815704645,103.89129867206566,101.6053061725138,55.30117423576171,31.501960974704993,20.34091517903549,20.921649642648205,18.49262884879472,0.0,0.0,0.0,0.0,0.0,0.0,0.0
Simulation,624,0.0,0.0,0.0,0.0,0.0,0.0,34.19292836331695,103.00471038936564,114.3269188190833,95.12878950467342,99.14082834428555,103.60557519556082,88.95617671943997,86.08563381538917,73.3215514762131,41.700518575505484,18.937981153647787,0.0,0.0,0.0,0.0,0.0,0.0,0.0
Simulation,625,0.0,0.0,0.0,0.0,0.0,0.0,82.32610506773234,117.8275836671581,117.70258163666446,99.09397062910611,106.6289564295495,111.82729472074442,72.87221073510146,42.94996872754689,16.58175919466084,13.830059692201655,20.501456167334037,0.0,0.0,0.0,0.0,0.0,0.0,0.0
Simulation,626,0.0,0.0,0.0,0.0,0.0,0.0,90.09141557457787,115.97554276042649,117.38846411248903,115.10387043988865,106.22837331961776,99.62472203516106,101.72041462420493,107.46722712186207,108.9107421620839,80.12927006678778,16.274639549172313,0.0,0.0,0.0,0.0,0.0,0.0,0.0
Simulation,627,0.0,0.0,0.0,0.0,0.0,0.0,38.9064589818289,88.85283507221507,104.6165541736554,75.95656483968736,81.12556178813915,84.74101330873361,56.02528618217312,38.30075026506848,23.737830102653867,20.18642360975417,15.958228026218308,0.0,0.0,0.0,0.0,0.0,0.0,0.0
Simulation,628,0.0,0.0,0.0,0.0,0.0,0.0,75.4662824242006,107.18575428805144,113.01202278286301,79.31089900113034,59.52363063770193,59.012177322017,82.40027591719536,90.00885957069174,77.27681229390093,17.594379221923436,7.434771749422288,0.0,0.0,0.0,0.0,0.0,0.0,0.0
Simulation,629,0.0,0.0,0.0,0.0,0.0,0.0,51.85704386178146,112.86216376268165,117.34404033378473,106.5277903473757,93.45472125489275,79.90541099455078,78.96210470400216,86.59750746835132,85.30487261261673,48.750423099868385,13.747483640187685,0.0,0.0,0.0,0.0,0.0,0.0,0.0
Simulation,630,0.0,0.0,0.0,0.0,0.0,0.0,81.92200806260188,117.74759225881871,117.69290899564906,100.26727795937012,91.13231316736118,84.73540785457179,76.85996516617581,79.83618049914736,77.16465770063364,58.34801555657425,18.550435304367166,0.0,0.0,0.0,0.0,0.0,0.0,0.0
Simulation,631,0.0,0.0,0.0,0.0,0.0,0.0,42.48888344507301,91.27797556013289,101.39567238592261,55.131169314948316,59.04559021221512,64.70108744473931,46.03403507806259,36.42087348576205,23.647869389399943,14.480357610270563,13.5436653718013,0.0,0.0,0.0,0.0,0.0,0.0,0.0
Simulation,632,0.0,0.0,0.0,0.0,0.0,0.0,19.923062999037164,30.922726922748893,52.50528204128702,37.69339313431142,71.0871956249651,77.4631535874217,28.75537682586352,14.071053671694166,12.701793669800978,27.71035498103118,18.945463143657513,0.0,0.0,0.0,0.0,0.0,0.0,0.0
Simulation,633,0.0,0.0,0.0,0.0,0.0,0.0,23.99834106844888,30.19881173781289,33.77334637057341,29.492777654931814,48.05352670871121,62.80097133052762,63.393053059484444,63.61929259442308,60.124418549856564,37.96393090120753,14.993961304450266,0.0,0.0,0.0,0.0,0.0,0.0,0.0
Simulation,634,0.0,0.0,0.0,0.0,0.0,0.0,26.918561689271947,109.24630350101913,117.04888101023573,92.25605902819751,77.44927463917638,60.601325681840294,31.849859367608502,28.377496697541268,24.726447676013173,27.309485175940544,19.149658305479885,0.0,0.0,0.0,0.0,0.0,0.0,0.0
Simulation,635,0.0,0.0,0.0,0.0,0.0,0.0,41.681426969003496,82.46771958491787,101.46075060344207,95.77806547670966,99.60459497070171,98.54327913236597,69.38536252518179,56.53245945141573,38.25664247112001,12.802842103090867,10.126961561930667,0.0,0.0,0.0,0.0,0.0,0.0,0.0
Simulation,636,0.0,0.0,0.0,0.0,0.0,0.0,73.09473129942698,115.2418996105673,117.10171986373754,113.71820126624809,113.87489223839766,112.71821449386498,94.77902520751422,86.56979040097895,74.78665625211914,43.80784219360401,14.957054519752075,0.0,0.0,0.0,0.0,0.0,0.0,0.0
Simulation,637,0.0,0.0,0.0,0.0,0.0,0.0,47.36122616883773,99.0967916615421,112.8671544475657,99.31501494971856,95.21245604269532,89.93163732172819,77.3984993059384,83.88285940892725,85.33429901511954,67.31645486756307,18.548496991804747,0.0,0.0,0.0,0.0,0.0,0.0,0.0
Simulation,638,0.0,0.0,0.0,0.0,0.0,0.0,42.506794596369296,45.50567508627458,60.60917630943311,78.41930777062315,114.57512026431738,117.90856278040143,46.52114031896797,8.004541311485035,3.659206899000054,8.05642636385906,15.765493802332033,0.0,0.0,0.0,0.0,0.0,0.0,0.0
Simulation,639,0.0,0.0,0.0,0.0,0.0,0.0,83.78527278543393,120.44748245031452,119.62276140692661,100.2579190342859,105.62676661292954,111.22889926827959,82.37248694392798,63.14020566333513,40.894927196177576,29.35627425309842,23.097492546393056,0.0,0.0,0.0,0.0,0.0,0.0,0.0
Simulation,640,0.0,0.0,0.0,0.0,0.0,0.0,57.45163202132767,99.21265139417396,111.38170314232671,97.60822135290056,113.42205736417984,116.51831112837289,70.31224856046701,42.55546415832268,25.166749476203265,34.67793511986517,25.436419964679537,0.0,0.0,0.0,0.0,0.0,0.0,0.0
Simulation,641,0.0,0.0,0.0,0.0,0.0,0.0,2.599250540028912,52.5746954202447,93.38578867600398,68.265940540277,82.37131900519951,93.8349966790939,74.29068040003222,66.76214246674779,52.705355669933695,35.081715811692355,26.16565556313043,0.0,0.0,0.0,0.0,0.0,0.0,0.0
Simulation,642,0.0,0.0,0.0,0.0,0.0,0.0,37.997447444505994,114.97736693583693,120.56405888709749,115.39783902961452,106.71161628459893,104.45640131142943,112.42246213650586,110.29061203074946,101.54166844440309,40.067655103169706,13.836464050381652,0.0,0.0,0.0,0.0,0.0,0.0,0.0
Simulation,643,0.0,0.0,0.0,0.0,0.0,0.0,29.71859208276585,79.07072510338419,99.34209449051316,80.27005923800057,78.68142849660478,79.29569918791238,80.61892250685233,86.18769500978449,84.50880374027824,57.60742884316981,19.005971257053538,0.0,0.0,0.0,0.0,0.0,0.0,0.0
Simulation,644,0.0,0.0,0.0,0.0,0.0,0.0,15.698655185237563,62.822636413827425,94.54391994221764,90.71067849579063,98.41784987805168,104.52272811922643,107.42540866664001,101.99904208017182,80.00600878760767,20.805980577401815,10.095313717590138,0.0,0.0,0.0,0.0,0.0,0.0,0.0
Simulation,645,0.0,0.0,0.0,0.0,0.0,0.0,111.6500304020683,116.0563682790936,116.26692883524002,115.28180055206603,115.2727811772871,110.30904586577446,82.00154218816854,80.43060889699085,88.82843997059948,99.24137417426265,26.455210200155875,0.0,0.0,0.0,0.0,0.0,0.0,0.0
Simulation,646,0.0,0.0,0.0,0.0,0.0,0.0,44.869482233136424,101.9656171799556,114.17165777415116,91.5838812110303,90.77415158640277,82.4656138733352,38.04382157739593,26.345943425231866,27.080007488815205,41.4968133360263,20.669709333231502,0.0,0.0,0.0,0.0,0.0,0.0,0.0
Simulation,647,0.0,0.0,0.0,0.0,0.0,0.0,39.83631968809416,104.02691010051169,115.53830372105719,114.21714879295646,112.55995664206313,110.63291704962637,91.55089954248132,89.8549728962559,87.49894984432369,73.9504409096491,27.251432547798743,0.0,0.0,0.0,0.0,0.0,0.0,0.0
Simulation,648,0.0,0.0,0.0,0.0,0.0,0.0,30.266577099805197,39.22129909412939,41.20282880985454,25.061429773018048,50.96234591647323,62.09207652090367,23.749921080101224,15.70114501422698,17.18671270574547,42.82041722617712,26.4639933082707,0.0,0.0,0.0,0.0,0.0,0.0,0.0
Simulation,649,0.0,0.0,0.0,0.0,0.0,0.0,26.18994204015426,97.63620366517235,111.00518388395803,53.02785994890749,56.319666679714004,76.32940504640702,67.46689928961953,59.044992262553905,38.17807740460854,14.75064960788529,15.252079397893894,0.0,0.0,0.0,0.0,0.0,0.0,0.0
Simulation,650,0.0,0.0,0.0,0.0,0.0,0.0,28.853971156869175,100.66630915022134,114.83370344509692,110.10238822282948,105.4675384713187,101.86493183351915,87.46381726407684,91.9676839265989,86.94898374350007,40.29799216082146,13.414366336312623,0.0,0.0,0.0,0.0,0.0,0.0,0.0
Simulation,651,0.0,0.0,0.0,0.0,0.0,0.0,39.41249729701926,105.02930648616764,114.85583367954901,100.33740698766253,106.96832591596052,111.84269834085462,83.34742151256255,68.28147816363938,45.828043076879744,21.074501959709423,14.615309118090469,0.0,0.0,0.0,0.0,0.0,0.0,0.0
Simulation,652,0.0,0.0,0.0,0.0,0.0,0.0,84.12817463103548,120.97709195246433,121.64073868686498,118.63077192132424,120.73022707649255,121.76386430473167,118.17944934368106,110.43390316854261,94.41376880551769,41.15929694688842,17.501991966726568,0.0,0.0,0.0,0.0,0.0,0.0,0.0
Simulation,653,0.0,0.0,0.0,0.0,0.0,0.0,48.13090928972165,114.06483344144749,118.04482861983276,106.18895793595203,107.70518394182835,109.17849884689679,77.89580533561121,63.19589769417348,45.44052876847872,31.400996721369495,19.358265118851804,0.0,0.0,0.0,0.0,0.0,0.0,0.0
Simulation,654,0.0,0.0,0.0,0.0,0.0,0.0,29.996578744588522,25.39874021282847,29.757210051338504,50.23792503424229,77.23045440266307,80.09753659551566,53.61236052317318,44.60137919501112,39.33714603846911,24.522397030122875,12.752990665388117,0.0,0.0,0.0,0.0,0.0,0.0,0.0
Simulation,655,0.0,0.0,0.0,0.0,0.0,0.0,68.25986057328059,107.07902839783317,115.17179008172113,119.74634440954608,123.03946650034362,121.89301036140604,73.79915606528814,53.20818883499916,50.88371123592696,56.06688512869542,17.861888037615167,0.0,0.0,0.0,0.0,0.0,0.0,0.0
Simulation,656,0.0,0.0,0.0,0.0,0.0,0.0,62.534412325510566,99.47836643313005,105.1820644963757,76.85741551450988,83.64989569856087,93.21454016421842,81.83275929975838,76.09784179005685,59.65140408342525,24.308409619026698,13.13048693900234,0.0,0.0,0.0,0.0,0.0,0.0,0.0
Simulation,657,0.0,0.0,0.0,0.0,0.0,0.0,68.07030938918834,113.982263099046,115.94263912661086,109.98224755660179,115.50393882988594,119.25039231385834,114.97915626575248,102.94352542868788,79.84889154723786,25.288385381299605,13.412915020014832,0.0,0.0,0.0,0.0,0.0,0.0,0.0
Simulation,658,0.0,0.0,0.0,0.0,0.0,0.0,39.81170551664216,70.95477853549033,81.50956452521709,61.37940466025692,86.94746549706407,94.31269595177628,56.15089311559626,40.41722970151932,34.290951166464495,31.610664713610355,16.165731404719427,0.0,0.0,0.0,0.0,0.0,0.0,0.0
Simulation,659,0.0,0.0,0.0,0.0,0.0,0.0,67.20549863976578,105.63611864144808,112.42578406962735,80.63095116051363,93.61944859041654,100.59138240136826,86.01644340893148,76.85148822234737,59.357568465797456,31.688748474035144,15.634862096778257,0.0,0.0,0.0,0.0,0.0,0.0,0.0
Simulation,660,0.0,0.0,0.0,0.0,0.0,0.0,12.326328529671578,58.86847573063741,88.22625421454286,73.86176304025258,93.62905187670464,107.38242510088656,112.34669835706536,100.97893684241853,71.27784767391289,15.760829031735398,13.876304084490856,0.0,0.0,0.0,0.0,0.0,0.0,0.0
Simulation,661,0.0,0.0,0.0,0.0,0.0,0.0,78.91075736504916,107.03479846403673,113.08561547283531,88.68662496006957,80.81390517325762,77.39940404798236,66.91552658440152,66.87712953140218,61.77652676611541,32.39512205195005,10.41266686102837,0.0,0.0,0.0,0.0,0.0,0.0,0.0
Simulation,662,0.0,0.0,0.0,0.0,0.0,0.0,58.47981166667318,31.55197750378528,27.383795387734054,32.286314508969,67.2476746153628,76.49616672476823,55.771882603020885,47.04296144096034,43.95434249971924,38.55569876069165,12.231675459960696,0.0,0.0,0.0,0.0,0.0,0.0,0.0
Simulation,663,0.0,0.0,0.0,0.0,0.0,0.0,34.207874268572645,30.453740435981487,42.04338837685353,82.89276617483841,97.51382737951093,98.76626015208717,82.48342086511747,84.43491594100325,85.78026515245537,67.00991555463628,13.854886606853235,0.0,0.0,0.0,0.0,0.0,0.0,0.0
Simulation,664,0.0,0.0,0.0,0.0,0.0,0.0,111.22643148955501,121.1449845245368,117.32303781825773,86.9224296990776,93.8469968397904,98.03100835326389,72.93748466247534,63.99437956397213,61.66356160732641,64.58980209317461,26.528720403072512,0.0,0.0,0.0,0.0,0.0,0.0,0.0
Simulation,665,0.0,0.0,0.0,0.0,0.0,0.0,10.819518765756776,80.42835285960918,105.2656981925575,69.83651772595103,84.92615326224723,96.81124311964876,66.9700238224536,50.84785019392156,30.704994037576856,18.3248451325722,20.574110433692425,0.0,0.0,0.0,0.0,0.0,0.0,0.0
Simulation,666,0.0,0.0,0.0,0.0,0.0,0.0,30.619453415290362,101.53463573600224,114.56361491427624,97.44371172192984,97.85692348408453,101.60041503505911,97.83039264732172,94.35337611629328,79.49106842638318,36.936479941138835,17.653487088425727,0.0,0.0,0.0,0.0,0.0,0.0,0.0
Simulation,667,0.0,0.0,0.0,0.0,0.0,0.0,62.206632247589134,104.59016640266087,114.08941137733754,108.34021660552924,115.49458783511447,116.86328036191236,90.39822806288636,79.3314762147783,69.30308408714399,60.65495413925737,16.97696885634661,0.0,0.0,0.0,0.0,0.0,0.0,0.0
Simulation,668,0.0,0.0,0.0,0.0,0.0,0.0,54.52315035205512,107.95025021782357,113.46009919393435,65.24497276741866,47.179896253901724,49.831029453703096,68.00047256972987,79.44624631701159,75.99666276625601,41.47009783998886,15.832210741426216,0.0,0.0,0.0,0.0,0.0,0.0,0.0
Simulation,669,0.0,0.0,0.0,0.0,0.0,0.0,37.51060338603181,118.59983605328463,122.01515941332617,116.58218022583154,119.23413234077425,121.90095159573272,116.8048397363695,102.18559429197472,70.11204872649614,23.86809730316895,18.91242370229219,0.0,0.0,0.0,0.0,0.0,0.0,0.0
Simulation,670,0.0,0.0,0.0,0.0,0.0,0.0,17.31241102523571,27.65046366709082,65.12419300170691,99.67088804550436,106.75412253560552,103.70217720293903,66.81393578883602,51.97750629858693,37.738919243400545,15.54590211354439,8.887497887557714,0.0,0.0,0.0,0.0,0.0,0.0,0.0
Simulation,671,0.0,0.0,0.0,0.0,0.0,0.0,27.892205611378845,58.26624637163121,96.20851590679307,111.37724401447538,110.22615538603603,97.16210071220944,45.10202252634838,41.020028021822604,48.06381726816841,49.03315594089405,14.047126920133246,0.0,0.0,0.0,0.0,0.0,0.0,0.0
Simulation,672,0.0,0.0,0.0,0.0,0.0,0.0,17.659550597783035,79.82096298074637,106.5757146249461,84.93617765569138,70.51049640859172,61.0500637586192,65.86231993483013,76.1991291637437,73.82870491224284,47.874755729503015,16.808842395039413,0.0,0.0,0.0,0.0,0.0,0.0,0.0
Simulation,673,0.0,0.0,0.0,0.0,0.0,0.0,79.213053336745,105.88075303511361,113.43139870176535,110.47628299144758,114.87372661554653,114.38480048585964,96.86681406510861,91.06807997048706,85.68700884429366,57.52691267764942,14.415554859819013,0.0,0.0,0.0,0.0,0.0,0.0,0.0
Simulation,674,0.0,0.0,0.0,0.0,0.0,0.0,50.01220257226067,54.937274557279835,34.454415711980204,16.118334692236687,58.37673631214233,92.3583240712085,58.358037830366904,29.88143423196628,14.505851603760362,16.776360733722655,18.98827800183568,0.0,0.0,0.0,0.0,0.0,0.0,0.0
Simulation,675,0.0,0.0,0.0,0.0,0.0,0.0,38.837856138022985,102.87124798938775,115.451595277483,101.44916176917536,84.09158496612973,56.96021681625773,23.21945513716659,19.2867585452666,20.626300977387693,24.731415904491232,18.704881864326687,0.0,0.0,0.0,0.0,0.0,0.0,0.0
Simulation,676,0.0,0.0,0.0,0.0,0.0,0.0,91.26106816347396,117.45113982934939,114.45195297688713,54.04542273251122,46.27380871774774,49.66150443039528,58.348235628378745,66.7251503860919,78.43072512199349,89.57599887014672,26.70245319546064,0.0,0.0,0.0,0.0,0.0,0.0,0.0
Simulation,677,0.0,0.0,0.0,0.0,0.0,0.0,21.220750987722354,29.694028079035476,49.11379867863338,60.93478612760721,82.70308783010661,89.60315152802407,65.97012465988868,58.98620950213959,56.90944665476176,49.05301387701191,23.2125285233341,0.0,0.0,0.0,0.0,0.0,0.0,0.0
Simulation,678,0.0,0.0,0.0,0.0,0.0,0.0,71.3521093607556,111.75702043465344,113.34743373545662,84.24161529760482,94.2597091823578,104.42889717432581,112.17841749985786,108.13490496379464,102.12290879334878,66.99993985138723,18.298585420124006,0.0,0.0,0.0,0.0,0.0,0.0,0.0
Simulation,679,0.0,0.0,0.0,0.0,0.0,0.0,7.1539883758324905,74.64448321205396,111.20089144754513,104.81177312546181,113.62617874643335,113.34644101297694,57.12786768262245,32.33255148035558,23.705468782329532,37.026175038582046,27.418694134270602,0.0,0.0,0.0,0.0,0.0,0.0,0.0
Simulation,680,0.0,0.0,0.0,0.0,0.0,0.0,50.36876853107874,104.89821799744574,114.5603039020457,101.89993055636315,85.37993026871816,68.67271638768038,64.89246942813728,78.36246564998571,77.2788514582814,35.73077100269527,8.895016224834702,0.0,0.0,0.0,0.0,0.0,0.0,0.0
Simulation,681,0.0,0.0,0.0,0.0,0.0,0.0,75.98532012698183,87.52349496095974,92.51725057976616,95.19132632392045,112.12875264328586,111.77996335935993,48.49325952540219,22.413676950205797,18.150060487311833,32.75416681609764,14.653005709594732,0.0,0.0,0.0,0.0,0.0,0.0,0.0
Simulation,682,0.0,0.0,0.0,0.0,0.0,0.0,37.632583715506186,61.216170414322264,73.62907450505385,60.921686730000005,74.80673943352345,76.49275753968136,56.296558835539145,57.57330921334326,65.85738118170688,65.48095742619358,20.57604617694832,0.0,0.0,0.0,0.0,0.0,0.0,0.0
Simulation,683,0.0,0.0,0.0,0.0,0.0,0.0,17.713899084250322,68.24140060312192,91.13207414931952,68.24230386759135,80.64695823589165,89.63964286688946,68.7784197610156,64.07258921243618,59.31088786701959,48.76717580288792,20.88932609418812,0.0,0.0,0.0,0.0,0.0,0.0,0.0
Simulation,684,0.0,0.0,0.0,0.0,0.0,0.0,28.845835178913976,56.486703488879,86.33285123615477,77.1679747715242,48.871931931908975,28.66455481109908,40.78139103219458,51.272263149625886,54.78334281921392,23.62705643435573,7.904873695323969,0.0,0.0,0.0,0.0,0.0,0.0,0.0
Simulation,685,0.0,0.0,0.0,0.0,0.0,0.0,83.82548889422247,115.16087412405341,115.12960027951318,95.40705640126946,89.95352717782134,77.81779658831306,38.23654791105159,31.17996581500927,31.714096609890266,23.78207893980895,8.566349857595647,0.0,0.0,0.0,0.0,0.0,0.0,0.0
Simulation,686,0.0,0.0,0.0,0.0,0.0,0.0,71.59278743130879,93.95978018557784,90.51661213477392,62.92109027295657,77.545407214237,85.50682853112552,82.53670834843753,85.51971160511124,79.13135577081907,37.72915019443754,10.633097514493356,0.0,0.0,0.0,0.0,0.0,0.0,0.0
Simulation,687,0.0,0.0,0.0,0.0,0.0,0.0,105.25975289752058,118.8171061349921,117.00880917087201,100.82021407947056,105.49070349107897,113.97012276746146,115.70991996202643,107.1223298545132,84.46585769966464,29.67943156323652,14.411147259551594,0.0,0.0,0.0,0.0,0.0,0.0,0.0
Simulation,688,0.0,0.0,0.0,0.0,0.0,0.0,79.86578850491685,107.02227044644476,114.48594748166225,114.29749879852702,119.36327063206232,118.90158792961876,68.71682374718795,38.323397062894955,20.083971987809278,13.81297516505644,12.200195164348495,0.0,0.0,0.0,0.0,0.0,0.0,0.0
Simulation,689,0.0,0.0,0.0,0.0,0.0,0.0,19.495167562287424,90.43459993063549,113.60553075031129,114.39422947467146,111.76049943212244,105.03937488785401,79.10579457517368,85.83097518795937,94.0925571794935,87.58192999370098,20.70526000859941,0.0,0.0,0.0,0.0,0.0,0.0,0.0
Simulation,690,0.0,0.0,0.0,0.0,0.0,0.0,64.77168189671633,87.04154367115248,83.2214638027855,37.93921013084,69.47333159137646,84.9776069184849,65.84722632354264,54.38112170796947,39.70590026447654,19.49182463441636,14.49796250579673,0.0,0.0,0.0,0.0,0.0,0.0,0.0
Simulation,691,0.0,0.0,0.0,0.0,0.0,0.0,94.4206933064255,111.92211136492212,114.44509079043219,105.62236908443346,103.38576698680436,102.9850366190583,113.13752747733992,111.23353722289505,110.08187573798696,68.69257694257101,14.982064274835983,0.0,0.0,0.0,0.0,0.0,0.0,0.0
Simulation,692,0.0,0.0,0.0,0.0,0.0,0.0,49.822576976101544,115.20496685291857,118.46578916207146,106.31997279486248,104.7031486020105,105.09117973820351,95.44193951058888,86.10038875698116,63.766448468304475,18.417970435121862,12.089344414422872,0.0,0.0,0.0,0.0,0.0,0.0,0.0
Simulation,693,0.0,0.0,0.0,0.0,0.0,0.0,62.207599048252376,84.20742595715407,89.06376425402472,73.58378150668938,99.05822268207696,105.06524714014705,65.84469044933535,46.67146602861067,37.58956342020493,41.10082030274425,18.7299402841247,0.0,0.0,0.0,0.0,0.0,0.0,0.0
Simulation,694,0.0,0.0,0.0,0.0,0.0,0.0,61.13476134653801,115.6532656788555,118.18161088094473,114.28814717297118,114.89011492598335,114.42358251556789,93.24670945457086,89.59901650744294,88.71501069906057,79.34967839558573,21.902462647035655,0.0,0.0,0.0,0.0,0.0,0.0,0.0
Simulation,695,0.0,0.0,0.0,0.0,0.0,0.0,78.1592642042892,105.65837597706643,110.34544847213084,69.38128583527923,67.98922484477093,71.52872363634779,67.5079253770847,65.1748905369293,56.54937396398068,28.493251637714685,10.134626867206661,0.0,0.0,0.0,0.0,0.0,0.0,0.0
Simulation,696,0.0,0.0,0.0,0.0,0.0,0.0,92.63175522002061,109.24279478853828,112.79231296645636,83.71240708073816,86.92618969839882,90.25912238855851,80.435022213817,76.67550646869847,68.61459221034123,52.46429370802483,19.31855574707217,0.0,0.0,0.0,0.0,0.0,0.0,0.0
Simulation,697,0.0,0.0,0.0,0.0,0.0,0.0,20.93690194174449,98.10108138369789,115.84767138086347,114.33097474552497,110.34341677964416,105.29087331626963,84.49846350520336,80.32609761981504,67.00053537245499,40.21390546397254,18.32752477114071,0.0,0.0,0.0,0.0,0.0,0.0,0.0
Simulation,698,0.0,0.0,0.0,0.0,0.0,0.0,17.00644111727154,77.3350139129885,98.82785005153703,51.1065306269223,27.37366945672541,22.7223091956742,37.593465592456084,47.45195964718944,40.65609040375496,12.620580322612575,8.355023082246774,0.0,0.0,0.0,0.0,0.0,0.0,0.0
Simulation,699,0.0,0.0,0.0,0.0,0.0,0.0,4.175305382893221,18.793690209388288,35.16965444313736,22.61706880729777,28.554328772971402,24.554982196865538,5.010862036413201,1.7221207933836382,0.10459062763582949,1.106544901424769,7.049419525742054,0.0,0.0,0.0,0.0,0.0,0.0,0.0
Simulation,700,0.0,0.0,0.0,0.0,0.0,0.0,23.954369875986306,83.82756697551496,112.42217799550835,105.06559041108706,100.80291735293011,89.46567251048913,43.924661472154696,31.84531750235663,28.598015071978544,26.548976240371992,14.990491333280097,0.0,0.0,0.0,0.0,0.0,0.0,0.0
Simulation,701,0.0,0.0,0.0,0.0,0.0,0.0,30.96607453350267,70.86498066719011,87.18145999583108,49.61601430522291,47.379854863849616,49.04992501227662,48.70417892774857,44.378944811789935,28.993429595181798,7.624607502198728,8.252272693544292,0.0,0.0,0.0,0.0,0.0,0.0,0.0
Simulation,702,0.0,0.0,0.0,0.0,0.0,0.0,90.64450973970037,120.9894237428159,121.40732303935381,117.06217457168621,115.0063143517421,114.1982288939259,108.30424736962004,102.31072486806777,89.2304580977172,43.27982412783645,12.322032617554951,0.0,0.0,0.0,0.0,0.0,0.0,0.0
Simulation,703,0.0,0.0,0.0,0.0,0.0,0.0,19.950166485324928,70.89261295761145,98.60450407931994,78.30526927662902,70.16428853717352,64.69739196148566,61.23339901810754,67.34942629433259,70.49148404440203,63.93860115500174,22.13686858293711,0.0,0.0,0.0,0.0,0.0,0.0,0.0
Simulation,704,0.0,0.0,0.0,0.0,0.0,0.0,47.46015026614621,88.8680010973098,109.38940986197636,110.61211499388327,115.63826263238334,114.50206116353306,71.46923386114483,50.285776372480484,28.78809918296442,8.05537419519392,3.9648383771785483,0.0,0.0,0.0,0.0,0.0,0.0,0.0
Simulation,705,0.0,0.0,0.0,0.0,0.0,0.0,94.49399421620342,118.79362316265455,120.5909041273736,118.2329973282482,115.19543867103424,105.38691455492793,71.74344292728037,65.56402458120093,64.52562921534208,52.0294247919947,16.051918398589997,0.0,0.0,0.0,0.0,0.0,0.0,0.0
Simulation,706,0.0,0.0,0.0,0.0,0.0,0.0,87.07808850622368,110.47033251689501,114.60395105374084,112.38432856392122,117.26120503102109,116.57906345279557,81.87491950792017,65.69523225162482,54.560838408293804,31.28712395083521,12.32791600827698,0.0,0.0,0.0,0.0,0.0,0.0,0.0
Simulation,707,0.0,0.0,0.0,0.0,0.0,0.0,42.63586265614817,106.39951780907589,115.28908522059321,100.63404918241656,93.87207193353278,92.96842283029466,95.49001237741584,102.27085125887106,101.5546771684136,77.41255065103252,25.63365607170587,0.0,0.0,0.0,0.0,0.0,0.0,0.0
Simulation,708,0.0,0.0,0.0,0.0,0.0,0.0,26.58749889830828,100.76737681803716,115.2593245459652,101.67030179835356,84.16209095836106,60.51106735071379,31.15898941590818,31.133980635290612,32.82717946824904,23.201924159824106,15.614053216290511,0.0,0.0,0.0,0.0,0.0,0.0,0.0
Simulation,709,0.0,0.0,0.0,0.0,0.0,0.0,57.430070305718495,100.89303567261283,114.67205355304954,115.12082451057458,117.3814889110579,114.12037162189968,69.87448306032128,53.90979374720976,49.305324664153254,50.353623105312224,20.296159113869248,0.0,0.0,0.0,0.0,0.0,0.0,0.0
Simulation,710,0.0,0.0,0.0,0.0,0.0,0.0,92.57230693491819,117.64602600065692,116.83730022227061,102.22950956869067,106.0034690143441,106.68059089187962,74.49187176045112,57.63768736257851,43.19028402930748,36.73980167916956,20.88717766254378,0.0,0.0,0.0,0.0,0.0,0.0,0.0
Simulation,711,0.0,0.0,0.0,0.0,0.0,0.0,56.37030695899144,112.69066619363394,117.35570864345539,115.25556434942239,110.31047281332445,105.18961014950146,102.35121154474061,105.29444812186614,101.67017896575987,65.34989502395429,17.057985022667353,0.0,0.0,0.0,0.0,0.0,0.0,0.0
Simulation,712,0.0,0.0,0.0,0.0,0.0,0.0,78.44035148757112,114.02536603087177,114.87716629632322,102.19741276614815,111.96221957760302,116.62913167274613,103.9213187233327,91.46012692875031,81.12371164174249,55.80838113013478,19.24258912763527,0.0,0.0,0.0,0.0,0.0,0.0,0.0
Simulation,713,0.0,0.0,0.0,0.0,0.0,0.0,64.93292055114843,97.63731743802249,104.6523544217244,79.86234521537355,88.0636964433601,84.66086291095453,37.445872610609705,19.553190935403997,14.628843429631473,16.18549090120846,13.233104364721374,0.0,0.0,0.0,0.0,0.0,0.0,0.0
Simulation,714,0.0,0.0,0.0,0.0,0.0,0.0,11.215915119300988,74.26818414793946,101.71745518448941,91.33319419897575,106.03414266348156,116.3351684122678,107.64137144306244,92.54391230073009,73.03661985792448,42.43560099534148,23.74220303040044,0.0,0.0,0.0,0.0,0.0,0.0,0.0
Simulation,715,0.0,0.0,0.0,0.0,0.0,0.0,10.730845714486179,22.993316831162204,41.69715254063483,84.23218549959972,107.19171285553769,112.05578950600105,63.82300341363894,47.131105499137405,42.68797750395517,50.88979646469698,19.73550866312675,0.0,0.0,0.0,0.0,0.0,0.0,0.0
Simulation,716,0.0,0.0,0.0,0.0,0.0,0.0,54.49749435018491,117.63276087777167,121.03473664673312,117.94519195325356,115.53510646383629,112.73604102634508,83.95356557100814,83.89115659482027,84.79741823982751,78.97308615161299,21.091953218540382,0.0,0.0,0.0,0.0,0.0,0.0,0.0
Simulation,717,0.0,0.0,0.0,0.0,0.0,0.0,17.34876623119248,25.95940196327976,38.57192036565995,50.25379195586742,56.29399302601574,53.48237707945166,43.08809633724716,44.25142644558531,42.841458047422734,27.798201465619627,8.982061380288647,0.0,0.0,0.0,0.0,0.0,0.0,0.0
Simulation,718,0.0,0.0,0.0,0.0,0.0,0.0,42.43789648212338,81.01653832213829,97.11339023836626,74.55857963672945,79.14119280371642,78.84861387599722,50.88575001466312,37.63275350076369,24.420005661644282,18.368987635151335,13.780371542897747,0.0,0.0,0.0,0.0,0.0,0.0,0.0
Simulation,719,0.0,0.0,0.0,0.0,0.0,0.0,20.130917757722862,31.154300117776074,59.76922292516641,47.92579537960316,61.8750601628369,60.56437534406506,30.363501879526005,18.272506218928093,14.240443841197376,18.548916837929518,13.924286517722297,0.0,0.0,0.0,0.0,0.0,0.0,0.0
Simulation,720,0.0,0.0,0.0,0.0,0.0,0.0,29.346963149139718,78.76122031580601,96.293422179382,57.650094106743566,60.04027970057602,59.27624153463986,34.0801029669276,18.120928645569926,8.214338572399427,3.164345836033881,9.157049598351527,0.0,0.0,0.0,0.0,0.0,0.0,0.0
Simulation,721,0.0,0.0,0.0,0.0,0.0,0.0,36.22278809374761,81.46752103485612,94.18437116784699,77.17449765384791,91.94208060181528,101.11589542254266,89.82535127193033,84.15522919626628,70.61483483694543,41.678672706576336,14.470715267191872,0.0,0.0,0.0,0.0,0.0,0.0,0.0
Simulation,722,0.0,0.0,0.0,0.0,0.0,0.0,24.156734640716923,55.12552205833097,90.4230068539661,104.64424417247811,99.22078731305257,84.57101808014227,59.96147742156595,70.80199378527924,79.5313999042737,53.50765961234334,12.225550190150717,0.0,0.0,0.0,0.0,0.0,0.0,0.0
Simulation,723,0.0,0.0,0.0,0.0,0.0,0.0,48.04480846336678,94.33851403518817,109.97364749660893,82.02977803541013,67.64976997986608,50.769850028140745,46.05207303801597,44.95232769735186,37.79893957637387,18.485425209938594,8.50588306422777,0.0,0.0,0.0,0.0,0.0,0.0,0.0
Simulation,724,0.0,0.0,0.0,0.0,0.0,0.0,44.83307027437411,113.03574896742835,118.5731238047876,115.09732583594067,103.88771138244337,93.73659846005548,88.2541526397168,100.61547757567226,98.79648155523834,58.369156958836825,10.253292699225097,0.0,0.0,0.0,0.0,0.0,0.0,0.0
Simulation,725,0.0,0.0,0.0,0.0,0.0,0.0,62.252891266542974,115.4669614355743,116.48585652090648,90.81743867736917,99.00955722021185,100.62105358870791,55.53108345414266,31.43037302077419,17.444412874160605,18.815255098858287,16.25806888718141,0.0,0.0,0.0,0.0,0.0,0.0,0.0
Simulation,726,0.0,0.0,0.0,0.0,0.0,0.0,48.3804209186891,115.01950170489333,118.61559819217001,110.98759386478245,111.62031851205336,111.29112475485113,77.34894433255944,62.02078483623568,42.85012389889879,24.487501173869482,18.318147867588362,0.0,0.0,0.0,0.0,0.0,0.0,0.0
Simulation,727,0.0,0.0,0.0,0.0,0.0,0.0,63.885469578392815,117.76673532128451,120.33663790805424,116.6316622539181,117.72979738717905,119.27114099443025,115.64731887410981,107.16703074553963,88.8953570492423,43.57067918789535,16.113343713124326,0.0,0.0,0.0,0.0,0.0,0.0,0.0
Simulation,728,0.0,0.0,0.0,0.0,0.0,0.0,20.843632073010173,99.27958594711097,115.21057190512342,112.59551853487223,102.76399896245931,94.65593351518368,76.02198909650683,86.09952462444258,88.44929137542765,56.49281646977741,16.800470815975434,0.0,0.0,0.0,0.0,0.0,0.0,0.0
Simulation,729,0.0,0.0,0.0,0.0,0.0,0.0,27.966113502711245,111.05527880903468,121.43102037100394,122.33613455012267,118.52435547541845,105.44725827745984,62.10691998490555,62.69170854082142,66.28973222503735,51.30584127633175,13.840900344305174,0.0,0.0,0.0,0.0,0.0,0.0,0.0
Simulation,730,0.0,0.0,0.0,0.0,0.0,0.0,64.04905803994772,108.17242646553133,115.10144922149826,105.16272394119446,99.14780301766639,86.43401415184388,46.76055105871044,43.05464694744608,40.99175475067065,35.69419133370084,16.276825739141067,0.0,0.0,0.0,0.0,0.0,0.0,0.0
Simulation,731,0.0,0.0,0.0,0.0,0.0,0.0,50.2274166759299,115.60434691242702,120.63045729554474,114.79301720812501,105.2307508373898,93.74926975476278,64.29708454109945,63.10579384805598,62.34521417352546,50.120092326056394,17.73437786847714,0.0,0.0,0.0,0.0,0.0,0.0,0.0
Simulation,732,0.0,0.0,0.0,0.0,0.0,0.0,95.68918457066727,112.83532894153583,114.07071702905309,89.81333709951093,86.96940552981442,82.64640846771408,62.106848076460736,58.86359698030275,60.24123562762305,53.019913444974534,20.548265491503376,0.0,0.0,0.0,0.0,0.0,0.0,0.0
Simulation,733,0.0,0.0,0.0,0.0,0.0,0.0,20.289852834552804,92.08743646578442,114.1073384872116,113.24614561816728,117.57619607104157,121.41131587675963,120.29036885828525,115.08742572610498,97.393156850562,30.71171109813958,14.361277513738763,0.0,0.0,0.0,0.0,0.0,0.0,0.0
Simulation,734,0.0,0.0,0.0,0.0,0.0,0.0,50.09676883100948,105.0151827921357,113.68298137208839,83.04544348875382,84.123540269961,86.6223620142568,60.047787384926366,48.33280695733856,39.377263712324584,35.440250385249435,21.275346686190094,0.0,0.0,0.0,0.0,0.0,0.0,0.0
Simulation,735,0.0,0.0,0.0,0.0,0.0,0.0,41.26198350882312,91.27649221189421,110.68420572735472,100.09116949268781,109.08223315808985,110.1028793741194,63.08744027078842,32.625582698513796,12.987493018246873,5.596563113811083,9.178592295903119,0.0,0.0,0.0,0.0,0.0,0.0,0.0
Simulation,736,0.0,0.0,0.0,0.0,0.0,0.0,45.09630436924117,61.55478510130819,64.64917814546753,54.016617290433715,93.81112971456909,106.5502525325474,84.552650451984,66.83272714120586,50.31398439138258,37.948034231133306,21.248210892273896,0.0,0.0,0.0,0.0,0.0,0.0,0.0
Simulation,737,0.0,0.0,0.0,0.0,0.0,0.0,25.946990053853998,97.97280694932212,114.93682189081369,115.11568993866676,109.05245473977881,103.52059078546824,96.0155280546166,104.76867181977155,106.23610729170449,89.39810407151333,22.016432663287965,0.0,0.0,0.0,0.0,0.0,0.0,0.0
Simulation,738,0.0,0.0,0.0,0.0,0.0,0.0,23.443303950481084,75.22621538896037,100.28150612121173,105.07075919271925,119.6637181606414,121.8931240536292,89.65413989470797,65.81932999190803,50.44621313797748,44.31065687099885,19.37129823139029,0.0,0.0,0.0,0.0,0.0,0.0,0.0
Simulation,739,0.0,0.0,0.0,0.0,0.0,0.0,27.82733446091403,120.46265665885059,124.9540635325268,123.8048811803973,115.02435651560668,99.88527745461568,83.91436670718741,90.12859253394164,79.57951403288254,30.828977708737636,13.309903435036514,0.0,0.0,0.0,0.0,0.0,0.0,0.0
Simulation,740,0.0,0.0,0.0,0.0,0.0,0.0,40.204178663108785,112.80832128541518,119.52059622785578,119.97619351454111,118.33135406939323,117.77045073669973,118.22236189337005,117.44757705374292,118.37177650386721,116.14887999953453,28.094883401737874,0.0,0.0,0.0,0.0,0.0,0.0,0.0
Simulation,741,0.0,0.0,0.0,0.0,0.0,0.0,29.84506288223961,47.31111064981161,73.36385808003583,84.22892484966049,91.2392173185625,83.40709968084585,50.22446000687613,50.55329736256604,63.74013213342904,77.20326647747075,21.201238132843557,0.0,0.0,0.0,0.0,0.0,0.0,0.0
Simulation,742,0.0,0.0,0.0,0.0,0.0,0.0,53.95385418745962,107.69826432629239,116.25678616132194,113.5576029272938,107.60129095817871,102.15655883364461,76.80652967053315,73.14757427103751,61.81245966779737,30.062262337271168,14.857003472062086,0.0,0.0,0.0,0.0,0.0,0.0,0.0
Simulation,743,0.0,0.0,0.0,0.0,0.0,0.0,51.48569370903274,87.23352305702078,94.49483764299558,66.9724233485662,80.12624659388499,88.65497796364136,67.38564009059442,54.76240319914085,38.53109271991336,18.358119548345226,14.989373863884493,0.0,0.0,0.0,0.0,0.0,0.0,0.0
Simulation,744,0.0,0.0,0.0,0.0,0.0,0.0,28.328637217244232,90.39010128394708,114.87907487805367,122.35223177585273,122.00811005567164,116.77418806479973,82.18754917049097,80.55747959293618,82.98024925972194,61.34866936504768,15.042873878599622,0.0,0.0,0.0,0.0,0.0,0.0,0.0
Simulation,745,0.0,0.0,0.0,0.0,0.0,0.0,60.735735047145994,112.92591894297958,118.45515255004752,121.63007369445042,120.3171616747136,117.7864330001792,108.6216666064145,106.59999344773112,100.02113736102258,55.85851408767084,14.953129555755389,0.0,0.0,0.0,0.0,0.0,0.0,0.0
Simulation,746,0.0,0.0,0.0,0.0,0.0,0.0,17.892556946661248,76.71966331139848,111.17931859469837,111.47603182740605,105.44221919402631,98.21457154805633,81.77025699860046,82.00789555548025,76.41517090123995,49.030864055632534,15.07109422662953,0.0,0.0,0.0,0.0,0.0,0.0,0.0
Simulation,747,0.0,0.0,0.0,0.0,0.0,0.0,17.752385575220327,86.60629745620568,110.54201014291279,89.74943570450561,99.79076571950829,105.29574735874817,80.07948253888097,63.96092964145349,40.43278355726572,18.299820709476247,16.073294357978565,0.0,0.0,0.0,0.0,0.0,0.0,0.0
Simulation,748,0.0,0.0,0.0,0.0,0.0,0.0,59.99796958116844,105.33106448858946,113.81694418576485,93.58087830286063,85.61479595475045,84.85546808607707,85.9755485413771,91.02100787931472,84.99408990503052,48.393175784436956,15.584364301669813,0.0,0.0,0.0,0.0,0.0,0.0,0.0
Simulation,749,0.0,0.0,0.0,0.0,0.0,0.0,19.508308548876556,60.09429861247668,89.03398491701418,77.07802680549459,97.16137902304878,96.7466682200625,24.231608253561888,9.584484497736057,9.972067848480314,28.22323087428802,20.59367226368034,0.0,0.0,0.0,0.0,0.0,0.0,0.0
Simulation,750,0.0,0.0,0.0,0.0,0.0,0.0,44.777365006759325,78.48170852398707,89.87260328852751,60.85171411319585,70.57221585784586,69.18785418603215,41.88577029392746,31.553189872216336,31.492106450820494,31.23767410835797,15.103966130863817,0.0,0.0,0.0,0.0,0.0,0.0,0.0
Simulation,751,0.0,0.0,0.0,0.0,0.0,0.0,28.273107530925277,80.262218630961,107.22761375294091,114.48574839141091,118.66148790577455,120.15515706752915,107.78277363880585,100.74707183744002,92.4537755991307,67.85266097351489,20.845619677405715,0.0,0.0,0.0,0.0,0.0,0.0,0.0
Simulation,752,0.0,0.0,0.0,0.0,0.0,0.0,14.961731253661753,98.33645233014352,115.37983323151458,114.60374269732011,110.96773379427616,109.82298675871252,106.36420853144253,108.36227943925567,104.42595739607887,68.1557954342357,20.567122957755167,0.0,0.0,0.0,0.0,0.0,0.0,0.0
Simulation,753,0.0,0.0,0.0,0.0,0.0,0.0,71.55937634585399,90.33499700223138,99.99982531885257,99.29873986628046,98.7046894142608,90.45957152606168,74.88697301287768,79.84194982997461,85.0074662688606,65.94093343779576,13.760904994177151,0.0,0.0,0.0,0.0,0.0,0.0,0.0
Simulation,754,0.0,0.0,0.0,0.0,0.0,0.0,21.211044154426283,85.5348836415205,111.69380582800432,104.8398909736007,85.19350275413899,55.762216804653825,57.07459090915895,78.8980135846959,96.45747483581812,88.60293930576478,15.771469723213325,0.0,0.0,0.0,0.0,0.0,0.0,0.0
Simulation,755,0.0,0.0,0.0,0.0,0.0,0.0,110.70269171478509,123.47802015556397,122.07013361616644,111.07267898354372,117.72588397567802,120.58376628406852,98.53727541747041,65.67005126358,24.651679386200293,5.272432224676187,9.397707775381207,0.0,0.0,0.0,0.0,0.0,0.0,0.0
Simulation,756,0.0,0.0,0.0,0.0,0.0,0.0,15.860917606465385,105.5700888329885,119.81603077966797,114.83967714778022,105.14950201521805,93.1491113387221,50.20469722625785,42.20379373971777,31.724027264798867,20.14055392987954,16.00998443124265,0.0,0.0,0.0,0.0,0.0,0.0,0.0
Simulation,757,0.0,0.0,0.0,0.0,0.0,0.0,36.55790737983463,59.95674900665747,61.25479519088105,30.63305128179178,85.45105517808149,109.6453215326067,96.13741808863699,73.60003683957193,42.541892788096845,20.824438269252806,20.625849432322166,0.0,0.0,0.0,0.0,0.0,0.0,0.0
Simulation,758,0.0,0.0,0.0,0.0,0.0,0.0,34.113125732337465,87.39061859164467,111.79947970361805,115.23713835220751,115.44746132808726,114.25519803294846,104.6456946420023,104.47612182783607,101.90630663994449,70.36924625574687,18.835671727116992,0.0,0.0,0.0,0.0,0.0,0.0,0.0
Simulation,759,0.0,0.0,0.0,0.0,0.0,0.0,38.93076470559191,76.64802803659079,81.42359166817207,29.653068937079226,47.04466901368837,71.41134617561916,80.42346461619866,76.18225583634893,59.413794869187704,28.810661653078803,17.75218514556629,0.0,0.0,0.0,0.0,0.0,0.0,0.0
Simulation,760,0.0,0.0,0.0,0.0,0.0,0.0,12.529402276411375,55.267442056820926,89.44573189217921,66.40738911602867,32.70224888957854,26.730722497361086,37.28020904832606,52.83635543314868,65.55159521497383,51.99251104699258,13.924219004646222,0.0,0.0,0.0,0.0,0.0,0.0,0.0
Simulation,761,0.0,0.0,0.0,0.0,0.0,0.0,27.16697548572221,87.20880023403495,109.29266609371506,99.29128467719788,102.57964284156685,103.47817572600351,80.40616637670351,74.35530500489818,59.13144515824989,20.915595850919438,11.508154027033342,0.0,0.0,0.0,0.0,0.0,0.0,0.0
Simulation,762,0.0,0.0,0.0,0.0,0.0,0.0,10.345307538990795,85.84270443423497,113.65766829666646,103.4886626813831,99.2115132058196,97.46986275975608,81.8979255329159,81.2892395409722,68.81609074408065,38.855146275701124,18.871209535580583,0.0,0.0,0.0,0.0,0.0,0.0,0.0
Simulation,763,0.0,0.0,0.0,0.0,0.0,0.0,27.851656218811442,76.55540717925288,95.57915843818877,77.17247899132524,75.21101291965654,71.6456573848324,66.05726652755088,68.35444087606311,63.961604654420945,37.774315932321336,14.973969626048675,0.0,0.0,0.0,0.0,0.0,0.0,0.0
Simulation,764,0.0,0.0,0.0,0.0,0.0,0.0,114.95102832343849,123.57559461175575,120.21791038987699,80.6494790118378,52.837331138201876,52.80982423462599,85.87494675469341,100.6895680460852,97.44058111151315,61.68517370971552,18.724060710127574,0.0,0.0,0.0,0.0,0.0,0.0,0.0
Simulation,765,0.0,0.0,0.0,0.0,0.0,0.0,101.66471647226706,108.8506062641411,114.89035889292968,120.179063500056,120.21188528186721,113.72986919559585,55.66295908711125,32.98618565002326,23.09324170644588,8.83959346345527,0.0,0.0,0.0,0.0,0.0,0.0,0.0,0.0
Simulation,766,0.0,0.0,0.0,0.0,0.0,0.0,36.07206247170361,76.659854648417,101.71463956050438,105.62878692360724,112.94121121524226,108.36655286224206,62.08380718206351,42.223055127470325,31.550869017723254,24.57822978239094,12.829513532641547,0.0,0.0,0.0,0.0,0.0,0.0,0.0
Simulation,767,0.0,0.0,0.0,0.0,0.0,0.0,6.59289851905735,32.94975083633311,79.73330520165932,30.682726987981198,21.624494730810838,18.06132607360486,19.130212232190452,21.80699454380894,18.945903551321656,11.320612184185705,9.951766100004328,0.0,0.0,0.0,0.0,0.0,0.0,0.0
Simulation,768,0.0,0.0,0.0,0.0,0.0,0.0,100.84680567514889,111.68976019484658,114.20966852576232,108.6051665305653,107.69578595707063,104.29495985572282,85.47891593300567,87.18341266509971,89.60082358531885,70.24259438055188,15.201534414529759,0.0,0.0,0.0,0.0,0.0,0.0,0.0
Simulation,769,0.0,0.0,0.0,0.0,0.0,0.0,76.19600475826941,117.35744902925677,118.590382479989,118.02359099132576,115.8498191293321,114.87239166882826,114.01275018684123,111.60168326608624,112.72428865828914,96.50087568391558,20.727334720753262,0.0,0.0,0.0,0.0,0.0,0.0,0.0
Simulation,770,0.0,0.0,0.0,0.0,0.0,0.0,30.723056197381336,101.99466389695102,115.04965428512699,112.18245559147333,111.13124818337633,114.83775239072345,119.08112460597391,119.40428643803784,117.94063867433422,87.61531789828516,26.25627950074344,0.0,0.0,0.0,0.0,0.0,0.0,0.0
Simulation,771,0.0,0.0,0.0,0.0,0.0,0.0,17.466254690010153,92.31504615068337,112.93965335073001,70.36977362587366,32.930372103365386,28.87460701572455,35.77272397606456,38.036620523559776,35.06858175664941,19.551965721470722,14.373978421870326,0.0,0.0,0.0,0.0,0.0,0.0,0.0
Simulation,772,0.0,0.0,0.0,0.0,0.0,0.0,41.46218435289331,106.12398303098077,116.02964082008701,103.84617998332159,99.57571995564187,92.6241275962149,46.48893951390667,31.440329672684015,21.071393734306945,14.338121563939382,13.189655504053546,0.0,0.0,0.0,0.0,0.0,0.0,0.0
Simulation,773,0.0,0.0,0.0,0.0,0.0,0.0,64.54851518477702,117.48730838711376,116.96042219723533,82.33619483179365,69.40888976052973,66.38075883088858,50.70837153483258,44.70740285712604,28.958562019811815,9.589219530891672,9.989042633650982,0.0,0.0,0.0,0.0,0.0,0.0,0.0
Simulation,774,0.0,0.0,0.0,0.0,0.0,0.0,6.38638813391286,100.2152819267783,118.06333617072663,104.71582501240388,66.96550327410512,28.81554697496388,23.8297139418081,39.40145877391122,39.4914265642103,14.498527955446228,7.008110500481367,0.0,0.0,0.0,0.0,0.0,0.0,0.0
Simulation,775,0.0,0.0,0.0,0.0,0.0,0.0,41.933152653076874,116.55158792962911,121.25613262043096,116.86656885179912,116.97049292235363,116.51624035031666,87.54095058659661,76.50370618545733,58.511649636561856,30.84561501385597,17.976328464670992,0.0,0.0,0.0,0.0,0.0,0.0,0.0
Simulation,776,0.0,0.0,0.0,0.0,0.0,0.0,52.62685665713122,115.12038221996775,117.70598634514273,93.57030228601256,55.13890571903074,31.986453192638265,55.24080599839924,59.77313973284661,43.993699922725796,7.1198696047574686,0.9332602236206782,0.0,0.0,0.0,0.0,0.0,0.0,0.0
Simulation,777,0.0,0.0,0.0,0.0,0.0,0.0,25.963742457659507,79.07031435139805,100.72116816872114,79.55814856960203,78.15894195644825,64.79788292625568,29.567921697499408,23.831632217914155,27.431501591874266,33.96276971633458,15.13309720851632,0.0,0.0,0.0,0.0,0.0,0.0,0.0
Simulation,778,0.0,0.0,0.0,0.0,0.0,0.0,20.65497643544249,28.173372477594285,40.403130850855234,53.36069645736632,79.06356870299008,79.32765126297318,33.00778344734711,20.97679463957212,22.887763583534834,36.58779346276297,17.91854902979448,0.0,0.0,0.0,0.0,0.0,0.0,0.0
Simulation,779,0.0,0.0,0.0,0.0,0.0,0.0,115.17295576666854,120.76962265300975,118.33391161741119,110.51423948767554,111.57917324590935,110.6348676502026,89.13982870677852,77.42220767435711,59.26666155126652,24.86224379646179,12.48446394933239,0.0,0.0,0.0,0.0,0.0,0.0,0.0
Simulation,780,0.0,0.0,0.0,0.0,0.0,0.0,75.56442213227697,121.00086895715381,121.92002597104128,105.57932755326732,97.95643096885091,84.70758497803082,36.00075726462483,18.42229000265877,11.970015445340444,13.261296051843487,14.692863266439765,0.0,0.0,0.0,0.0,0.0,0.0,0.0
Simulation,781,0.0,0.0,0.0,0.0,0.0,0.0,44.78071789231629,94.12627807477237,110.3251088470248,103.8206478013983,107.45415170896054,114.30407838093812,116.87971590201381,112.52189860457622,103.47202710625602,43.9854913964758,16.096328271909044,0.0,0.0,0.0,0.0,0.0,0.0,0.0
Simulation,782,0.0,0.0,0.0,0.0,0.0,0.0,62.73894046854228,118.43942468440606,119.17072407906252,103.93451926427869,107.62616848827395,113.26847854030264,85.23323791859042,63.652886086795704,30.56393041044013,5.517295388460127,9.860774556885644,0.0,0.0,0.0,0.0,0.0,0.0,0.0
Simulation,783,0.0,0.0,0.0,0.0,0.0,0.0,2.4980647509424756,23.367473925962912,53.5114887945988,37.361217633059425,80.63223565752071,101.12606847043136,82.1193121139497,61.326048387901395,32.08998830172207,12.4956095521283,17.933244784614402,0.0,0.0,0.0,0.0,0.0,0.0,0.0
Simulation,784,0.0,0.0,0.0,0.0,0.0,0.0,14.995052649441043,87.4593852458708,114.83538601602697,119.98667819456145,113.85185998064907,104.50556483769883,106.43288453654944,112.52563286949419,114.47778110736213,75.93631831388832,18.163276883481878,0.0,0.0,0.0,0.0,0.0,0.0,0.0
Simulation,785,0.0,0.0,0.0,0.0,0.0,0.0,10.882825621436986,51.56893916515562,92.08460461236268,107.08111577373964,107.71841826429406,101.60138482066034,63.19310246519311,64.18679527794659,65.35361336950866,37.28276644565111,11.784421553115681,0.0,0.0,0.0,0.0,0.0,0.0,0.0
Simulation,786,0.0,0.0,0.0,0.0,0.0,0.0,59.37961847557738,112.85997134459859,115.01853198492512,82.3466516990151,80.5383120029052,82.74401143240634,59.97172250230152,53.24244303436229,48.10260147473185,41.35405119278067,20.340341716827513,0.0,0.0,0.0,0.0,0.0,0.0,0.0
Simulation,787,0.0,0.0,0.0,0.0,0.0,0.0,2.2690119753882954,22.15568856219005,79.0579816268291,100.12898652292189,110.01869798870794,109.70715708567086,70.17043844899133,52.6057915026677,34.90024526936196,15.59351605225483,14.414624424009029,0.0,0.0,0.0,0.0,0.0,0.0,0.0
Simulation,788,0.0,0.0,0.0,0.0,0.0,0.0,33.98991687051395,103.02013669722612,116.0838529548693,114.83872115351866,101.3364085731249,83.36319886289004,67.08636545832492,84.9113180717815,101.43231224660279,101.45834376644909,19.06010115507868,0.0,0.0,0.0,0.0,0.0,0.0,0.0
Simulation,789,0.0,0.0,0.0,0.0,0.0,0.0,19.50813064301105,54.588608401423436,84.3351507491551,50.86502743164842,61.9619750534602,66.12477302725836,29.41357873152232,12.642965377017774,5.867377436425244,4.8872212503939565,12.554122425644406,0.0,0.0,0.0,0.0,0.0,0.0,0.0
Simulation,790,0.0,0.0,0.0,0.0,0.0,0.0,34.46852386909272,112.01324446127343,120.43867036055337,121.74896147093503,118.75691146696211,116.53747854175633,112.88844923066416,111.56505487887264,112.81817595905045,89.52328003434934,19.374793011981275,0.0,0.0,0.0,0.0,0.0,0.0,0.0
Simulation,791,0.0,0.0,0.0,0.0,0.0,0.0,15.036591095334458,80.76658715848633,106.38117025751131,82.40985799776873,99.52124341133636,108.55720182826929,81.62178870929975,59.76659852629343,34.85125827815389,16.84681732599673,15.057402270958121,0.0,0.0,0.0,0.0,0.0,0.0,0.0
Simulation,792,0.0,0.0,0.0,0.0,0.0,0.0,113.64349205523266,119.78209367271879,117.04771527201265,107.93865833434465,117.23511722210225,120.15917284612125,113.26279247372858,96.10018109095293,79.37399288588118,47.997807310787636,16.287839138164788,0.0,0.0,0.0,0.0,0.0,0.0,0.0
Simulation,793,0.0,0.0,0.0,0.0,0.0,0.0,83.90764129961485,115.16632685879318,114.83921740403207,85.89477981456133,102.34765868600762,110.09061837866263,69.0579111717712,40.91957797964679,17.180075269395033,14.399831679142892,16.584424167549244,0.0,0.0,0.0,0.0,0.0,0.0,0.0
Simulation,794,0.0,0.0,0.0,0.0,0.0,0.0,68.0676674268102,97.5726558941882,106.81685413811321,83.85444456392376,80.25184984010042,69.25951241657108,43.31896391064205,35.1056485243462,33.77784209732539,30.869014385626325,14.610629099725017,0.0,0.0,0.0,0.0,0.0,0.0,0.0
Simulation,795,0.0,0.0,0.0,0.0,0.0,0.0,45.331331720480364,80.6059643450894,100.73155211212787,98.46411665154,97.47290267519178,83.35970500182907,40.72415301537163,33.38266787312708,36.80174419562285,30.132591841680373,12.537988603313078,0.0,0.0,0.0,0.0,0.0,0.0,0.0
Simulation,796,0.0,0.0,0.0,0.0,0.0,0.0,46.279639957363685,107.28574259368281,115.18289800696952,103.56946738104243,107.9069978296795,114.47221957942074,109.50324970623879,102.14123693716374,88.85612321096616,55.03658688124509,23.73480598729025,0.0,0.0,0.0,0.0,0.0,0.0,0.0
Simulation,797,0.0,0.0,0.0,0.0,0.0,0.0,101.03292022883974,115.19739716063636,116.2004583808664,103.48220898912805,94.40381108397123,78.66436119606315,44.90175603704887,30.744217641167886,20.274233750875872,11.485367693971789,8.807299947995922,0.0,0.0,0.0,0.0,0.0,0.0,0.0
Simulation,798,0.0,0.0,0.0,0.0,0.0,0.0,33.004627215127385,83.6058540578611,108.31047588410335,103.437431501756,99.00423642734125,92.99284363174867,77.5535582686988,76.21712908655802,61.39123451888412,15.54892030376309,7.282588291599972,0.0,0.0,0.0,0.0,0.0,0.0,0.0
Simulation,799,0.0,0.0,0.0,0.0,0.0,0.0,63.943832422500336,115.11641307969813,119.49341301099025,120.50124844534787,122.39543056040918,121.7176049232516,100.09021773513803,80.23946012401244,66.17454960329053,57.59465811783295,24.266944425527086,0.0,0.0,0.0,0.0,0.0,0.0,0.0
Simulation,800,0.0,0.0,0.0,0.0,0.0,0.0,24.045641297103554,87.67383969751789,112.27969552980458,94.04815752335683,69.30536630309452,31.74690293162098,12.479935595977523,18.535594562387324,22.43392636434818,19.15773934174528,9.005236673941063,0.0,0.0,0.0,0.0,0.0,0.0,0.0
Simulation,801,0.0,0.0,0.0,0.0,0.0,0.0,57.47668498773247,75.86698157646978,77.34824529085742,61.03472824763737,77.54968639683035,79.33671467186151,58.221138905036895,51.40465713314874,46.30366392602336,30.909396060563402,12.20044225777175,0.0,0.0,0.0,0.0,0.0,0.0,0.0
Simulation,802,0.0,0.0,0.0,0.0,0.0,0.0,24.717502344700716,71.30905277595807,88.42330199619708,59.740418508640936,73.40486260551398,83.37174989120469,74.90401860668142,75.73342183268907,66.47679478102933,38.795172654906686,17.83714172105257,0.0,0.0,0.0,0.0,0.0,0.0,0.0
Simulation,803,0.0,0.0,0.0,0.0,0.0,0.0,94.69308758376417,122.66461234360735,122.04677723688074,117.63062887000086,118.73031532526794,120.70273560218662,115.01042026514651,106.64551903637981,90.02167517983074,43.07613425208284,14.996552306372969,0.0,0.0,0.0,0.0,0.0,0.0,0.0
Simulation,804,0.0,0.0,0.0,0.0,0.0,0.0,34.62562944448501,111.48717476475083,118.06023697645449,107.01150327307305,104.8601675836645,103.16337679153983,78.18780491095801,75.46715405964513,66.67646998005189,54.66723684216834,27.27997738668808,0.0,0.0,0.0,0.0,0.0,0.0,0.0
Simulation,805,0.0,0.0,0.0,0.0,0.0,0.0,47.99182730470662,88.48286526873257,110.33015464784239,110.09218415700506,103.92716637006333,89.2394236243805,53.078780429815474,51.58852705241209,56.2284768927508,37.90389961764217,10.319985226778533,0.0,0.0,0.0,0.0,0.0,0.0,0.0
Simulation,806,0.0,0.0,0.0,0.0,0.0,0.0,58.19680122447973,94.50680401062193,104.2325413975926,77.85602552122612,77.5439968802702,79.91350805275061,81.06252539620654,78.85097921917477,64.51980665266915,26.314362058445248,13.42804855589344,0.0,0.0,0.0,0.0,0.0,0.0,0.0
Simulation,807,0.0,0.0,0.0,0.0,0.0,0.0,40.41954138290341,88.07823282379081,98.76344591853419,36.89489521678294,32.66181337292731,44.10782154810839,52.55132630712039,50.54854830686113,42.840084004296784,32.31235036943379,18.054885067867144,0.0,0.0,0.0,0.0,0.0,0.0,0.0
Simulation,808,0.0,0.0,0.0,0.0,0.0,0.0,20.504774054956997,94.56382524873644,114.07909497907794,112.42533850956714,114.7706571202733,116.99707120270344,116.89573453609887,114.37676338122708,108.37368183295601,52.10114863953032,15.59663427872944,0.0,0.0,0.0,0.0,0.0,0.0,0.0
Simulation,809,0.0,0.0,0.0,0.0,0.0,0.0,25.931618668330415,96.80440512447478,115.04965439468037,114.65829103573913,111.38260952878149,107.99917035187542,91.26573527280982,83.39741058252508,62.455784603905194,18.52184329761396,14.737934398875723,0.0,0.0,0.0,0.0,0.0,0.0,0.0
Simulation,810,0.0,0.0,0.0,0.0,0.0,0.0,37.18147817811539,89.29700067804069,107.05232470155109,86.85991269737325,91.37495894638344,92.2096549796611,64.0065574071315,53.20636256083374,40.28323041404444,26.32880675519723,15.174209867651225,0.0,0.0,0.0,0.0,0.0,0.0,0.0
Simulation,811,0.0,0.0,0.0,0.0,0.0,0.0,28.916569195297384,47.29213750155572,63.04063558699554,69.29947645615012,88.10211186694892,90.05300970545818,51.25030063371253,39.631939670247206,37.72711594998415,36.912970088827095,15.056449233495158,0.0,0.0,0.0,0.0,0.0,0.0,0.0
Simulation,812,0.0,0.0,0.0,0.0,0.0,0.0,27.197206260255015,96.15925486677583,109.34550494066985,47.34944201241284,53.24573146080063,76.82197467123741,76.9528274778931,66.17659371167217,36.77312790954964,5.7610551022829775,10.120982466931249,0.0,0.0,0.0,0.0,0.0,0.0,0.0
Simulation,813,0.0,0.0,0.0,0.0,0.0,0.0,8.638348889586673,75.46871921762373,101.68952602844054,74.79164140518662,69.08899643478318,64.9900886786178,37.530580453713974,37.25581175219379,39.73731298721533,44.65918400550258,23.60052887108133,0.0,0.0,0.0,0.0,0.0,0.0,0.0
Simulation,814,0.0,0.0,0.0,0.0,0.0,0.0,80.9318624792282,112.88679720255233,114.89028296757246,94.08364807601357,91.33239599484082,84.39065339787331,52.392243544019514,40.49315936239472,33.767821409186034,25.969480115175017,13.24119431509752,0.0,0.0,0.0,0.0,0.0,0.0,0.0
Simulation,815,0.0,0.0,0.0,0.0,0.0,0.0,40.64906604293969,101.95231223523427,113.23507353956299,90.7021406197236,94.33140806367712,98.91413321817586,85.4734419767225,81.19427801061887,62.71806127905546,17.590478325275814,12.174987975586918,0.0,0.0,0.0,0.0,0.0,0.0,0.0
Simulation,816,0.0,0.0,0.0,0.0,0.0,0.0,73.51385230373812,105.35125420422322,114.47129121227005,107.28230295539804,100.16446708833628,77.85029725592447,21.912968340700445,16.08776406580273,17.361719320216018,23.31356553363667,8.612631229200787,0.0,0.0,0.0,0.0,0.0,0.0,0.0
Simulation,817,0.0,0.0,0.0,0.0,0.0,0.0,73.08682338272823,113.00352700458772,114.97562436134241,98.83475982851546,99.16494498571575,93.65241166946188,59.08387489599026,54.11049188017702,58.92699969950165,61.31446177770866,16.081346337534367,0.0,0.0,0.0,0.0,0.0,0.0,0.0
Simulation,818,0.0,0.0,0.0,0.0,0.0,0.0,72.1685587394974,94.96103394879367,86.42743133389025,14.796634653415424,14.806336711268983,15.185267336760589,57.43742937089452,65.48710907602869,59.339996537494784,26.0371740387099,14.660505858397743,0.0,0.0,0.0,0.0,0.0,0.0,0.0
Simulation,819,0.0,0.0,0.0,0.0,0.0,0.0,83.76802896395893,118.63071057332625,118.25870677499182,110.02580169003357,106.77577821276859,106.96702381211207,112.41247682412347,110.25238317908584,109.40871353968942,83.95520843037191,19.37591742868439,0.0,0.0,0.0,0.0,0.0,0.0,0.0
Simulation,820,0.0,0.0,0.0,0.0,0.0,0.0,18.88131462696153,87.06814466691009,113.438439677808,107.25713093739955,105.79572797138759,98.82678499318217,56.34324563870745,43.49256703632922,31.782006028569604,17.0985282425322,12.093860001628652,0.0,0.0,0.0,0.0,0.0,0.0,0.0
Simulation,821,0.0,0.0,0.0,0.0,0.0,0.0,44.89352245081322,89.71752200910865,99.03463926690392,62.06851495695151,80.15470169820541,90.3527943196058,67.58154550621668,57.395208974357175,43.13943501181,30.5110360401589,16.097048109250572,0.0,0.0,0.0,0.0,0.0,0.0,0.0
Simulation,822,0.0,0.0,0.0,0.0,0.0,0.0,10.80231400869664,87.25232963135268,114.07979155635992,101.45292313473577,105.03815681833942,101.10093582000914,43.98736184070801,19.987843512846595,9.372339245897116,7.35511969688709,12.290028377654703,0.0,0.0,0.0,0.0,0.0,0.0,0.0
Simulation,823,0.0,0.0,0.0,0.0,0.0,0.0,50.34922137872459,102.87388160279758,114.70812950757451,114.50497820595804,119.04699275560147,120.76767906205282,107.48590477501004,91.93005926013569,81.57146639190672,62.320898555755775,21.087151825877275,0.0,0.0,0.0,0.0,0.0,0.0,0.0
Simulation,824,0.0,0.0,0.0,0.0,0.0,0.0,13.693162314364614,93.45071028514099,114.81424760604583,100.43465965537396,83.240031705653,60.50343655470341,36.90535622917108,34.46455957725693,30.283172373237516,17.009303257496722,13.900144164001414,0.0,0.0,0.0,0.0,0.0,0.0,0.0
Simulation,825,0.0,0.0,0.0,0.0,0.0,0.0,49.66797240124851,90.85399631343563,110.57777961839581,108.3793096936048,113.43685871215206,110.78674433061832,76.10506291257752,59.42107086604315,43.09271934317715,24.437135335744856,12.5053329463721,0.0,0.0,0.0,0.0,0.0,0.0,0.0
Simulation,826,0.0,0.0,0.0,0.0,0.0,0.0,58.40060585183926,90.24586737785201,104.74034488154689,109.83612841365591,117.4312563616499,114.76473699213047,59.96548637737008,42.25195452661154,39.7671688935466,41.623984650261576,14.52921815964196,0.0,0.0,0.0,0.0,0.0,0.0,0.0
Simulation,827,0.0,0.0,0.0,0.0,0.0,0.0,58.234039883282676,101.98248674081127,113.32676318151586,100.25867318982405,100.20154558311361,98.38263773340348,83.28439906945852,81.44287523340067,73.85040435288343,44.86576982875883,12.294019422957321,0.0,0.0,0.0,0.0,0.0,0.0,0.0
Simulation,828,0.0,0.0,0.0,0.0,0.0,0.0,54.44822463569123,108.94070401895445,115.25102299328825,98.8340447683826,99.47168282400462,98.80172850512099,73.08310069914032,62.7188799082292,51.39583757568978,35.402885127648986,17.79171064613258,0.0,0.0,0.0,0.0,0.0,0.0,0.0
Simulation,829,0.0,0.0,0.0,0.0,0.0,0.0,35.6749737555351,22.88505041528522,13.357073514615848,18.372089055290687,29.407737394768844,45.07707221946639,52.79892556983169,48.802790920521545,45.702090082119575,35.576344270012356,15.089315924311105,0.0,0.0,0.0,0.0,0.0,0.0,0.0
Simulation,830,0.0,0.0,0.0,0.0,0.0,0.0,37.7667692465876,69.27295599053232,88.92519515116241,83.2773888299656,85.46526523472251,83.35489779293653,66.96285027871586,67.24872714707278,63.18918605874547,31.760820998294026,10.397548385853753,0.0,0.0,0.0,0.0,0.0,0.0,0.0
Simulation,831,0.0,0.0,0.0,0.0,0.0,0.0,45.009685413645435,107.07445518061441,114.0847710734359,69.6403292386961,64.67193028409443,75.37843992421884,75.2097175760925,83.97686037714878,89.05452288745082,98.8568590861607,28.110477746847852,0.0,0.0,0.0,0.0,0.0,0.0,0.0
Simulation,832,0.0,0.0,0.0,0.0,0.0,0.0,38.73290025002497,115.64304261983249,118.81194957617778,89.52561529640988,60.65689671150267,61.2882495480364,88.74721104933462,97.2091434594441,82.99195176727602,28.202457744280743,14.95243402259942,0.0,0.0,0.0,0.0,0.0,0.0,0.0
Simulation,833,0.0,0.0,0.0,0.0,0.0,0.0,63.7636683019285,116.11310715242193,118.07091705318096,102.95162522812221,83.331268436212,66.87604426740764,65.73703938605097,79.81731693214888,85.18221175657123,66.09905936782975,17.761999484931742,0.0,0.0,0.0,0.0,0.0,0.0,0.0
Simulation,834,0.0,0.0,0.0,0.0,0.0,0.0,78.47510766521263,97.49052266919512,107.96670404431109,109.00614909197618,113.56012785745791,104.60451753852908,53.929569992378106,43.908759644958955,54.769166629091316,70.63438718986427,18.05016201997269,0.0,0.0,0.0,0.0,0.0,0.0,0.0
Simulation,835,0.0,0.0,0.0,0.0,0.0,0.0,62.55316812110526,94.47379356173806,95.91817966781073,50.14712245778605,65.3082596014382,71.42156626443078,37.18571088563778,22.08527340966353,17.60860080183634,25.24254274386582,17.19304894082534,0.0,0.0,0.0,0.0,0.0,0.0,0.0
Simulation,836,0.0,0.0,0.0,0.0,0.0,0.0,58.419298953885125,115.05120605161432,116.82456831086978,103.87953019077862,105.85501961565356,111.6808950539989,106.60870039106493,99.9870571148574,82.95109962922263,39.29304518084751,15.587305787820915,0.0,0.0,0.0,0.0,0.0,0.0,0.0
Simulation,837,0.0,0.0,0.0,0.0,0.0,0.0,18.704886433349678,102.4475032034757,115.216876967865,94.6824058369223,94.37605810534228,103.17117277476294,113.96233815934488,111.25647614832047,104.54992746830457,77.20975924698638,27.73522547207376,0.0,0.0,0.0,0.0,0.0,0.0,0.0
Simulation,838,0.0,0.0,0.0,0.0,0.0,0.0,19.51183423793128,80.89104375375723,106.073964738637,80.19461848282813,83.57856133819439,85.34403121966807,58.056096550033516,45.594241685985885,27.82552800520149,13.47707062597281,16.056763719017457,0.0,0.0,0.0,0.0,0.0,0.0,0.0
Simulation,839,0.0,0.0,0.0,0.0,0.0,0.0,58.20537149786848,89.8491808434608,95.8192282234621,79.72928639469893,91.14461042269316,95.21572689416497,75.63509138450688,74.197249328546,73.47767858361192,67.88382980357545,18.95810607759352,0.0,0.0,0.0,0.0,0.0,0.0,0.0
Simulation,840,0.0,0.0,0.0,0.0,0.0,0.0,14.946734189298631,84.60060229537119,110.05074798007712,90.23427976948882,82.68874516593038,79.34493848816196,66.93834457958863,76.21702231200078,76.67643887308716,52.38653090321745,20.500590204092372,0.0,0.0,0.0,0.0,0.0,0.0,0.0
Simulation,841,0.0,0.0,0.0,0.0,0.0,0.0,44.038387362870104,104.01008553150022,114.97380253224992,113.56009843531892,106.07167406376077,100.09951513554901,83.46634399498421,89.5462322386537,87.08997082441185,48.0712649443837,14.045003740238444,0.0,0.0,0.0,0.0,0.0,0.0,0.0
Simulation,842,0.0,0.0,0.0,0.0,0.0,0.0,7.326080398947575,51.175310166637935,100.31867252904362,112.70167933362961,119.17093709629017,119.03975404793147,71.83147414443384,53.11610071419473,43.40587409808867,44.36079000828865,21.994380410068523,0.0,0.0,0.0,0.0,0.0,0.0,0.0
Simulation,843,0.0,0.0,0.0,0.0,0.0,0.0,120.67453151953947,125.26416861143942,122.87262653008214,100.34417436411414,96.02423854063844,94.66712933578548,76.410926162442,72.49815967730098,58.912682750240556,23.9867472519094,12.086850188656422,0.0,0.0,0.0,0.0,0.0,0.0,0.0
Simulation,844,0.0,0.0,0.0,0.0,0.0,0.0,90.5173925093892,111.86452255032907,114.10853801812071,97.5107460909744,97.44168484812477,96.75568297530832,90.49796557485544,91.47645296527833,86.82042472005706,51.52873617859761,15.39488448458951,0.0,0.0,0.0,0.0,0.0,0.0,0.0
Simulation,845,0.0,0.0,0.0,0.0,0.0,0.0,46.280599255821755,96.08851432534195,99.49187920443416,17.484750662022776,15.134769644699958,14.818764598421652,10.0773415591308,6.357405556103778,8.945495729549336,20.419313960201418,19.27878718613272,0.0,0.0,0.0,0.0,0.0,0.0,0.0
Simulation,846,0.0,0.0,0.0,0.0,0.0,0.0,106.11294332076696,120.9655450632869,119.86981528660581,107.87178089025751,102.92708610055027,95.21937614574975,57.48749926979191,47.032466673699766,39.91210966098818,31.67058472749185,13.9123986036271,0.0,0.0,0.0,0.0,0.0,0.0,0.0
Simulation,847,0.0,0.0,0.0,0.0,0.0,0.0,41.632220782767234,91.48214151131683,100.70467636043475,51.13263724694026,58.383640436963915,75.87071381451341,72.96215046036863,66.72306176584843,49.182676874485395,18.63435488662187,13.387365660043837,0.0,0.0,0.0,0.0,0.0,0.0,0.0
Simulation,848,0.0,0.0,0.0,0.0,0.0,0.0,25.039868603851403,81.17475660085088,100.66959975432465,65.36297012891043,32.831194097742426,29.44002919644666,43.48095462859561,55.00585677535734,58.6034261318442,31.720302601158508,13.505477881197063,0.0,0.0,0.0,0.0,0.0,0.0,0.0
Simulation,849,0.0,0.0,0.0,0.0,0.0,0.0,77.28304199354885,80.74663911982469,85.95846091979276,78.39144431155009,81.11998459323621,64.50572874604505,23.506643416382467,17.16960065704813,18.372019047698423,22.96356899530379,4.831279397802236,0.0,0.0,0.0,0.0,0.0,0.0,0.0
Simulation,850,0.0,0.0,0.0,0.0,0.0,0.0,10.357910263780113,73.9702547872875,107.26267504029573,98.83510807536986,92.04031269623721,82.5289981920532,62.079780183496126,69.6891421441368,76.35951361258356,74.96479969288093,23.975583044927603,0.0,0.0,0.0,0.0,0.0,0.0,0.0
Simulation,851,0.0,0.0,0.0,0.0,0.0,0.0,34.670009150860636,62.09302257089724,83.15914354687912,70.57124093519647,80.49228170441998,67.16159065965151,10.376820628341754,5.19608261871258,10.416634978627094,31.05982457169501,13.922119209727462,0.0,0.0,0.0,0.0,0.0,0.0,0.0
Simulation,852,0.0,0.0,0.0,0.0,0.0,0.0,107.02398356926614,111.2991224962769,110.66324617701413,78.31258832412158,100.54965043871162,103.95031336168189,41.50760845190176,17.95944739740142,14.720270968427258,40.32159817504215,25.57256725088581,0.0,0.0,0.0,0.0,0.0,0.0,0.0
Simulation,853,0.0,0.0,0.0,0.0,0.0,0.0,64.71741659146983,117.34933602902174,120.28156829334407,116.87836035103668,106.59366383438068,95.51027117754592,68.550630885157,70.80656098305555,64.8577953374821,32.89346159541002,11.724731158314327,0.0,0.0,0.0,0.0,0.0,0.0,0.0
Simulation,854,0.0,0.0,0.0,0.0,0.0,0.0,59.00683314502208,123.81825717462843,124.81843458533682,121.59834239637652,118.7293295980462,117.60056101763453,93.34985818281929,85.92174632101991,74.0724773560388,62.28106501892889,27.557815752592962,0.0,0.0,0.0,0.0,0.0,0.0,0.0
Simulation,855,0.0,0.0,0.0,0.0,0.0,0.0,22.035482955629668,107.73801341642293,118.72553254758462,118.0910679360876,115.50460056547415,112.76456165998205,84.42663758468254,86.11860533500962,84.95716566275837,68.22278168867788,20.662519897908904,0.0,0.0,0.0,0.0,0.0,0.0,0.0
Simulation,856,0.0,0.0,0.0,0.0,0.0,0.0,7.411965761169817,39.99321056422422,86.51774738343308,82.30307536824834,84.49510228689502,82.54122227179711,60.039255246610935,62.80573108272938,67.24954083872395,70.07817357306504,24.234702186906688,0.0,0.0,0.0,0.0,0.0,0.0,0.0
Simulation,857,0.0,0.0,0.0,0.0,0.0,0.0,54.55429821154792,85.7276760537449,101.69057757624805,106.33730660932838,114.80801287895156,109.7279327261837,57.209996845232325,45.384948542632195,52.65421700372245,67.45947941134825,18.425332639980958,0.0,0.0,0.0,0.0,0.0,0.0,0.0
Simulation,858,0.0,0.0,0.0,0.0,0.0,0.0,19.715840631210437,95.49013155411906,114.18481583822393,97.83118558712191,93.65374327777057,92.88234607864085,79.66201082131448,77.89515556801231,63.19044935264523,26.355128318063734,14.956622092995795,0.0,0.0,0.0,0.0,0.0,0.0,0.0
Simulation,859,0.0,0.0,0.0,0.0,0.0,0.0,23.677436468644437,88.2048310668102,112.0126822100692,106.56833305584178,111.44275517175117,106.23293618651877,57.08230458954367,47.09155090916774,48.042635232895485,52.46183529206286,22.440281042930707,0.0,0.0,0.0,0.0,0.0,0.0,0.0
Simulation,860,0.0,0.0,0.0,0.0,0.0,0.0,82.09162142425946,115.05439926239484,115.04921799728977,105.07049293151572,119.43881782896298,122.09563663371242,88.96491534059105,59.733102044070584,39.68038452762992,37.02450360690274,22.45219355451996,0.0,0.0,0.0,0.0,0.0,0.0,0.0
Simulation,861,0.0,0.0,0.0,0.0,0.0,0.0,67.66054024510319,120.96667281921421,121.68930389636265,116.61920872070357,117.38104655571992,117.00132609910445,84.82504292965918,75.5583947425053,63.19978575520813,40.795248868196616,19.102521083248114,0.0,0.0,0.0,0.0,0.0,0.0,0.0
Simulation,862,0.0,0.0,0.0,0.0,0.0,0.0,63.57329941182275,115.19110995378941,116.40619114451304,105.15747752906363,109.8085458978004,114.19083976502695,94.20039506233306,83.40284854116469,62.04148843455517,18.017730655087437,12.222583452313101,0.0,0.0,0.0,0.0,0.0,0.0,0.0
Simulation,863,0.0,0.0,0.0,0.0,0.0,0.0,86.82467252597195,105.36318773813224,110.56391622437407,84.97853853812576,101.11226991969167,98.67958543196524,19.353129580539047,5.114724332178945,6.929094531257384,35.90003930452042,21.165849705231928,0.0,0.0,0.0,0.0,0.0,0.0,0.0
Simulation,864,0.0,0.0,0.0,0.0,0.0,0.0,104.60256132954538,107.76522633359163,110.88487746854814,91.51889931724551,81.09800479651366,67.4443511919442,62.11101638200509,76.18082992335623,94.37667197110477,99.30452234147492,16.278040613892667,0.0,0.0,0.0,0.0,0.0,0.0,0.0
Simulation,865,0.0,0.0,0.0,0.0,0.0,0.0,57.63210924943364,94.23784941238657,104.43466644769288,93.57877743366562,102.23666223791462,108.11422339881524,105.22635731934415,97.76358323619014,88.92089455183282,57.56503773646694,17.315719513882264,0.0,0.0,0.0,0.0,0.0,0.0,0.0
Simulation,866,0.0,0.0,0.0,0.0,0.0,0.0,42.08398548807926,98.4416125815946,110.1339845347006,67.11558571149101,46.91872829840053,40.75841311096891,60.39939897797066,71.15205120087367,67.12734160436925,37.69918772402051,16.04374980313042,0.0,0.0,0.0,0.0,0.0,0.0,0.0
Simulation,867,0.0,0.0,0.0,0.0,0.0,0.0,49.889617515544316,118.68932506251036,121.25449663989077,114.29852773471092,113.13165270165383,115.5794725248015,114.08638488100915,110.09371026495421,101.51889674820235,59.3386673268895,20.857998996514173,0.0,0.0,0.0,0.0,0.0,0.0,0.0
Simulation,868,0.0,0.0,0.0,0.0,0.0,0.0,63.690032978920115,115.23870629974608,116.48138413492585,103.91472007718059,107.0968815675318,111.35113079430745,92.89522709778082,86.03220626454504,73.86480064608156,48.58820189132204,18.74829960927112,0.0,0.0,0.0,0.0,0.0,0.0,0.0
Simulation,869,0.0,0.0,0.0,0.0,0.0,0.0,111.55107380362163,118.7373192780955,118.051301495299,115.21365598408698,106.0134089561449,90.3869492834118,58.14567858168898,60.55526036102952,67.20700550681872,50.246713630610216,12.100186244898573,0.0,0.0,0.0,0.0,0.0,0.0,0.0
Simulation,870,0.0,0.0,0.0,0.0,0.0,0.0,33.27173805275085,73.07164582865089,97.75503260501766,85.21849523494062,91.2851936539645,75.65096532786788,7.428286706873607,2.3998996065866436,0.8637427544025584,2.88544618215856,0.5788837703577148,0.0,0.0,0.0,0.0,0.0,0.0,0.0
Simulation,871,0.0,0.0,0.0,0.0,0.0,0.0,33.94159245859442,92.05710701184324,112.82950692001886,110.60032002469143,113.97954032625356,115.04299148120452,112.89085732105853,103.52052749867255,87.56425345254814,37.234367795375285,15.066413172495222,0.0,0.0,0.0,0.0,0.0,0.0,0.0
Simulation,872,0.0,0.0,0.0,0.0,0.0,0.0,78.2929859105447,101.3009896928699,110.60277108661013,105.14850780627197,117.05266535454973,120.0524440079581,106.58832468639528,86.25418161507672,65.9683158943286,32.31262054330499,13.896541499710333,0.0,0.0,0.0,0.0,0.0,0.0,0.0
Simulation,873,0.0,0.0,0.0,0.0,0.0,0.0,10.462386145917385,84.20222031376842,109.6336646003783,86.84729755381753,83.84999284167327,93.29125961140642,107.47194918765476,111.30824807315912,109.4727886476522,70.10965519165816,24.806421016102316,0.0,0.0,0.0,0.0,0.0,0.0,0.0
Simulation,874,0.0,0.0,0.0,0.0,0.0,0.0,49.79305389674968,101.14748084950966,115.34714389431949,121.92393796781975,122.38832767757216,119.87155403967293,89.65599677495317,80.5541408537839,73.79743706538487,49.09084210195816,13.934045247677025,0.0,0.0,0.0,0.0,0.0,0.0,0.0
Simulation,875,0.0,0.0,0.0,0.0,0.0,0.0,37.58743061045667,87.45814892322844,108.49844969484599,97.09296155797983,83.28002671443238,64.62968272493325,53.31984179646713,59.18080817267949,66.26943134749884,50.34138676848103,13.207164276815856,0.0,0.0,0.0,0.0,0.0,0.0,0.0
Simulation,876,0.0,0.0,0.0,0.0,0.0,0.0,55.5819664996651,85.60827004836841,101.6886941971701,94.11265411135024,98.21722594175719,86.54244873264287,27.9457382396359,15.598889359006556,16.567037413391716,37.0180696421461,17.62558368201888,0.0,0.0,0.0,0.0,0.0,0.0,0.0
Simulation,877,0.0,0.0,0.0,0.0,0.0,0.0,57.28794654081874,117.05407821273354,122.04533359176423,124.17366699798399,120.35079159279525,103.9477429315844,41.362901998388104,45.94197298300273,62.63959848230229,67.01704741342517,15.197973805233692,0.0,0.0,0.0,0.0,0.0,0.0,0.0
Simulation,878,0.0,0.0,0.0,0.0,0.0,0.0,21.20023815584529,108.87164845706113,120.10519519487232,122.08058270884412,124.08075339524021,124.42720460786326,121.84815742315348,120.83041482855063,117.99459361656017,98.74773827609366,27.606299098293967,0.0,0.0,0.0,0.0,0.0,0.0,0.0
Simulation,879,0.0,0.0,0.0,0.0,0.0,0.0,59.9351012662206,103.75030472413322,114.17366189417572,104.6255101261898,115.02209259987438,113.32698860976261,40.503632613835485,14.377330003370282,12.188446775214913,34.71101645641277,20.67397606901245,0.0,0.0,0.0,0.0,0.0,0.0,0.0
Simulation,880,0.0,0.0,0.0,0.0,0.0,0.0,47.43824176610019,113.44020901089256,118.13132839254867,112.52772302099218,105.93487753371885,105.02560757617215,107.04555926158034,103.89702012119163,85.34991880349486,24.63374188239441,10.145928170267748,0.0,0.0,0.0,0.0,0.0,0.0,0.0
Simulation,881,0.0,0.0,0.0,0.0,0.0,0.0,65.49255046511271,115.2688025669088,117.03798818379099,103.52338292390368,101.36236270568011,98.38407424453803,64.49211583570423,52.613510252196974,37.966629503070294,18.65319336248155,12.391390710913758,0.0,0.0,0.0,0.0,0.0,0.0,0.0
Simulation,882,0.0,0.0,0.0,0.0,0.0,0.0,7.509051707018138,28.718597074653886,62.731879959708635,65.32733746523078,76.0949813457427,68.25057231093083,37.60928404716902,31.13720901859898,28.82449212627385,22.47896058298274,10.196909660011825,0.0,0.0,0.0,0.0,0.0,0.0,0.0
Simulation,883,0.0,0.0,0.0,0.0,0.0,0.0,8.177243662584722,61.278540655481535,107.14379499870938,114.44254746931298,115.0796599191252,106.98418641495918,50.19829252256192,38.320706920204124,37.601956937826984,37.248292925925796,20.52475181777866,0.0,0.0,0.0,0.0,0.0,0.0,0.0
Simulation,884,0.0,0.0,0.0,0.0,0.0,0.0,47.15684788392278,118.06789694288746,121.23628014157735,106.5864737322247,114.84896190201538,119.10295470222647,104.55760749941211,78.88880512288928,43.77883576032671,23.599236704332988,27.415140995264345,0.0,0.0,0.0,0.0,0.0,0.0,0.0
Simulation,885,0.0,0.0,0.0,0.0,0.0,0.0,18.26191359715853,90.89217969076249,114.23521698132377,106.76802439447465,97.59333303515209,84.11840576203467,60.05364946430829,60.42042119967916,56.50722637273667,26.9585273134727,14.119531100181474,0.0,0.0,0.0,0.0,0.0,0.0,0.0
Simulation,886,0.0,0.0,0.0,0.0,0.0,0.0,14.555637317494003,71.59778915470395,101.49943497447953,76.31963103666577,62.78119335721112,44.91579358562312,12.861871785056216,12.044679954531723,12.483422197885332,17.094530480942165,14.488650075323715,0.0,0.0,0.0,0.0,0.0,0.0,0.0
Simulation,887,0.0,0.0,0.0,0.0,0.0,0.0,26.79186595419943,104.21656854613103,116.6752402185701,116.75634327256407,115.50813244852186,114.26405912117427,89.78333817953529,89.76397077035774,88.5787590730301,71.09097820000842,23.22898338708292,0.0,0.0,0.0,0.0,0.0,0.0,0.0
Simulation,888,0.0,0.0,0.0,0.0,0.0,0.0,29.49871360304713,106.297472077826,114.89660273440145,76.35120331705971,50.63581613942403,48.075575815027825,59.9647478582002,61.07345313152924,40.86667489816346,5.980484238838812,1.5196684841307082,0.0,0.0,0.0,0.0,0.0,0.0,0.0
Simulation,889,0.0,0.0,0.0,0.0,0.0,0.0,20.851610843124103,87.24218678337657,113.61343223210807,118.03678198978521,118.26642833537709,115.05949562554369,92.07063022451791,88.73408261274389,80.02250007336292,40.77055803168085,14.33791119488629,0.0,0.0,0.0,0.0,0.0,0.0,0.0
Simulation,890,0.0,0.0,0.0,0.0,0.0,0.0,45.496675991369216,114.67731974252035,120.59667343083223,122.24743274480471,124.14377421482376,123.21012986051767,97.51738722790586,81.39335962312889,67.59151037862058,49.84917893745373,16.211655084491387,0.0,0.0,0.0,0.0,0.0,0.0,0.0
Simulation,891,0.0,0.0,0.0,0.0,0.0,0.0,68.2391118858384,85.12759575083899,98.0941554739151,99.77023317188706,110.24982405008468,111.05628856786706,85.25472865731678,74.87760784957668,66.53381347449009,54.874219054681916,17.951065320958662,0.0,0.0,0.0,0.0,0.0,0.0,0.0
Simulation,892,0.0,0.0,0.0,0.0,0.0,0.0,73.01945196293377,113.78400887786434,113.11114549971148,31.305374593823245,15.251862737358863,15.533064380373915,63.45377040787652,86.57804927727764,94.35944423070654,60.7747216400233,16.46643588963092,0.0,0.0,0.0,0.0,0.0,0.0,0.0
Simulation,893,0.0,0.0,0.0,0.0,0.0,0.0,76.00757665201954,106.84998300414846,111.81431245425279,77.39845665564319,36.837472250860614,25.428027132776762,30.68687325834332,46.02311697773399,56.48590239571546,30.075277217449056,8.316377412362737,0.0,0.0,0.0,0.0,0.0,0.0,0.0
Simulation,894,0.0,0.0,0.0,0.0,0.0,0.0,77.7517914033776,98.30597847837521,107.11129584809146,100.254374481584,109.70505283778446,106.94151037840376,62.70717998972795,41.895740459815194,29.31796370252282,19.385275601217398,9.397471065820568,0.0,0.0,0.0,0.0,0.0,0.0,0.0
Simulation,895,0.0,0.0,0.0,0.0,0.0,0.0,32.828493538200306,120.90808959760982,124.49404657930108,122.63949637796756,115.90766511967382,101.46122769794214,60.4142984762515,61.95184246082619,60.33707342337164,34.880667157412866,13.417811475408659,0.0,0.0,0.0,0.0,0.0,0.0,0.0
Simulation,896,0.0,0.0,0.0,0.0,0.0,0.0,16.98749246128739,79.27479604298196,105.45894755426072,74.82216672250527,50.77466523971749,32.00947268184831,28.74816583718698,25.709596285309352,18.348411166813158,7.754020575150999,8.53962819845227,0.0,0.0,0.0,0.0,0.0,0.0,0.0
Simulation,897,0.0,0.0,0.0,0.0,0.0,0.0,50.5508256415211,58.50169216081928,71.88270550152586,89.78104288466358,109.92183757421594,113.24607374296549,68.71578304753218,50.22920468587729,42.97277317273354,44.340093476236724,15.41143306749524,0.0,0.0,0.0,0.0,0.0,0.0,0.0
Simulation,898,0.0,0.0,0.0,0.0,0.0,0.0,61.977738780575315,118.6354674595694,121.82151911134449,118.30539315319885,117.43601884535362,114.69808273756122,83.82691276265003,65.79379659553649,37.88001923995603,7.286575512846351,7.949667491083344,0.0,0.0,0.0,0.0,0.0,0.0,0.0
Simulation,899,0.0,0.0,0.0,0.0,0.0,0.0,6.705460537862876,28.626239275335138,68.14425479017068,85.25535113109017,100.10623237455331,101.85123445951486,66.864739101801,58.85485590978431,54.82142688896831,40.68630476260239,18.11693582921106,0.0,0.0,0.0,0.0,0.0,0.0,0.0
Simulation,900,0.0,0.0,0.0,0.0,0.0,0.0,14.923293790032382,79.61259956165148,109.91311822374007,94.14201008042056,84.10220409124983,82.23830478914876,79.10911501702162,77.63648719641728,54.78027078064516,7.10289937134722,7.044164842095394,0.0,0.0,0.0,0.0,0.0,0.0,0.0
Simulation,901,0.0,0.0,0.0,0.0,0.0,0.0,106.00906483939167,112.66878403998314,114.32230929009617,107.32020576727564,114.80020497725555,114.15485902768796,80.35693058818845,69.57254673364879,66.30869989562552,61.892695505469334,20.258260211025444,0.0,0.0,0.0,0.0,0.0,0.0,0.0
Simulation,902,0.0,0.0,0.0,0.0,0.0,0.0,69.32795280174149,76.47341353368179,66.97580504312418,47.357320017246195,50.07960811296211,44.17499907094955,41.219272875761305,40.448542997247436,40.240223124031175,26.586214436248543,10.803686770277228,0.0,0.0,0.0,0.0,0.0,0.0,0.0
Simulation,903,0.0,0.0,0.0,0.0,0.0,0.0,118.5739374318913,125.25844354326804,125.07129627275671,124.78420357349438,125.15980907916511,124.43353840193473,119.62049234591125,115.32730368034944,114.19508634901774,87.75897698583196,18.708302890721594,0.0,0.0,0.0,0.0,0.0,0.0,0.0
Simulation,904,0.0,0.0,0.0,0.0,0.0,0.0,60.45091942489322,108.39492634692182,116.2634067898686,116.73514514513147,120.86920631590063,120.38317960500616,75.55329420521224,44.3767439479099,17.283034931374836,8.52048722568809,11.106326351967448,0.0,0.0,0.0,0.0,0.0,0.0,0.0
Simulation,905,0.0,0.0,0.0,0.0,0.0,0.0,42.72991095898406,80.77852096637366,101.08299822460424,97.18166043952947,100.6557827027014,99.04163592558002,77.22215372936759,71.12840104009824,60.0240680070046,34.205337307874785,13.47930019494095,0.0,0.0,0.0,0.0,0.0,0.0,0.0
Simulation,906,0.0,0.0,0.0,0.0,0.0,0.0,62.74491720384792,87.61461770736648,97.23116371991908,91.0275513606533,100.16262317869949,100.0357052707238,73.43121147098022,65.17107665680354,59.95072034554452,41.89759319889302,15.607880404478156,0.0,0.0,0.0,0.0,0.0,0.0,0.0
Simulation,907,0.0,0.0,0.0,0.0,0.0,0.0,118.03218082321595,118.46083984480093,115.46903811068468,114.44641036931289,117.72719187799582,117.61120697244561,93.34285560005765,78.19281711467247,61.91454698039092,26.619242004140517,9.429214083583101,0.0,0.0,0.0,0.0,0.0,0.0,0.0
Simulation,908,0.0,0.0,0.0,0.0,0.0,0.0,21.74918513723508,81.41817384143754,111.17964481291362,98.76763293407335,81.14664324591094,56.145024822495344,35.998134039441105,31.273961161099237,30.799667796276793,19.479374179740688,14.967607961216624,0.0,0.0,0.0,0.0,0.0,0.0,0.0
Simulation,909,0.0,0.0,0.0,0.0,0.0,0.0,93.26303123055624,102.82841127454728,109.25757611812811,108.68063553889127,112.80089592570775,106.23522406126527,70.56539062910602,75.90912711189651,94.40836073606141,115.09563618339396,24.837303710256077,0.0,0.0,0.0,0.0,0.0,0.0,0.0
Simulation,910,0.0,0.0,0.0,0.0,0.0,0.0,63.07564970665808,118.84240651381987,121.92984015516473,122.20900306220712,124.75952565722275,124.41374724185067,110.71933834513646,89.5772428334653,73.25222876234999,57.14226484760959,20.57599255040779,0.0,0.0,0.0,0.0,0.0,0.0,0.0
Simulation,911,0.0,0.0,0.0,0.0,0.0,0.0,20.798673325246007,88.15429581793214,113.34817598541808,114.80027832589958,117.59957783967957,117.74751537366225,100.47719807836484,91.45071555504583,83.1003452006218,57.44558203603236,19.28336784638664,0.0,0.0,0.0,0.0,0.0,0.0,0.0
Simulation,912,0.0,0.0,0.0,0.0,0.0,0.0,54.68302517627288,118.17022566309474,119.05232298948317,95.73413039337962,98.28520009605238,101.09807528630712,61.8932225642091,41.528823695919456,21.613648594433684,16.43729879245758,22.778719071975594,0.0,0.0,0.0,0.0,0.0,0.0,0.0
Simulation,913,0.0,0.0,0.0,0.0,0.0,0.0,58.367741491962036,83.0652573129396,83.74505840775905,46.991169026032,91.41845202465494,105.04032619236732,60.535062716079516,29.673755928040407,14.988749309242706,26.959038251929847,21.406675756398187,0.0,0.0,0.0,0.0,0.0,0.0,0.0
Simulation,914,0.0,0.0,0.0,0.0,0.0,0.0,68.43570349209739,109.02801762821586,114.08299953171779,103.51700343609207,115.07071928425549,120.0310312294396,116.86137911427721,108.92627458155609,102.68002976326486,80.57747409132594,19.201028112786116,0.0,0.0,0.0,0.0,0.0,0.0,0.0
Simulation,915,0.0,0.0,0.0,0.0,0.0,0.0,31.36069593337697,107.59250240285809,116.96485313252902,110.64720516202034,107.62364909248583,104.21786819518343,65.53494389692501,61.13725625580764,57.17618195129595,40.84988518810835,20.509220131522333,0.0,0.0,0.0,0.0,0.0,0.0,0.0
Simulation,916,0.0,0.0,0.0,0.0,0.0,0.0,50.05418868715334,96.89319193565763,109.07568523373149,93.57496059036096,100.63362810712562,102.1812563413048,75.76253006706943,68.99872739165629,63.1922105297119,47.36888825692542,18.919062678887467,0.0,0.0,0.0,0.0,0.0,0.0,0.0
Simulation,917,0.0,0.0,0.0,0.0,0.0,0.0,9.054484063878,97.65172063099746,115.04969033783925,98.4017288012427,79.14820868592615,72.7423178280409,77.88233598311898,92.31073555308052,94.51471451072467,61.22247519751749,20.548976752770667,0.0,0.0,0.0,0.0,0.0,0.0,0.0
Simulation,918,0.0,0.0,0.0,0.0,0.0,0.0,20.838481261912108,28.995598195271114,40.99700426332534,59.99748781212955,99.66553441800458,114.34334766630981,100.27040737333728,80.08866185570213,58.94463541111166,33.62158223971344,16.766405382870637,0.0,0.0,0.0,0.0,0.0,0.0,0.0
Simulation,919,0.0,0.0,0.0,0.0,0.0,0.0,4.190608188668328,32.88389105060517,86.2296209359069,70.81673930739042,73.80545781458349,76.57104156944023,55.78926294071054,47.0464136718639,27.051349260255883,6.502919911486895,10.042797526795471,0.0,0.0,0.0,0.0,0.0,0.0,0.0
Simulation,920,0.0,0.0,0.0,0.0,0.0,0.0,48.18795501788378,107.79276387173343,114.07221860275412,78.27025034698839,86.69324993543984,96.74343620090893,76.70068055630855,73.47070846045811,63.19735626317633,40.8474307174533,19.76503632598957,0.0,0.0,0.0,0.0,0.0,0.0,0.0
Simulation,921,0.0,0.0,0.0,0.0,0.0,0.0,6.592160955740589,77.65248258522647,109.10270976542323,83.53544413298931,80.33947230120764,80.54082573765372,58.45328852023296,58.329979545765056,57.89531098405283,48.83355740959033,27.053852603290967,0.0,0.0,0.0,0.0,0.0,0.0,0.0
Simulation,922,0.0,0.0,0.0,0.0,0.0,0.0,92.57941526250605,94.07184571133939,101.38258404942091,106.65829644833504,120.79718558751226,120.1490543155206,52.39219502108351,15.80989510062171,9.368296307547922,17.27754069697809,14.343378380217676,0.0,0.0,0.0,0.0,0.0,0.0,0.0
Simulation,923,0.0,0.0,0.0,0.0,0.0,0.0,25.240274530456322,68.63477825381389,90.92595663085801,68.25652253338336,66.98968816494187,66.37087804333626,58.7213743337243,53.19564385675537,39.03878498516912,11.543082996433586,8.44098705442044,0.0,0.0,0.0,0.0,0.0,0.0,0.0
Simulation,924,0.0,0.0,0.0,0.0,0.0,0.0,36.258876106937684,86.34608065506842,105.29935576292353,91.23680765689808,93.96561405482926,94.64372994357024,75.41745685808145,73.52850455548844,65.85482653748916,42.74324586959165,20.00933989600881,0.0,0.0,0.0,0.0,0.0,0.0,0.0
Simulation,925,0.0,0.0,0.0,0.0,0.0,0.0,69.13384921656017,117.27393494008889,115.17400741330138,51.04459711141047,78.58487346836483,97.49391324161175,64.49973203520523,35.17413419867402,11.937583221025129,7.117365963066035,18.367082834905105,0.0,0.0,0.0,0.0,0.0,0.0,0.0
Simulation,926,0.0,0.0,0.0,0.0,0.0,0.0,96.34778081631578,60.15901892173921,31.03479395897196,30.210600633400873,54.00345484273188,58.20502962219013,47.97187628403307,43.09835341268273,41.075445435171936,28.11128970349021,7.060317435367314,0.0,0.0,0.0,0.0,0.0,0.0,0.0
Simulation,927,0.0,0.0,0.0,0.0,0.0,0.0,20.647318595211715,99.2409415969995,115.04967160132198,115.12016681179745,117.02833329482945,116.78267541164955,98.0255163049323,91.63575686694227,79.66684586610705,37.40701309365476,12.234912225855382,0.0,0.0,0.0,0.0,0.0,0.0,0.0
Simulation,928,0.0,0.0,0.0,0.0,0.0,0.0,62.20628575368085,105.16422176299112,114.35371322255433,100.01920656738673,89.45076402127721,67.50996893827,35.43353065214708,32.662329900905426,43.94722389862578,58.26847384133271,20.505427891495426,0.0,0.0,0.0,0.0,0.0,0.0,0.0
Simulation,929,0.0,0.0,0.0,0.0,0.0,0.0,64.51945624111244,106.00511045445568,114.64926578021273,110.03291296626324,115.161853461012,117.8007740987574,115.05142807506425,106.4813803447516,88.96049243888211,47.73690390236773,19.380510894729348,0.0,0.0,0.0,0.0,0.0,0.0,0.0
Simulation,930,0.0,0.0,0.0,0.0,0.0,0.0,53.907866012549405,101.96412607733437,111.00877862115314,55.6805796090661,56.87985363034897,57.82552854232456,27.98633636150472,13.376952755494543,5.731003259340014,3.161897529595315,8.826710675870157,0.0,0.0,0.0,0.0,0.0,0.0,0.0
Simulation,931,0.0,0.0,0.0,0.0,0.0,0.0,62.45299685211364,105.99385662960604,114.83987711573225,107.03349360118044,115.18881469877896,114.81004529539929,64.1042328730947,36.46902573071801,16.950330792688973,14.84832372764815,15.433877712537189,0.0,0.0,0.0,0.0,0.0,0.0,0.0
Simulation,932,0.0,0.0,0.0,0.0,0.0,0.0,77.14506342494781,115.18722547718572,116.55065978152109,108.53415866596562,108.75800620894057,110.22636985226696,110.79144262393446,107.19489672372086,102.54479770943941,81.49187614089428,19.273252615564235,0.0,0.0,0.0,0.0,0.0,0.0,0.0
Simulation,933,0.0,0.0,0.0,0.0,0.0,0.0,50.330812904432946,106.99402851439811,116.97410189896934,117.17918488006765,107.99538653481001,90.44688361547512,42.02230398744171,40.82418031673169,48.65786470955326,51.87504085129716,18.360247771218077,0.0,0.0,0.0,0.0,0.0,0.0,0.0
Simulation,934,0.0,0.0,0.0,0.0,0.0,0.0,21.18823844367611,77.3522916370074,91.89899960847875,65.01876136110565,85.43871334510916,95.1839225238982,63.07240646276694,53.32222544571255,48.12326305466438,47.25239657239419,23.032244315126466,0.0,0.0,0.0,0.0,0.0,0.0,0.0
Simulation,935,0.0,0.0,0.0,0.0,0.0,0.0,87.78050051482823,115.65194415151849,116.02491826929139,103.81983517067343,99.4812355613813,95.68739728201824,82.82970418847395,86.02420161213453,82.1629225619413,47.53634506179572,13.15208446275439,0.0,0.0,0.0,0.0,0.0,0.0,0.0
Simulation,936,0.0,0.0,0.0,0.0,0.0,0.0,55.78601472497395,115.32412710370107,117.3351284551051,103.90088209399792,102.90022526191211,101.10993064175088,63.435080746491074,54.95795580396619,43.32636281930199,26.95920597037265,15.991744616161734,0.0,0.0,0.0,0.0,0.0,0.0,0.0
Simulation,937,0.0,0.0,0.0,0.0,0.0,0.0,35.06003254668167,76.9555749346674,85.22112974549518,54.91329459544769,52.76497458653678,57.5795287996036,71.36993214616976,84.3312608365707,89.0494194531442,62.02574507336561,14.61754429965862,0.0,0.0,0.0,0.0,0.0,0.0,0.0
Simulation,938,0.0,0.0,0.0,0.0,0.0,0.0,28.732576637421353,100.50271655769002,115.30569571030814,117.01428037748046,110.24309707490316,103.49941505621791,102.26959417350983,108.54795531802156,110.19133852428675,71.07997133269504,16.013414471734613,0.0,0.0,0.0,0.0,0.0,0.0,0.0
Simulation,939,0.0,0.0,0.0,0.0,0.0,0.0,34.016125306118795,91.76017320355675,106.16188600809055,88.3381085804713,94.36551142043666,101.11844304021362,102.73723599715285,101.77562405553178,86.98406788303626,31.30238869662912,8.81670671242805,0.0,0.0,0.0,0.0,0.0,0.0,0.0
Simulation,940,0.0,0.0,0.0,0.0,0.0,0.0,37.76506719990936,110.56164853487749,118.50201376223431,117.95385402484484,118.59443906751187,116.52866521304705,63.79871948515709,47.821786870994416,40.91359595298225,46.77748983365787,21.87412135735869,0.0,0.0,0.0,0.0,0.0,0.0,0.0
Simulation,941,0.0,0.0,0.0,0.0,0.0,0.0,44.918721170535115,68.73221067660259,84.7378010975726,91.46416850742708,85.53636685137995,75.0570590171096,63.768947556425644,80.31820952898079,95.2888185881439,75.95125817460746,12.682028230892554,0.0,0.0,0.0,0.0,0.0,0.0,0.0
Simulation,942,0.0,0.0,0.0,0.0,0.0,0.0,50.22591810110693,110.55737710007774,114.21158616812247,50.72939156704088,32.375363741231055,48.223332868178645,67.24393411821787,72.73248323135056,64.26549078398959,38.72741226739481,20.177323500884242,0.0,0.0,0.0,0.0,0.0,0.0,0.0
Simulation,943,0.0,0.0,0.0,0.0,0.0,0.0,78.39517320658723,87.45693977973147,87.5478518185718,88.77556039682666,105.55479020475319,112.34788696285906,104.69173020092703,103.27800942729141,110.09574578091188,119.56960851885236,27.50988611336929,0.0,0.0,0.0,0.0,0.0,0.0,0.0
Simulation,944,0.0,0.0,0.0,0.0,0.0,0.0,7.467986308335,31.93251383412364,62.50461818959625,27.84093243241709,30.487292367591635,53.068513103519706,64.69385730944593,61.72728617740624,42.91387296014098,16.234711981826315,16.41424258210881,0.0,0.0,0.0,0.0,0.0,0.0,0.0
Simulation,945,0.0,0.0,0.0,0.0,0.0,0.0,72.96288280394961,97.5833176387288,106.14369898979591,99.9250313003308,104.08039988075204,98.79188473936209,62.0378673953746,53.78740553765278,56.42846251674568,44.86210750561709,14.420592534677098,0.0,0.0,0.0,0.0,0.0,0.0,0.0
Simulation,946,0.0,0.0,0.0,0.0,0.0,0.0,53.89366134953311,115.25068919409775,116.93283849783404,93.53221619168532,93.62383868689474,98.93767264678843,93.49270091715732,86.44696144707613,65.32555101249655,23.65408084897654,15.592018240235008,0.0,0.0,0.0,0.0,0.0,0.0,0.0
Simulation,947,0.0,0.0,0.0,0.0,0.0,0.0,40.77621932324021,104.06115394893921,114.50306489023944,103.90990571826742,105.93828977525438,111.77804804846855,114.06504505422976,110.15566695972451,101.53766550597005,50.70628129736652,15.00432539069634,0.0,0.0,0.0,0.0,0.0,0.0,0.0
Simulation,948,0.0,0.0,0.0,0.0,0.0,0.0,83.79838010915077,114.87115527831499,116.35024150907817,115.22327758307674,117.4860688861381,116.43608053631483,88.58811815966413,76.96507205695806,62.0436816494643,28.976490745170903,10.224169619701527,0.0,0.0,0.0,0.0,0.0,0.0,0.0
Simulation,949,0.0,0.0,0.0,0.0,0.0,0.0,53.881518341368164,95.88245324764996,100.7888269549796,55.949823302264804,24.59593749720348,17.572148184327304,47.34176640443988,74.85948066835203,87.10552538356822,51.15615531066375,10.550822275790292,0.0,0.0,0.0,0.0,0.0,0.0,0.0
Simulation,950,0.0,0.0,0.0,0.0,0.0,0.0,68.42950314364649,125.17788753381235,125.33717743398957,121.63021289406505,115.68933882674067,114.47536388347073,114.98789449906187,113.16991175897132,111.7781487610176,89.75288286660987,28.03181796886866,0.0,0.0,0.0,0.0,0.0,0.0,0.0
Simulation,951,0.0,0.0,0.0,0.0,0.0,0.0,71.98217205330005,108.54679240765962,115.82734307980736,120.96585575285464,123.875976313868,122.46275224321118,97.88050342300755,84.13086776564222,79.66910018593387,70.3710310172664,14.798310635858641,0.0,0.0,0.0,0.0,0.0,0.0,0.0
Simulation,952,0.0,0.0,0.0,0.0,0.0,0.0,53.994347375732076,104.03906074732595,114.21130428102772,106.58878594604414,114.86028617565228,117.59981915569107,102.63142023283432,86.62870668884322,67.0201074548843,33.04679566441477,16.215406396442614,0.0,0.0,0.0,0.0,0.0,0.0,0.0
Simulation,953,0.0,0.0,0.0,0.0,0.0,0.0,40.48988091964676,111.25733502873463,116.95939588671396,104.29257639192969,99.07003357393812,97.30911962856025,87.30525068656114,90.81802230305567,84.45241318245837,50.29467209394488,17.489452381049624,0.0,0.0,0.0,0.0,0.0,0.0,0.0
Simulation,954,0.0,0.0,0.0,0.0,0.0,0.0,49.803917014318124,117.98265606267971,121.35119853734312,115.11654836322234,112.77029207031521,117.68670239557625,121.19978115575879,120.59482249382609,110.60821450631803,28.97431757444364,14.915593440031648,0.0,0.0,0.0,0.0,0.0,0.0,0.0
Simulation,955,0.0,0.0,0.0,0.0,0.0,0.0,54.249944826646704,95.77444867225164,107.95753173618806,99.81991030940719,105.20087641712544,108.05102356702282,107.82179521892111,106.89100037894303,102.05469170103275,70.84966730111069,16.284036076790446,0.0,0.0,0.0,0.0,0.0,0.0,0.0
Simulation,956,0.0,0.0,0.0,0.0,0.0,0.0,23.428276606260987,66.53428203682745,88.516873481886,61.48138403938592,93.73073714271855,101.42496304798188,52.354176060846726,20.603566153569567,8.177379228606107,5.301457547865596,12.471073929284774,0.0,0.0,0.0,0.0,0.0,0.0,0.0
Simulation,957,0.0,0.0,0.0,0.0,0.0,0.0,25.871959504379685,55.316019419675,82.9175728626973,91.47988379053436,93.94715000787448,89.30734520427353,70.50013305745355,80.57961543954181,94.30199932867967,85.54482695563587,18.639091951486066,0.0,0.0,0.0,0.0,0.0,0.0,0.0
Simulation,958,0.0,0.0,0.0,0.0,0.0,0.0,118.39565773959998,119.2535239768705,115.26759164862457,99.09305056610289,85.37448205053252,66.38596043864297,58.220504107187764,65.13526963038855,73.24876966959718,51.03322578556971,8.467730925562094,0.0,0.0,0.0,0.0,0.0,0.0,0.0
Simulation,959,0.0,0.0,0.0,0.0,0.0,0.0,46.480336714597094,112.87472985435329,116.96312507266387,100.13651751730175,99.48436370231511,103.17805656300946,99.29446833462295,95.3923217428435,82.11576839860523,48.737438195331976,23.31426411597607,0.0,0.0,0.0,0.0,0.0,0.0,0.0
Simulation,960,0.0,0.0,0.0,0.0,0.0,0.0,60.64538488530923,114.8052884521741,115.11266951181013,83.71620513054643,93.9627516567891,103.95100108016486,97.86788424250562,87.60153116709519,66.53349126411769,30.418597332690897,14.95622934707579,0.0,0.0,0.0,0.0,0.0,0.0,0.0
Simulation,961,0.0,0.0,0.0,0.0,0.0,0.0,72.7848352264541,122.54391519985626,122.38622001561367,96.22740511698781,95.78841708553807,96.82799107386319,58.607449978542846,37.80744529136172,22.231087402959417,30.67871355944469,27.612218256320958,0.0,0.0,0.0,0.0,0.0,0.0,0.0
Simulation,962,0.0,0.0,0.0,0.0,0.0,0.0,7.969808998035056,76.42633565735473,106.64115447539365,80.25575845485156,75.57580040637271,71.06033951564585,61.218902799274254,61.555861973434226,57.74320975213389,40.75819532697555,20.625243344264515,0.0,0.0,0.0,0.0,0.0,0.0,0.0
Simulation,963,0.0,0.0,0.0,0.0,0.0,0.0,57.565131684605866,110.54261807345142,113.10929587985028,18.83175165295644,16.330639590344006,19.904131632001253,10.383647197693307,4.672633482072733,1.9115984214482609,2.5006141320415978,13.554007146726322,0.0,0.0,0.0,0.0,0.0,0.0,0.0
Simulation,964,0.0,0.0,0.0,0.0,0.0,0.0,62.51304816270671,100.82258162417328,111.61278261621483,100.25178122795394,98.06609800690686,90.35527385603599,70.27869211605886,77.33487993447241,82.66570040618018,61.28802054163303,13.685395500149374,0.0,0.0,0.0,0.0,0.0,0.0,0.0
Simulation,965,0.0,0.0,0.0,0.0,0.0,0.0,32.947914916904644,96.31259375097449,112.77142849122173,102.50685373431395,111.00596208418617,113.9645511015351,81.8356890910768,72.49792789241931,59.84163214842042,37.75218732175937,16.026725192727397,0.0,0.0,0.0,0.0,0.0,0.0,0.0
Simulation,966,0.0,0.0,0.0,0.0,0.0,0.0,26.75426223602408,91.34434984142256,114.21146734669534,117.35044977895865,113.26820719619681,106.0348359799629,105.50922703255097,110.23072540066079,113.07581875189271,98.69492960419352,19.405272578996215,0.0,0.0,0.0,0.0,0.0,0.0,0.0
Simulation,967,0.0,0.0,0.0,0.0,0.0,0.0,33.84350432603321,106.73923086419633,116.55273114292176,103.87999859614041,97.38760555950253,92.22361293180406,77.32197103180263,80.3902924749115,78.62963040445302,63.5396376363735,24.834902681104023,0.0,0.0,0.0,0.0,0.0,0.0,0.0
Simulation,968,0.0,0.0,0.0,0.0,0.0,0.0,65.66699349909868,109.23116915980712,116.03112252461011,116.81085566327687,115.71844249124428,111.82327222604737,76.1172118008385,67.47906143313102,61.01071671976103,39.24655298204597,13.553073993620599,0.0,0.0,0.0,0.0,0.0,0.0,0.0
Simulation,969,0.0,0.0,0.0,0.0,0.0,0.0,17.016917509399942,54.279198590814474,87.03217805570236,86.77898305050402,65.11383415830818,45.05859871424685,62.90564862945462,86.5717120737946,99.20207189925868,55.92413409074392,9.455603543391291,0.0,0.0,0.0,0.0,0.0,0.0,0.0
Simulation,970,0.0,0.0,0.0,0.0,0.0,0.0,69.61459534365859,99.17859320739849,108.26455917506001,105.1741375972187,115.33051028275635,115.11434172636056,75.73550405657302,63.60277527202091,63.696683060167004,61.26515572522036,18.107863846116253,0.0,0.0,0.0,0.0,0.0,0.0,0.0
Simulation,971,0.0,0.0,0.0,0.0,0.0,0.0,81.34570069138479,112.8166104893172,115.17805459672375,104.6561739845585,102.02769173330293,91.41683511791501,37.584303611186094,24.51110767017086,24.19012514889583,27.89914588719448,14.305180248007431,0.0,0.0,0.0,0.0,0.0,0.0,0.0
Simulation,972,0.0,0.0,0.0,0.0,0.0,0.0,17.29386214439128,91.49326368221634,114.45310741534573,112.39583318844129,114.96002433500108,116.9931607638978,115.10416734231214,110.27937295241433,101.56900962748605,65.62212059699982,23.65208383370993,0.0,0.0,0.0,0.0,0.0,0.0,0.0
Simulation,973,0.0,0.0,0.0,0.0,0.0,0.0,36.893383568894706,76.34734305884449,93.03412685712276,96.9837108323231,100.87879125274969,103.53930929084882,104.30164046035301,103.00627710290955,98.057306231589,59.114810965435936,13.374029671161816,0.0,0.0,0.0,0.0,0.0,0.0,0.0
Simulation,974,0.0,0.0,0.0,0.0,0.0,0.0,60.75870363033481,91.64651143717316,101.71826903898273,78.68698317979702,85.50719119693954,79.76777781955252,36.5283593274308,18.935663056141465,16.26632372034311,29.52860960289565,17.271397610684634,0.0,0.0,0.0,0.0,0.0,0.0,0.0
Simulation,975,0.0,0.0,0.0,0.0,0.0,0.0,60.71013761735799,104.05844061806584,111.80461762134432,70.77185011169507,53.923273661166675,36.54036362015502,23.75195024975654,22.977530970788933,23.532337048119594,17.833583174858983,8.945460074994948,0.0,0.0,0.0,0.0,0.0,0.0,0.0
Simulation,976,0.0,0.0,0.0,0.0,0.0,0.0,54.37677751741859,94.07416612719273,98.88950798972084,44.411837019538574,61.80536949082129,77.92372483461179,60.034832479959746,46.77126996370539,34.23712422007098,26.619134837487692,15.571024444315901,0.0,0.0,0.0,0.0,0.0,0.0,0.0
Simulation,977,0.0,0.0,0.0,0.0,0.0,0.0,57.74223729144925,102.61581495307809,112.7869392332404,91.63951643212216,105.82897044804899,114.77620813478327,97.8122515061407,76.1662914422132,44.19267106728316,17.347135434477767,15.942650779012567,0.0,0.0,0.0,0.0,0.0,0.0,0.0
Simulation,978,0.0,0.0,0.0,0.0,0.0,0.0,107.2501726151931,119.08176334141574,118.45133292044116,109.98894693974104,114.97513927436583,113.18957560983637,58.205508422025936,27.082666710456152,14.922770982455837,18.525331590556632,16.704672206192296,0.0,0.0,0.0,0.0,0.0,0.0,0.0
Simulation,979,0.0,0.0,0.0,0.0,0.0,0.0,6.6397777620045915,59.48903074167722,106.55382986833033,103.2900889291487,100.96092450113832,98.73853311715668,74.96042180093433,71.17391590349135,58.205837900070726,28.15459449614206,17.96229772236376,0.0,0.0,0.0,0.0,0.0,0.0,0.0
Simulation,980,0.0,0.0,0.0,0.0,0.0,0.0,72.54867466290096,111.56249517605772,114.87975754600205,100.28079823469903,109.10171027239782,114.61959295588669,94.38671246690319,75.86657560734086,48.12586249791007,17.71946152181608,14.680349095317377,0.0,0.0,0.0,0.0,0.0,0.0,0.0
Simulation,981,0.0,0.0,0.0,0.0,0.0,0.0,16.98325705967496,34.63887618737779,59.98712806832025,27.696545323770025,23.775881989257456,23.21783352045459,19.68308148124354,21.339927184361535,23.08430742744366,22.055016213026292,14.45458949337392,0.0,0.0,0.0,0.0,0.0,0.0,0.0
Simulation,982,0.0,0.0,0.0,0.0,0.0,0.0,50.487634462535,111.5857395527621,116.55410263827244,104.97532993474215,97.56632537010636,89.7625591005879,69.99275299672973,71.4317641988236,65.24644910459374,37.72546551017392,15.056516943365748,0.0,0.0,0.0,0.0,0.0,0.0,0.0
Simulation,983,0.0,0.0,0.0,0.0,0.0,0.0,27.913133476649403,52.53758166486069,83.02434052178651,90.47018412899754,90.55510235063745,79.59848536727658,52.23556963524277,51.25289054560122,52.037105921087246,30.79055915317332,9.441980906376031,0.0,0.0,0.0,0.0,0.0,0.0,0.0
Simulation,984,0.0,0.0,0.0,0.0,0.0,0.0,10.43849484154773,79.33110982861945,108.89867621651368,88.38472971648267,87.309747220491,89.43771361421823,77.66304715583317,78.47963323943134,66.66460300386396,40.38659292285941,16.1312022939904,0.0,0.0,0.0,0.0,0.0,0.0,0.0
Simulation,985,0.0,0.0,0.0,0.0,0.0,0.0,21.652197785282457,54.8514670816554,79.3108904118367,61.986824757379445,77.56913470086799,92.8679338418378,104.6760747196657,104.80506654739757,95.81552800718339,52.419288229338854,19.414004356949782,0.0,0.0,0.0,0.0,0.0,0.0,0.0
Simulation,986,0.0,0.0,0.0,0.0,0.0,0.0,68.2243830493451,107.09445674343718,115.04830705104405,114.74370871421249,117.08830108691416,117.60043239541025,109.23678325381148,96.96522720194447,79.51661434978004,35.13687438465986,13.745509003859164,0.0,0.0,0.0,0.0,0.0,0.0,0.0
Simulation,987,0.0,0.0,0.0,0.0,0.0,0.0,1.370738238234125,69.8345076528661,114.07386666698274,110.02945987305904,107.69874129125509,107.055487010722,82.32607445151139,74.85603292435842,53.233754851252115,19.438650445529678,18.02745096654994,0.0,0.0,0.0,0.0,0.0,0.0,0.0
Simulation,988,0.0,0.0,0.0,0.0,0.0,0.0,53.99116907430036,118.61040814354304,121.69695735045143,121.53318930094932,122.7130178596941,123.83564273801727,117.00071544856499,108.1588707629319,96.96157846699708,71.84578415734428,27.42490718394138,0.0,0.0,0.0,0.0,0.0,0.0,0.0
Simulation,989,0.0,0.0,0.0,0.0,0.0,0.0,77.22706627221349,112.99303532393483,114.95737483247537,97.52062059199201,99.49918048182275,103.02963750882546,90.3826278272076,83.66438950955788,66.80275615757313,36.562408218058806,17.935776745393312,0.0,0.0,0.0,0.0,0.0,0.0,0.0
Simulation,990,0.0,0.0,0.0,0.0,0.0,0.0,44.12576224443789,106.1635665393875,114.8904597839894,103.57639905590207,111.65255120163164,116.88269168515356,113.07625440434146,102.04222453812253,84.55643928640282,43.340056247438,16.33515567847032,0.0,0.0,0.0,0.0,0.0,0.0,0.0
Simulation,991,0.0,0.0,0.0,0.0,0.0,0.0,52.33058732160826,102.28231822831462,110.57759273166529,65.87803795571097,68.18113154335353,77.95642841789305,76.27078494168987,80.5391998285194,83.38772231137281,80.83672206216835,27.510651137293408,0.0,0.0,0.0,0.0,0.0,0.0,0.0
Simulation,992,0.0,0.0,0.0,0.0,0.0,0.0,50.452550109956114,118.47237762084946,119.3690791562441,68.27047564565625,46.44162312378356,43.95562669089308,41.402174839315535,30.059484972982993,14.534898541491224,8.785320391052483,16.159831699665464,0.0,0.0,0.0,0.0,0.0,0.0,0.0
Simulation,993,0.0,0.0,0.0,0.0,0.0,0.0,73.02998540357342,104.02659622243111,112.64347301045899,105.16679218801617,110.99871855604441,114.19007785625915,107.40300350206228,100.77938531245448,84.48951264009821,32.52039360862518,9.933936014643807,0.0,0.0,0.0,0.0,0.0,0.0,0.0
Simulation,994,0.0,0.0,0.0,0.0,0.0,0.0,21.54814924470808,32.87484682181656,60.2978443488207,46.057858280548665,46.98413535657075,40.43034262674257,37.533698892261874,31.879381744400938,29.62969473448412,17.783688642536006,12.200790113714323,0.0,0.0,0.0,0.0,0.0,0.0,0.0
Simulation,995,0.0,0.0,0.0,0.0,0.0,0.0,12.918514732596861,75.12744929366114,104.35603983649301,98.76013574376024,95.24301791683564,94.3661436518136,90.3625981206639,101.45486227603946,101.53446376367718,70.37533860234589,21.114714012973266,0.0,0.0,0.0,0.0,0.0,0.0,0.0
Simulation,996,0.0,0.0,0.0,0.0,0.0,0.0,75.5530037159682,101.95595908527997,112.82667328611183,99.24696813940653,106.81791621887285,106.89748230063603,68.73634203764766,44.17593652714771,24.783274364861377,24.759599550293114,19.402305089650667,0.0,0.0,0.0,0.0,0.0,0.0,0.0
Simulation,997,0.0,0.0,0.0,0.0,0.0,0.0,53.08736010326593,74.97407443719335,72.94443869963278,40.65360998423606,78.18602672904652,91.12723061398056,62.606603312301026,47.032451459033105,37.46403434333998,35.42511435882067,18.43251336468166,0.0,0.0,0.0,0.0,0.0,0.0,0.0
Simulation,998,0.0,0.0,0.0,0.0,0.0,0.0,12.33799484086213,70.11126558670837,104.17732179228737,93.84773832951328,99.60012874576454,98.47632517766026,53.06261383007938,31.884414509736494,18.378075035590506,15.106667103922153,14.823650138525862,0.0,0.0,0.0,0.0,0.0,0.0,0.0
Simulation,999,0.0,0.0,0.0,0.0,0.0,0.0,70.26631294253588,112.75710687433418,115.10582977430681,109.9675234631165,115.34172630094949,118.75800810911954,116.06983229399906,110.56877241971011,106.30844550787131,88.34762868957247,27.53278848457096,0.0,0.0,0.0,0.0,0.0,0.0,0.0
Simulation,1000,0.0,0.0,0.0,0.0,0.0,0.0,69.97391254837717,109.33121357679066,113.07494815307622,65.2592108940174,67.02523587821223,77.72908802476796,73.20970053919865,70.88156370117977,59.28006054014836,34.891713397022436,17.166647748697265,0.0,0.0,0.0,0.0,0.0,0.0,0.0
