Type,Index,0600,0700,0800,0900,1000,1100,1200,1300,1400,1500,1600,1700,1800,1900,2000,2100,2200,2300,0000,0100,0200,0300,0400,0500
Actual,1,68.8496545,70.46758441666667,70.9007575,74.20409366666667,73.51882908333333,78.86155816666667,81.156223,80.52291375,87.47696466666667,89.30888208333333,88.07083358333334,87.66008541666667,88.82887366666667,85.36455699999999,79.82983666666667,77.30960708333333,72.137045,76.87144508333334,85.1075975,89.82372658333334,87.81120383333332,82.848248,80.81283541666666,70.61281133333334
Forecast,1,65.80053864355891,65.95432276432156,63.723064562861744,70.38352771952714,73.93107510942203,76.51252258347468,75.50736275826074,78.99569105186438,86.90634690431733,87.33983654321841,83.97847994835514,83.33681817261066,85.27880453303422,80.85139830633588,80.59372372703233,75.39711314273487,68.50867811107648,70.76752012480765,71.28491685581812,75.03286157192655,74.87150342833432,68.49735579706578,70.32277822854273,59.73421801341866
Simulation,1,75.19094549490764,78.2204523786523,73.49846020926888,77.62591343138004,73.94193375484784,82.98199170913958,85.83461255580904,87.39390968132464,92.08504941328742,89.42020524754585,92.87804937663353,91.70861744766951,89.43146699447746,90.6633606935698,91.3081012804356,87.43198063182223,81.11119669317661,82.03177724451493,84.95867971336467,85.59684480180375,86.1744007399627,67.75335620419345,70.97426340514589,64.62371931339663
Simulation,2,77.02057950748599,75.41250298513891,73.33686688457556,83.16082232568817,79.92700593778086,79.97858144879712,85.3420755818068,90.57669071983058,94.11536320944958,93.83187272347182,94.11397231036536,89.43462399188866,90.89663376648488,91.11129206585117,89.48325731935962,87.67643593585856,86.19903759711941,89.18435023995333,88.36093588941308,88.6943058499649,83.56600482081369,75.7993668726008,69.27645980043887,70.93393687800234
Simulation,3,75.77411131414972,78.84084617692646,77.0612347921521,80.73012264955943,87.89499777205651,85.54842771742364,75.13399558785048,76.45664650929848,81.07523570531039,87.3108504944139,88.51217218276521,88.42359714628778,90.23126002222386,84.54543922853017,86.15820974674213,74.61381484533796,81.2504171024971,82.87536509681446,84.80717677025606,85.90064944938953,85.25156627528033,75.2644474161536,72.64900426023307,73.90151363574587
Simulation,4,82.71003733187021,82.50521207318953,79.90332992535214,88.51040406898585,90.97315274975229,92.40904462807781,94.00445987474276,92.3133968011589,90.52573636555013,88.70401135185946,90.72221713092888,92.44539342744322,93.86649769352623,89.73795537970706,89.33389005009829,84.68925045041493,82.36259482288152,83.73299322563112,77.31481943370798,87.86783413063648,85.87566280891787,80.40133468406422,81.23787189764448,69.64294556130332
Simulation,5,74.65197619439235,76.94116099105355,76.29629624063384,73.51366104633357,81.43551855274552,85.82816137634084,86.15522161082644,87.0505383779752,89.1583278000684,89.72074258776308,87.61971399998113,88.2632999703859,89.54481775939732,85.93063650908071,87.3624219402365,76.09349134792957,70.87948388608372,70.78558380480972,72.29132465555034,83.33995301932985,86.51631173462384,69.30303048497295,73.06512083592901,53.76986477889999
Simulation,6,73.73646626406148,71.66976426559515,69.23741485952442,78.32335933866763,82.18852995084382,87.18810914592218,88.30959323017302,88.90451839489958,88.64239151198444,91.04375940811671,89.19022701640468,90.10577742308018,92.95258645412089,90.6753893267985,85.80635431796304,85.61255230898405,78.16741384850995,82.53175221149804,82.76567149427309,86.43679812525927,91.1221240921268,87.04974087687424,84.28815987058817,78.48671877490708
Simulation,7,80.34489639966868,74.56742492804864,71.43312302428899,82.71475532947238,84.9896254650082,87.33690036281655,88.38173070548835,89.70474797857355,91.86882712036443,91.86430615613133,90.18653158509878,87.73043523632865,88.2511045281619,84.04276988183636,84.24258080897368,84.84213091075912,69.96697876376983,76.72271391576028,71.16851733315714,75.67578581806245,78.43339614549753,74.55312982983422,85.6098498218989,72.38316840061525
Simulation,8,82.96602589431139,80.0287589624697,79.99702302890694,86.30794976304429,88.05245624858097,88.50591922663882,88.17749241929246,88.79877134958086,88.16482683794332,88.57637963224175,86.65985390113723,88.0519936774154,91.33986163232058,87.51496976230361,88.5930424351171,87.5168519621017,79.99134981001514,77.08253458930118,84.59077068584945,87.6416403500377,89.99265674681038,84.86117331246223,86.81986854231783,77.12020607831144
Simulation,9,79.08777755677286,79.86880802018945,79.38643789589293,79.22561638977061,82.19400502689368,75.13882766636864,84.17408232847467,87.02941616474573,89.93770372283431,88.54479251921056,86.74862079453305,86.65540795850512,89.56396021990024,88.87765880192916,88.98065140908587,85.85349121448354,80.4670225264432,82.85093865603335,82.9720725205205,86.3021995765396,84.16823766689052,78.29582862122653,80.41890735164554,64.91848558227176
Simulation,10,79.75195936594525,81.64548643232351,80.29824950731214,86.42333813210249,87.16456707491615,88.68854764445457,88.47328789748752,93.16651559099397,91.99770623372243,93.9334522103805,92.89638839427668,90.54381485279083,89.50024633073222,89.23173436431298,89.19721919985975,86.88284207397882,85.37942773773565,86.35232737002896,82.88550715983058,87.95379198415083,86.55879054424884,83.13844945291383,86.7758541731784,75.98980048329037
Simulation,11,79.1117100520509,80.30486418095505,72.97300209326472,78.4502642359646,86.02883341649127,84.08222008602905,84.76829366621115,82.47856151984708,88.17130821206322,89.17441707464491,87.93375058622951,79.80153864755003,83.58267082845835,76.86088137995235,80.52528748813701,74.12643866318297,77.8644187358934,80.13022813374826,79.03470709236258,87.3453657982956,87.63916269079114,83.59654899504787,87.37010029706735,80.33263222477834
Simulation,12,78.72508145712375,77.4340381011451,76.39859440777798,74.29257056495118,80.16727059984726,76.60790914513001,71.05338170626753,74.77444475748844,84.83836005696602,83.82614392223206,80.37629382817963,81.52746754339204,82.11913848966196,86.17891287326869,79.9330413559274,79.2924970155124,79.97373933471782,83.60371706310916,78.29878412047854,76.8262683674743,78.3477605889108,60.801698340480264,63.71977701682898,61.27509074097303
Simulation,13,74.36029362351047,67.50653092568164,64.7645154833385,73.60344494145096,81.54996029032162,83.33810004432826,83.68656962730553,90.24076627683682,92.53878156813198,92.48427521224541,92.70876046121262,90.83860512423246,91.44691042988005,91.05937033305446,89.72603352606191,88.18695825879658,81.23382028505614,74.65254054562847,74.22645888371393,84.06953629033211,84.7060336612131,83.45130536488476,76.31223484462015,72.0335941054164
Simulation,14,75.45992994820134,76.13546541597384,68.46010920786294,65.02789822289735,72.00272217336455,75.27057735775588,76.31556538352359,86.21064846452633,91.84054076003036,88.35267609796121,84.95574669966913,84.99259873461956,85.72085060193372,79.73857665904147,86.32470795537937,83.00629240069384,83.13921470198098,84.35856675512815,81.40064004395782,86.7200325675306,78.58209577445373,78.94326133622184,83.48799697741187,68.47658551592173
Simulation,15,59.40740742106928,67.96092789363993,67.82848010249486,71.81049143176912,85.17954020082038,82.5888139051652,85.82467875733435,91.78853057293175,92.01321686072879,88.7220236461644,88.7319191435225,85.75185986776968,86.4349928186169,87.74657690712449,79.98432406272849,74.95008585998225,81.03328201220992,81.468062062987,83.0391984642527,88.57782059603542,88.65748057818777,82.73019583239736,85.60976243419778,70.99431693467729
Simulation,16,70.53179097483803,63.01158749714793,61.039848235763394,84.02003016974487,84.19127887497619,84.88429367124286,85.52967729022738,88.05856169515673,86.19777051004377,88.45714172421073,88.86779733926421,85.49331120181047,87.71781986452338,90.24355567562385,88.91870182920117,86.8124677964072,81.30238479761591,76.811565081896,79.73078453941255,84.0841220199508,78.87292238520017,80.82520575944278,68.04339185348192,67.3943306405033
Simulation,17,80.71507423347121,74.82019909609735,73.5648226016292,82.60003501963698,86.04425043175074,88.5711431231023,85.95833284304737,89.3303058677436,92.52057311815345,93.50327794126603,91.29323774566676,88.2747730012098,90.44658220084219,92.27798725370597,91.70719756584633,89.98477293024247,84.6219741936507,87.62652261260615,85.98552798075814,82.14477097695253,81.42595287000898,75.73948349652709,79.84535058024572,72.41003159753498
Simulation,18,70.70705310354312,78.83492681766614,76.9657303100975,82.5372569552621,87.85554998572428,88.90271299815342,88.63719766352443,92.00589891776653,94.28004385565862,94.64921467207155,89.81582757084023,89.54744929267471,89.24226357145658,89.00709886782465,89.9461212820211,86.44610842772124,69.21877613961132,72.23599107229283,74.47624271872502,77.25737754703998,78.63472388652205,69.3059322862097,82.31185898891462,71.21390645810514
Simulation,19,79.69799181175077,83.31815931456359,76.99282344376033,81.4521955770263,85.01241195960728,78.43041968014231,82.77981075423804,87.20400412461976,88.47861817293085,89.12725156250919,90.88439123099239,90.91636792723435,91.48215152979627,89.17099568986784,89.32497760465303,85.35621399468269,81.34811062389514,78.7329098494616,88.18603433992678,88.82583349769433,90.75632066002905,79.20985929232845,81.74590438263995,71.61664025130243
Simulation,20,72.52647433357856,74.28756483286963,73.19364609134684,72.46053675815384,82.85159856855371,83.70412243469487,85.37114254692659,86.61832336077839,93.35833542842327,89.86877575741006,88.1087666266062,86.42489186015068,86.70785813387522,80.45711807405607,86.27284581932919,81.38568268052035,81.16882188661405,81.19194479585164,72.40114164871312,87.14422667686395,87.04711762706506,85.28136747556916,85.63768005990775,72.1694402375137
Simulation,21,70.39734767870223,79.08050303226791,72.35742915531374,81.72125162881623,82.29597398461907,79.73624083488029,82.82130714859534,87.9449296242328,88.05023291768903,90.32966904929344,89.7294607058678,91.41406606972564,91.6089502870622,89.8302161561964,92.78478473368921,83.1183264263017,82.12092072787546,81.36809243228268,85.32541811133525,86.09687227458654,75.11183739480697,67.96020358884546,78.59327872215128,68.81103052960097
Simulation,22,82.67614007407182,82.71298261570797,82.69260525850865,84.09249989954935,86.04424553001539,87.25074551869734,76.30609159342804,80.83252389516218,90.44173568801992,92.2475662068146,90.4004029700302,86.2828695956052,86.16993707778224,76.87846905367937,80.19146402282678,81.38564543406208,80.51153014647917,86.76809297380547,87.88783353690391,87.3298475502954,86.5863687156896,82.98181790233676,83.78782515584315,70.34242398833204
Simulation,23,84.55692598529669,82.42290867871341,81.53403438987559,84.6682171728849,86.69846888496096,86.38501416512293,85.28060655965672,86.4168636163443,89.62058304959388,93.86036393563721,89.72391314159238,90.36533725896486,91.53780928605367,89.31225225972823,89.7737710651447,87.11971734761312,78.85934987108217,72.94379637319108,73.33670160280309,85.62264404316913,87.42666722116084,81.57071983195391,86.0677104718389,75.06808085928674
Simulation,24,78.86084364899261,80.21509991370563,76.60936825039744,80.65313647241415,79.43496672803795,82.59292854769464,75.57968974114152,80.47005918753383,86.78290091976179,90.4750530698583,87.02223704233718,87.34225236985955,87.12143816073032,85.33469954116254,78.70183754530414,75.58073404942975,68.8530162619242,69.08437715297609,84.19479858371423,81.99065998561439,85.77233409326311,77.00926355634893,84.22735546700818,73.10132342495508
Simulation,25,65.92389603907378,72.49476052088481,74.54544938479707,81.06632335722983,88.41362445865789,90.87561960282923,88.70696140058897,91.77308800997746,94.47844903821644,93.84824086902965,91.63135880403067,89.59415437392421,87.26484182858022,82.6310539496161,87.29610375081116,85.27599986347448,68.22860519748679,66.97053218655175,79.21036354942702,75.06533619176939,83.13852366049176,70.84602883949053,72.43378398242523,62.39426445465061
Simulation,26,68.51420814543926,64.10496412896369,73.35418280590412,78.69058892531538,81.07832937234087,77.30299682335382,75.60350315898546,77.84147657684632,86.34488715063092,92.12955577501906,91.29202439256483,89.31324133094883,90.48864461486733,90.91846441681541,89.04479426909317,87.12915979082668,83.21001716814729,85.24799431598481,83.90317846413649,88.0224352153747,89.19687875191909,85.25368966180284,84.59421303837682,75.75934039870836
Simulation,27,85.04633803788732,83.68965102938,78.1015027015589,84.28613071738803,82.56533705614291,85.70041064346601,88.45692857481018,86.2001434925339,88.65947477072609,81.53219345840212,77.83091073795154,77.06547015682106,82.01193151605442,77.95248203692702,79.66823318850909,74.98285161873399,80.40244539570425,86.4104454301325,87.9556012444375,88.1864343918995,90.3095602091327,81.04655418913465,84.29610467381028,74.3995846487888
Simulation,28,71.8306070523787,64.72837922063599,61.60358564108607,68.83349997719425,80.94542153721909,80.26170181245777,81.50673231501503,85.53881637090902,92.10468858969189,93.54931802208793,91.67096501486334,89.17319899342787,91.09634319372994,88.52921342876243,87.22871019503785,82.6726402940532,87.38905022030681,89.7141819723472,85.52953414447032,84.72370449612619,81.82436880686072,71.01404335609904,78.30129592075346,60.180239681314454
Simulation,29,75.45621586938005,75.78563539471439,66.46739423610019,76.54327093065463,73.2234317109356,76.11106738793113,77.09377464549657,87.20815597021661,91.98614456673877,93.71122194079291,94.5380428492995,91.36199758660089,91.94209480672941,90.89700930566927,92.12622660287676,91.22468515550752,84.38663656513856,85.08337536326236,85.58956808619754,89.39772618067553,87.15954539349556,82.11027542710895,83.93521388573876,75.85996792005645
Simulation,30,78.07002725668956,82.24966908676288,81.91729802558592,86.55212316141466,87.76632973498177,87.95074158352918,87.85661376210484,92.0858826254438,91.61964982554755,93.43584687769808,92.50208845961689,91.7852226136929,92.49378377580491,93.99156468247897,92.17824213623828,89.7670905622805,85.51436230192994,84.13849805929962,87.79318205225911,88.18794789186555,91.9953126179536,88.9261732778744,87.68305704536567,80.41096724681645
Simulation,31,83.66062801424589,82.45774784128592,77.71739436231589,86.34316763132873,86.76212274408645,89.76315386118895,90.14940622173486,90.47378801881246,93.12211113333521,91.62460799730661,93.06731812100028,89.04900932051191,87.04268001525195,87.3768261606055,91.47632516047,87.44577943737447,83.07296610941209,84.03689357885692,83.70262369400056,87.0258430153821,85.32175406234822,70.38738910698741,69.93331928733197,57.743028761898934
Simulation,32,80.1440086182677,77.26211317259084,68.95312978908366,74.41475059477354,83.75241191358005,89.28418488083186,87.67655827874938,91.23141879662019,90.21513623724682,91.64466053861493,92.53404985657775,91.31976357943255,89.69174675878483,91.26107379025564,90.8626549241401,87.67759159784724,80.4908345171854,77.42840321559946,75.18268590985241,84.88300828588828,80.76667392996218,67.12278676762418,63.42829433065992,70.2149029468014
Simulation,33,84.44019606911928,84.2970292982672,80.47703737239864,88.54667216491072,89.62761937934631,91.32066452545938,86.14445952410851,90.76014080511152,93.232886031842,93.06394334796285,91.8674943006311,94.03533782296944,94.20104517254092,92.98628604218175,93.39460196722045,89.38795254705113,84.51987158032469,84.74135793005804,87.10975935233412,89.53876281658236,87.95274578242908,84.1372643205774,81.69903880447018,72.64858183383517
Simulation,34,77.52013788844019,81.91140385533656,79.41085988860705,85.4110822162984,85.58124365542261,84.93152996319382,84.21995831445201,85.98655207304681,87.21208284479543,92.35502896547344,90.31010357757022,88.89713792458723,90.25965161961771,92.03608889689016,89.45961843207634,86.66789544777879,82.64884059895238,86.93835994165397,84.5143657007144,86.50379072731214,83.76442763719291,75.7955726176971,79.18340877968387,72.40960330950128
Simulation,35,79.032873574507,79.04366644870426,79.68578838134553,87.73708521088984,88.30018055617843,85.50805778010005,75.51295674129682,79.53625116499965,87.24753747500141,89.94891609286307,90.50144850444133,89.40141043896341,90.83520045968866,90.68059482735185,91.03691448316617,88.74703223131016,79.8689173384001,82.11597868181683,80.80073101231308,82.04270737286996,82.41339840599647,84.42289010507217,83.7866872048729,73.40127977233149
Simulation,36,79.13165474790304,81.88343402772763,76.9221958827596,81.43908351407597,85.42375460477732,87.7956325430773,87.70187839698045,87.91440757151778,91.5696242313444,93.53320228405974,92.36000218050854,89.05534105079647,90.38436721127165,87.5143826379395,87.48935846804406,86.44087686496016,72.40585701670763,81.12015600647817,85.50685032032177,88.18311428286721,92.97845989389035,84.67297482624062,82.01000810516898,69.88745583538898
Simulation,37,76.27459929160442,77.10698069374463,75.42338656048982,83.25318580664097,85.38654827564325,88.59770884210398,87.1914473830347,87.91794093235814,90.56064469374489,89.2725953564607,82.71565990751195,81.81849561967299,91.11437859189677,89.25896101519575,80.09253801725085,84.04627433221702,80.19568248492773,82.62323342015802,85.59592615439416,83.46905499274999,86.5653025385029,81.83721990716495,86.01303611473321,72.31367904280307
Simulation,38,78.92319316672707,79.67725699049039,74.17002699437275,80.54192087343833,84.16704261373359,76.52416951865442,73.94471488477741,85.5158621985133,87.3335404852263,88.78100151290438,87.35427547085854,89.7957705795457,91.03012193774606,90.2306409665901,91.73821277304258,86.50322945329364,81.25814243753382,82.17964014029617,90.45866193407616,89.11769046674395,88.95486453542614,80.74294858585112,81.91271724932453,69.2174214342036
Simulation,39,80.30660275100918,79.12260905469815,65.3700874183346,76.41102776516868,82.22652913674983,84.62768269668905,84.9148283117256,86.30370029616911,87.20608474536968,87.89259503566595,86.25382276361407,89.08775173461005,90.61255128582832,89.48774699357013,89.58213470135786,83.08195525326269,73.6216844038472,68.52630815882227,80.66122642367276,81.21746993042,81.09493919761127,80.65773589864125,84.18362420820182,70.79846077587126
Simulation,40,69.82658244286549,80.53303559792641,78.92273294050472,81.88172732876478,84.83598523161956,85.82455197682388,86.85176974564972,87.43836447369858,90.86625700205788,91.95945464989752,89.45131526478808,87.9881046703563,89.99099352241389,87.68440377833483,88.11969223359793,85.0365900891057,74.17723091830655,72.39998700010094,75.4806558906561,73.25859857909569,69.91483631800128,65.92205300730518,64.70685717029528,54.69896293024146
Simulation,41,81.6108803411476,81.89930861122961,78.71258918177696,81.67925610374337,81.05239898451867,86.31379640345764,83.95840567023696,80.31507083202246,87.06633681637656,87.89396787746173,87.63085657524995,89.6678944889908,95.07906394362944,91.55611678591914,91.87998096768413,88.27032780828756,80.19592571671396,78.59794051348428,76.51841514631994,83.91273712158174,85.76841818774889,85.24978940523981,86.19911175810209,73.59714059458419
Simulation,42,72.90200404829798,69.92719711020591,76.17674510709661,84.47134055181756,88.68074018698678,88.67758322274825,90.47147972668431,91.91444821510942,95.11397940970272,94.52389133504727,92.4924394936705,88.66190413500259,91.96482594912801,88.71103302571183,86.60550174869059,85.80758341410633,78.14620457586041,79.63209998203739,80.51633717193626,84.8950879362498,89.25083084949071,83.28298157508307,83.22175585493208,74.25977143634454
Simulation,43,77.62436641025113,75.4255076243416,78.39581629625813,78.1319154723486,80.2400711852551,85.39216099926415,77.74170266801454,86.0014140123636,88.47097722110774,88.21294233101766,89.0812557973601,88.10902176023454,89.59148731373514,87.70731921907239,86.34486138385375,85.27384199993246,69.31136004729795,80.9412337344414,79.81027757492713,83.95973728840524,84.97943332012656,76.7925886697588,77.50624337994101,68.43654224944174
Simulation,44,58.79854895473377,78.16507124364223,76.29011582649828,80.64519882849196,77.82467312664343,82.58344164438206,86.22289235741849,86.83839479249097,87.11594218757863,91.35002168686839,87.69553074766623,88.00872872602044,82.06790770845276,77.76063038982346,86.85550618559026,79.40581270712141,81.34596299415716,84.0060968282111,86.84240731823074,90.78880232904335,91.25805330301304,85.174927929733,86.31763424135607,74.73771252350018
Simulation,45,79.96381722018721,79.21898091428518,77.94971684032882,83.11662454757467,81.69636748220512,83.52236743122809,85.56429970886657,89.19660556033068,90.02586427752395,88.90995165945867,88.34873321790924,84.49510695835694,86.72012187661845,87.59316611775294,88.96475363416425,78.86771467477084,68.57536201026392,82.51209795438486,82.56782413371869,87.15086155428328,87.67084723408375,84.33295171828661,89.2251858705367,82.84457650513755
Simulation,46,80.87112181987047,78.91771978602087,77.56788901746964,83.23005495350137,84.12438780898574,90.09809370886293,87.24925785451688,88.51819380729225,92.4667299809242,88.64374084363499,86.08537117950897,83.62662399555525,86.58201501109609,80.0387342606114,75.2755537896538,68.53480149645881,67.12381157594993,70.70955417871805,70.11509602935202,72.07571829571597,81.87948206743326,75.52506125356942,71.97116309862201,54.693968774824135
Simulation,47,74.33406160052898,78.36547615889168,78.24616257243453,81.82608934491799,84.39820113820116,87.16209691516246,86.54275959077492,90.32565673859835,91.07736093589715,94.62725415473764,91.26910601239788,89.83002265363197,91.9761465584414,89.33050808834673,88.79473086740991,87.7959288546491,81.68488410559438,77.43821568797688,64.01764003740703,73.49964452046814,75.6718638641866,79.84759444761616,70.42913594045655,66.55720915851361
Simulation,48,78.95229218054133,76.9407081286268,79.63788243981136,82.29573547695917,82.8274402413688,83.32099786475071,83.75604314419672,87.58619231456325,92.69939462059173,92.44051172596696,90.71502122667846,93.05443397484979,93.91089173649942,90.21905117330523,90.83816144807642,87.48299656691064,84.63200473984098,83.0810326581885,75.88361775846188,86.3210478971593,84.97048622531835,69.82680593484832,69.58796712160026,62.82476507353706
Simulation,49,83.80684206183072,81.98132051109216,74.30389386957732,77.0082445175414,73.93877067388709,80.07452883448512,62.57771097397625,73.18192067036537,83.46897303296186,86.6659832139448,79.95383661120445,86.3172556535505,88.94776650477537,88.3556274398668,88.6199540857007,84.91367971897452,76.15013495117317,72.9833131742148,73.45821186238982,82.31601768628823,77.18191397490325,71.75565738613524,77.51684676027062,68.92443307775591
Simulation,50,80.80295950877023,83.68414035044466,82.42837225752656,90.75956300361328,89.91260815175326,89.6689915922023,91.37704047574826,91.10838198443784,91.65786183636756,91.38761335489664,91.269918060603,89.35341746611924,90.45513170569426,91.86529449658063,88.90958832591008,87.77763907525676,83.48037672360684,83.86292760372487,86.20606398753898,87.48462023562811,86.55882210515449,82.46240987941177,83.11819340112831,70.81732945442019
Simulation,51,77.96098815632593,75.36624299957944,76.6403440937826,87.7425479739646,89.6085078281779,88.82628227167393,89.04826293612923,87.28674347582675,87.84664332262487,91.23053634949024,89.19518074129726,91.93795819952754,90.37881567581033,92.19227652997505,88.97521589717434,89.37221808388864,80.66904587649508,77.63792657650397,83.60314054807156,86.79247598054305,89.17768582938503,82.30907632798798,85.71561885561991,73.1099731569289
Simulation,52,81.8173744443761,80.20897923869946,75.984038869998,81.37886992132641,82.3508111183715,84.27081185358357,78.1127138298086,86.48705906312749,88.91864955324851,90.45606106093962,89.30596932561751,87.53618740705444,87.29864733876039,80.13886567530486,83.94237129984182,77.10580582284483,67.96023139811156,70.33901335286771,75.16034309261354,75.889029019918,77.87244675222286,68.34462283833344,72.99100311754013,66.8658054022637
Simulation,53,63.247774430781575,62.08108371749893,68.61989344876102,73.79484836702862,76.24975154065132,85.24844962415419,76.42651557595867,76.73143102606325,87.06270206058551,89.64190769984987,89.91871654276139,87.8666316285929,89.54079713895396,87.27371332777611,86.85697099559823,77.76791958679587,80.21968134471466,85.11199569645898,86.2915467646861,83.31602950789357,84.71135238602643,72.55906570413795,80.38390760189546,65.26497444450528
Simulation,54,80.7184651077486,81.77730118844026,81.71468878109246,86.76059142995776,89.96525408188727,87.49552839799352,86.24610345983358,87.87151778438292,89.76816945085284,90.80239007572601,91.46928281534834,89.6633424930647,91.65880106252348,91.96350840634938,88.21639051377572,89.57429076300485,85.28634615239754,86.06213849693006,85.60918264388225,91.24947238517062,90.2855083328003,82.38336452835696,84.22632501002074,73.02846589780434
Simulation,55,81.73476974959343,82.10530198972575,81.09618142274995,88.00541916952798,88.07842944791842,88.81753189489129,87.5554892971112,87.98333296726132,93.40906202155985,93.09974285433279,90.8106481264265,92.48152146162927,90.60753423278466,86.50353742799994,88.26347279297646,86.04080246238941,75.80876828861253,81.19366643617067,88.4602136166493,86.06292514639395,81.86499213360493,79.01418121706381,79.12168736768346,69.5420365584418
Simulation,56,74.35310403347034,75.45499114337974,77.33406245420757,71.74607859208997,74.8469284921624,75.44916742395787,75.5274260358472,84.06206526929762,88.6434835384006,87.08978368692395,86.76885523564206,86.92658457150924,86.90457940688695,90.14570441173467,87.89002133816378,84.74481406546579,84.09729769372433,82.88439087278437,80.14928597798544,86.48011639305199,86.42241441019877,76.42608405766443,83.28612501705203,72.21906717563374
Simulation,57,83.02839856471198,83.30403919784958,81.73285974614609,84.24549219172093,85.23535831441045,87.61327449460904,85.77341787876091,86.82367418119472,89.15821190551614,88.2774265742864,89.24192419961503,87.95012096924543,89.80030716043366,89.54070568871195,84.3088355607041,83.96903755486281,80.6067428244272,78.51521082110357,74.04263746879498,73.37398103744188,78.50638718798511,74.265618424635,71.38884233064145,68.33607205722862
Simulation,58,72.25562580650336,63.39005726691271,63.71534274990522,67.03328649765022,73.94115130378279,84.72524384841743,85.57207797814839,85.0302042846549,83.63730745288117,85.27716564522477,86.00949035771247,90.64992771274834,92.88500898300347,89.9452183589354,90.40139747271787,89.45774773921598,84.44898251656562,87.54011341428233,85.62988795333185,85.69607290962979,81.48702063754307,84.93631444008072,88.86894623117988,73.82601538615819
Simulation,59,74.65514129670082,71.28493814505978,69.53056251750901,81.38393048958073,83.9838854682628,82.73342251524483,82.99104124466321,76.60480631541743,79.2523718709302,86.40132045940678,82.76000189903982,86.64471698490794,86.04127534183982,76.54022361692996,79.81050297905061,75.09473781967918,65.26901226258147,73.71021915111845,78.5780929533146,76.05689702313549,77.94050808104893,76.43242622079251,77.65504068681636,70.93564058379567
Simulation,60,75.11895352432313,74.30772506552523,76.02013250199201,84.22342319400055,84.86205110913764,85.53184246278622,86.84237009644139,87.151442402611,89.60971510385183,90.6535515866371,90.19748101064295,89.4345798344277,86.64117532608581,86.40101578661391,89.59851153792958,88.32793776859661,90.3753581061047,90.9210165346571,89.27483342635308,88.6692361853097,86.41610585593034,83.05993465857902,82.77982964343231,67.51955253952839
Simulation,61,76.54077048412272,80.31877295836901,79.13990629625687,85.37217988759834,87.55071204185234,88.23315680034253,89.5931524159056,89.25762154005918,90.43442826332009,87.04747021443033,83.26931706391396,82.13847020070708,85.52500423382837,83.86457292896691,84.60185693923471,86.02334456717381,82.32137205595183,86.42179027186549,86.19221940425089,86.52147345274541,75.84672826679522,82.03259232993342,84.5459775638754,72.1651962923816
Simulation,62,78.40464967265613,75.16297199916852,74.43220132692988,82.3207513183703,82.99178494324829,85.55499595133311,83.12941806651172,87.02458485410743,90.42473223339715,86.49833837545397,85.45322033642087,87.18900459696086,88.19796975074038,80.26807335041289,77.68662646358511,74.55011718143983,71.45751167981571,83.36942288973216,78.2207907030326,79.1426513474816,84.30092805506908,78.58508415007634,80.75515952941694,71.6844273613419
Simulation,63,67.72190647815954,63.60748159585181,71.12130982903645,71.00716559185285,81.67561245734892,84.59109726893726,87.25999758822732,88.97107927160509,93.23665684311734,91.83987366873156,90.03773311370097,91.2882426445459,90.85507612534516,92.17503926819799,85.4447268225025,82.69811997055493,71.4555765169099,82.27525670617564,75.41070673544944,85.46792469314035,74.02106474054543,70.15827650800865,67.84610777134841,47.51179296867721
Simulation,64,78.60115681336231,75.17659081343258,77.71641607500382,84.56982390333766,84.86649006240125,86.9361711133485,88.71841582151251,91.02110885244424,91.45536158690486,89.35727664344608,89.77045408222055,86.39721280599265,85.48210883010826,85.34176088523517,88.33998890340433,89.88973932234572,86.48544521445265,87.5469741876577,90.48425023877797,91.53022753211403,89.68546908732756,81.62359933053278,83.61200484041206,71.09930877521711
Simulation,65,80.53725096316158,82.58615417664112,80.4887708003961,83.15942133773211,86.66820903829783,87.93821185375478,87.45381404568866,86.64865483174921,89.34546759667221,93.1925487486458,93.0752259311489,92.57034079912279,91.90501312359044,89.49577259800577,91.99734948160116,90.95127932380792,87.8845375023823,89.96094582017733,87.47804402940591,86.1108386550656,88.45261400395388,82.65986941058046,83.10842935479015,72.81941093236895
Simulation,66,81.96975897249528,80.50075968595355,78.24312463750933,86.08032007874404,90.98536630340746,89.67249874343736,88.31647161853739,87.88971748183104,93.22274028545617,92.23051895381127,93.8176716765888,93.12433084847999,93.6854224392648,89.88838439480327,88.20675814753552,82.64726940844254,70.85755752156776,76.80487938743775,75.16931351686837,84.48892307612621,83.91835160177375,81.6636977148002,83.41141648771601,70.80062409443649
Simulation,67,78.79429792437062,75.55245025450563,74.7671004141362,73.48202663266177,81.7473687642808,88.33670626912895,88.64756125898542,90.54676429144865,87.79776914695688,89.36083919967454,91.30576663296894,88.58763656705281,87.31650859197208,88.12510894709928,89.87647387656429,87.41963525334685,77.62281679340283,73.48978548025747,70.895971402271,73.58344621780766,71.70144932824108,65.23420984378853,70.389837307338,61.97040464182638
Simulation,68,71.89879285451248,79.35747216936117,79.79372702081645,85.21776704748468,89.88073737627084,89.86344005761273,88.75474024161764,86.85507187247514,88.9964549060479,85.27192068138997,90.34753441475505,87.20512166132175,91.53070971945955,87.04076827247687,88.20284079230434,83.83835703282864,80.25974013289968,80.82566959403391,85.64582800846124,89.72679026153061,88.19958612425684,81.2819032924786,81.54987957050841,67.03191434805106
Simulation,69,68.31780528745522,74.28698301608486,72.9408706701862,77.29760903889274,84.82737078136766,85.76346566742617,86.50792861792884,92.45663899241714,94.22578460876106,93.82800870588379,92.60939230141119,92.62409156106403,89.00809392577736,91.2650124459382,87.60586087806925,87.93853515752349,82.54447747775191,86.65648317677461,84.51520977429047,88.02075925798889,88.74946488763945,86.36936636500435,86.4467208179485,75.95192198674974
Simulation,70,75.62081666079175,84.54071313423759,78.8782831193257,86.3651897806532,86.52150547430918,88.57390804132412,85.73680603961782,89.36604934484143,92.29029726850291,89.82061829943697,87.64058339620489,87.50369745021689,86.3172946836386,86.93950554007856,88.79452370147092,85.37444158770283,80.22515039043569,85.04575116647882,87.24247444149486,87.86431369006972,84.38739599680513,80.18464999008816,76.31160942872678,68.36825463016253
Simulation,71,79.37847104844029,77.2660912786485,74.92332749069129,83.19788184639508,87.7316393391294,82.49422257525711,83.96998877488043,88.35192096655562,92.24139649669213,93.09771382427988,91.56271074177131,88.55380446010201,90.24430038285237,88.86952022668211,90.21773609460901,90.94235964289763,84.95524080713761,85.46149557087762,78.44645063298351,82.69103471013659,74.9299981818722,70.64478007199553,73.42731579423233,70.3901015055124
Simulation,72,75.92597567615958,76.23573536265161,77.43049271073673,85.37312521779825,81.80358335014937,87.91646536339749,88.2762770749442,91.80773642024484,92.45865205468714,91.42312658674692,88.76666709256887,90.10530360499354,87.82321045816462,87.59645501858816,83.47640189903858,79.42002052355028,76.14071779139043,71.56548954436033,80.94687098021149,84.66460446988512,82.14786828470649,71.73716580439957,73.34494593245935,66.79710167406827
Simulation,73,76.5108536782374,80.03195750752357,70.34817219971374,81.06544553694548,84.01046893895433,85.81815205549096,88.9739812977483,90.53338057548038,92.63609443803776,93.10194222444018,89.06429458121548,87.56780390154434,87.59920986507413,85.37263765087984,86.0645896990681,77.11385606370462,79.57870174803675,78.38648829710729,82.42048526045555,87.47925873654299,85.28038649526607,78.93079654147638,81.61874178998615,73.73559604125336
Simulation,74,67.22327037938538,72.16080395342708,74.41898969053175,77.72767880368335,85.49064794421467,84.96346333144979,87.1213327334401,89.73554454654165,90.20908167344928,92.29497687930322,89.11692751100874,89.41853964001679,90.48993486026544,89.7412089411356,87.80514321441652,86.48935827221882,76.81864326887623,78.42425092773655,81.98383094045002,82.10419856840524,74.99222410985385,74.97399601335657,81.39243049377812,72.98477396077091
Simulation,75,67.69567470985275,77.67013795952137,71.17486577109965,76.39100782448378,81.04959144926477,83.37758257020329,85.08154548698496,86.11078569639707,89.00410897504669,89.59470904894305,87.28647193879421,87.27894612141353,88.74327552702611,88.97515464947672,86.15533789466143,76.21241418704429,65.94147242403524,80.69940102797837,77.73197411883247,78.63365612518122,77.7774769511456,70.70499994369273,77.29937100746331,74.05548743428928
Simulation,76,77.82182964520203,76.31117633896976,76.00800188488742,80.73060718872117,83.22036250989335,85.95695483486911,83.32584808758541,87.19642724846817,90.46577562264011,88.13212425939979,87.94220629184024,88.44130250783023,87.52286112591567,89.77309617274395,86.21379005664672,84.67567449920277,84.0552766608165,82.9234327444836,82.49942851261684,71.02477783716148,75.49123158879802,71.77904996547265,69.75780995982834,67.55131576464206
Simulation,77,90.02184921148643,85.12631474552057,75.89191460768096,81.37528385637722,83.50992474521283,88.34928620228422,91.34604082661004,92.85060168132435,93.11517306599242,93.14511883665706,93.11648378266767,93.1928918805657,91.80150267369083,89.94389079577351,92.07223892795633,88.60787511117854,82.53805817291436,87.65999470748189,89.9476694374868,86.18715983475707,87.10818704365158,81.36388809813891,82.86259280464186,71.98492789381116
Simulation,78,80.89912190837758,84.2498663906371,79.19936064199956,86.72022688413058,87.80631963418048,88.92086656843924,86.98094812184617,86.30827909201655,88.27646728315315,89.87957698381955,93.13809192916563,91.84626546113435,88.92850978477459,89.67200884275726,89.18621422181113,87.55123186335365,78.03398898869801,78.96773225934905,81.40207108547587,78.84863348378589,72.97258527916105,72.46811507350897,73.74710092419248,68.05695519961488
Simulation,79,78.3846704476998,78.31278155351876,75.38390794660224,82.13545728625206,81.52318871639356,88.48269908479833,88.30782710281582,87.58595470355482,91.07872107846025,89.31496156954238,86.83903546407328,86.16890499615981,83.06805418099233,79.66757297430134,79.37148752391829,79.17843192715526,74.95631542904768,80.85607118087609,73.50659864148321,85.95794138710933,83.69989009362963,82.92834491726124,86.03115562853336,71.75450395821541
Simulation,80,71.58491217526505,69.64654819901821,59.41104921076422,63.373880484497974,70.5712010813488,75.34682713426811,79.35485893601955,86.86032923730356,91.80286899600416,92.5482574290477,90.72358817323693,92.44714774421246,93.60446995178641,93.23776391965865,92.76314008516849,89.75973439109646,87.90818159038783,86.52727119934995,84.0654063479189,89.75928351453126,90.75617458481317,86.47928992296197,83.40431650664125,72.82845944075024
Simulation,81,74.88566642734303,79.29779048715666,77.89354193149937,82.78582714669024,87.9460615446453,89.40413430994639,91.09290639220441,92.89880504915264,92.52877753964891,92.45193912728655,93.65437304634281,93.01467462688332,94.15594324543359,91.22759266590226,88.97548109176398,82.8845089332854,72.73073912564381,77.74974005164312,71.11131432556279,87.570390027766,87.85969812829475,81.61210493627726,84.21432088404221,71.70157276284641
Simulation,82,80.01885057347755,79.7694897787008,76.96573382468402,85.67546850813706,86.87231910612608,88.71645883779316,87.5665673267481,89.56963980774398,95.11342848238958,94.86265348559562,93.99336553937538,91.30638070213865,92.28828189452463,90.67834234129697,88.96813150394266,83.57587067741181,77.65134487257413,83.0002545663769,84.8651960645398,85.41108447623039,89.21227439693578,82.13707472172865,84.04094665670134,74.8322115511346
Simulation,83,78.08937959279633,76.11621405646756,76.04394395709735,86.07707899085999,88.92484885541448,87.92252227888767,90.54117200390667,91.03141885979029,90.40142262020615,88.3442062933521,87.35480810317691,88.27135486264115,89.9117340141869,88.56768942480932,90.89035906160491,89.48540672338159,84.20742240475964,89.42956421397734,87.70556441685405,91.5374084078762,89.60200670963026,77.00961150317434,78.87723012885837,68.32304921909433
Simulation,84,81.5834932763128,78.11458149331007,76.25905774333458,84.08647309500552,86.09803433622803,87.52718251839738,86.34287622123297,87.86866854935934,92.64779296949266,93.60024851531777,93.07356380945166,88.58269147084934,91.63324003506133,90.20519188160782,92.17345623490442,86.95647016057369,83.30011873101756,84.77395818716768,86.21758872735381,93.43412922083984,91.54832407418888,87.2126232781965,86.28035785757919,75.1330667434175
Simulation,85,73.60307105210855,75.61204722259829,74.33629180890912,84.3486113851107,89.14052095691657,88.52663475466065,86.80878073268694,87.67786265487301,88.69196414301919,90.71036428948767,89.16229022654652,90.64717466308707,88.39259394281434,89.0635998988425,85.8443289949217,81.0881941426643,72.40537925723507,78.06273809248508,75.18247613070136,84.57115085666616,83.2364393415628,72.38797961747122,81.74386253806931,73.09655656919652
Simulation,86,81.37365317347736,79.10668249847593,76.7800357717433,81.88817010317446,83.22781978117925,82.3779149238679,84.80420158491644,86.86068691774952,89.35365339189295,88.78194202016417,87.07006973780416,82.67472200416744,86.00902231212551,86.60222516992755,79.65834862250989,82.66749863971422,66.5665763182539,73.98269698084214,71.93045002923658,81.021500702924,84.38762837083819,76.13121982765183,82.64868068127291,74.283237451741
Simulation,87,74.97084378563413,77.4311181385832,76.02830621412834,84.69221905204469,83.77010834296394,85.39734508469684,87.51887343797199,88.98934505555188,92.02364069297839,90.64700137351431,91.28240332662092,90.11227109421145,88.98350326768391,93.6218264579252,89.94459388149109,86.91784970685825,84.4098547813176,83.90778228237573,84.64770523414093,87.12808909644693,85.18650504963502,64.49760210153339,66.72018777972251,55.64601628459905
Simulation,88,82.52765479640271,84.89875919709496,78.21316505861729,81.86421256658221,84.91563510430919,86.17389821326925,86.55247383691042,86.00244777961683,88.47830966447334,89.72854110286931,89.51575900319823,89.36140069981923,90.24274112915704,86.10256438408284,87.8857741086405,89.94098126216073,84.45360135768306,83.93727167269383,86.0130641691775,86.41975034073982,85.14167872096913,74.9200453641777,82.00981525599595,68.03958461230997
Simulation,89,75.71272515042043,70.1243473828445,75.83991341244118,83.16657770520683,75.3133188977876,76.97630483116309,73.4611458864997,78.29021680483565,88.6082104986537,89.61841651962779,89.02472088626295,91.23547115338167,89.41106591127865,86.64750303454291,86.34501230382162,85.84087232423092,73.89018913608756,73.97805905642302,71.56169141027762,75.04744914611697,74.02702702708561,77.51333121129586,82.55243540998636,72.65053786538829
Simulation,90,81.37217982740069,85.1855781048924,80.65709299563761,84.02232168485813,82.30101297200082,87.5127978896445,87.91040230738007,90.75947118155003,94.60300826825146,91.34997205387442,92.68686111899235,91.024656016905,90.819987107906,89.37127572459873,89.64604724379824,88.5514390630758,84.10446104727706,81.80590805578449,85.46416402368953,87.8677478695623,91.06883743298411,88.44399596904839,87.59366259409211,79.54613332125773
Simulation,91,82.50751162932396,78.85630262799152,76.6674549332729,88.41518756378841,88.88459569889251,87.89331994754221,86.51035243909122,88.52276847124143,93.09935299755796,92.55227197900741,89.08055798444906,88.49006422795381,90.15615647468377,88.94274629192032,88.45671194972921,75.38435890105373,70.09636292023217,79.27509711308625,83.03207268252717,86.43680925891653,87.05335657930526,80.38496420934761,84.22761078579413,75.2360218663742
Simulation,92,78.36565993744227,73.5660763149838,74.9237294302216,78.03174592737955,80.14819040016289,86.69769285379226,85.4503428437971,86.65543597415625,90.37127289988004,90.8857918435613,91.57712707051222,90.3965076030134,91.36820790544955,87.5197866558036,78.64619654418561,73.77066462289535,81.29433561404349,73.95111086616913,82.35625659427002,85.35811906109873,74.93587063688145,70.15834447823273,78.8742925266881,72.96885199080435
Simulation,93,78.51857970438871,83.71585144644935,78.31945427055155,84.10115614266142,88.6667946425361,92.14363661991811,90.92858296991459,90.77668189022555,93.35156525460948,91.42098662883029,90.74449461477475,90.00060964422343,92.01330469639136,90.43038190628396,91.27851974276524,83.95944658172168,80.97790427704516,74.6650324632195,78.44015533073417,87.34542188511139,88.70395538097593,82.42873241291592,86.64935288414699,72.70534343132427
Simulation,94,79.54605407410845,78.0702375312714,72.03241627957787,70.1854110163069,81.47897172112296,85.4622800548976,87.67528493632209,91.98509408605126,93.1025635206436,93.16034700261326,89.73272403281825,87.3037657974556,88.69261229143933,88.99820509756583,84.06147466072453,76.54467205615542,69.88088326693158,68.95192431158856,68.63245201913405,78.08987930075845,80.87572202895635,79.2177717504614,83.5182668125471,70.93373737805555
Simulation,95,78.73803788545612,81.04525805669861,80.48516314672113,89.31410131675119,90.12677225480347,86.97091028546691,88.28611863432255,91.81910466718026,93.09411796307964,90.43705721880396,88.46926849705724,91.40058239644384,89.82180298850172,87.5142870725599,86.1579653506223,82.99210502130367,66.69020836291119,70.6366198256178,73.5750104374813,74.33744119573349,72.74579139734941,63.40721841134538,72.5472729155712,63.75789308199964
Simulation,96,79.64558959202508,78.68398356949479,76.14176973424242,82.95849236715468,83.22883863268434,75.67009111580882,83.97127569031112,79.48358684825818,85.96566461971628,81.4241897461419,82.16135010342926,81.47053744533984,84.14941547863378,85.95310609331263,89.18317230711988,86.97585828347147,78.78236310834487,82.25234198969716,79.16347993220353,77.98533995872012,82.4751579097343,77.50526546841027,81.02411119912156,72.9722746102082
Simulation,97,73.08520495679288,77.77925963482895,71.4287198752606,73.31496738530042,72.59401997027142,78.16569380139508,77.7299102710341,87.81983334209417,92.38316360108514,94.23424975714133,92.58225039163086,92.49734263358705,91.37566243647375,87.27297230532065,89.31544933208113,89.22247501787103,84.41863371244727,85.46472030341073,84.25964351332198,89.39711141069867,89.54469249093623,84.07619592351526,83.46888403897009,74.06391558596667
Simulation,98,76.7719308783064,77.65244421028116,76.96607377583213,80.47030864279662,85.26975466647178,88.3742756277244,89.59491944017941,92.4352459205875,93.45990344454414,91.92165649539044,89.12471203052422,90.6291661552491,90.69418502732567,82.90097384106971,78.33494871750285,75.8252330727674,71.79303499025183,81.4734667401642,84.07485081337266,84.3852790807369,85.29115379790672,81.79317483288307,84.70482913903291,72.61630362497186
Simulation,99,72.47559245358333,78.80692042893077,76.82188330651454,83.66968860400942,85.12718824284879,88.91625537257963,86.24639386471412,87.20635586395872,86.41996283250845,88.5286905994044,86.01124078368454,86.64154069949464,87.715477616103,88.36664209568637,80.88263910917316,76.56001058533471,79.94759812287293,82.45284653756121,86.49448436857546,90.97512203028406,89.704863500997,87.05550315212838,88.50597100148742,77.33771444244928
Simulation,100,60.49299140574342,63.546449146832416,70.35322739283986,81.45619391064587,85.23307132119183,88.05932726860965,87.74067686590311,88.49894278675401,90.89945745832273,91.97924636240788,92.20839926077977,91.60178085133875,92.53648037687903,91.8257008492911,86.92005911467716,84.24408738163321,73.63099505116791,80.13056542456759,77.30774295352333,67.9763391192139,67.95008134440317,64.92297818560692,76.62822068375692,74.3380305827607
Simulation,101,78.96790747290738,73.86098952198711,71.84426288512122,77.56035510323537,81.0453847293462,84.76897691220533,82.69312326942726,78.28644038130201,88.11696004548452,87.71935773709933,92.70806436931338,91.03755802881129,88.50074736712436,87.61606681386236,89.11637605033918,85.46235574670114,79.50851649494257,84.08670238494457,83.8259604979547,84.16704589096625,82.49484419419645,79.52360492987256,84.41103379734784,73.6041002434525
Simulation,102,77.00204074078216,80.52737956595702,75.03095512816854,78.08281968471206,80.00144038217668,80.58561855998299,84.49641208334168,88.07119211848045,88.34766379702896,93.3180656759755,92.3599704944772,88.82793830188633,89.00962523835294,86.5365865395098,87.01535060062392,87.93399681897529,76.89929322900355,79.03958538466102,81.51230350202167,86.75783134017425,81.05496699856788,79.48459246685152,77.58491418424045,73.91166963073525
Simulation,103,80.46152502711094,81.32128637328509,79.6727279595965,88.15689989444337,90.22874854720916,91.32681396328711,87.05803362814359,88.34027013484598,92.5670005927266,91.8694537134878,88.8739716122947,91.43762205082345,91.03294217111457,89.04971833162934,87.11369378635219,84.6384064364734,82.49307534062207,83.92516688609692,87.21576359127837,88.92292887364164,89.3644332953114,82.30620569996451,83.27839250434646,73.10628130933924
Simulation,104,76.78248910668388,75.63929860744321,71.00931666146084,81.37191240795416,81.37904050159676,85.00187838898198,88.06014737336787,88.82923474244762,93.06855743233255,93.58594959293048,93.2992095498198,92.09179613438636,95.03819641033247,95.10283270333034,93.54076358441795,88.47813947868912,80.69262660682227,82.92773626441812,83.59821082400174,88.52946080527578,90.17269107628314,85.26392818053569,85.91021715196555,75.04256521756112
Simulation,105,79.5166108144402,79.67069961723818,78.42065176645505,83.6218968374623,86.46975160146808,87.02066097603297,85.5886141254681,89.86425868521027,93.47649137888871,91.79156056142384,91.50301340138624,92.18677017782696,88.9919927572783,84.35196979230685,84.3199926529208,63.14886483059463,60.82464905509809,74.66386580351953,83.38132010946184,87.44616276341614,85.94935230843024,84.06899262878454,83.67563642053315,74.71663254312375
Simulation,106,84.48431336769784,80.43491091630004,80.16580820793756,80.57506027348707,85.28351351418259,88.26939135420774,88.50088380789269,90.61006007046579,89.29957995978901,88.84740168405143,90.700535548199,89.31073727734938,92.04674051766654,90.11153643363922,90.38450150505165,87.15182144898371,81.45603625330857,71.35492480055571,72.08488606827433,77.05271390705867,75.90798192649524,66.65309195052915,77.95102979270641,70.53200129273797
Simulation,107,73.10281080954486,67.06572677972663,71.65520315112207,71.79121367194267,71.73052378789124,72.17850800624755,71.22226881306248,80.48359497986287,87.09505947510408,88.55760620776235,87.35828193094794,84.63723523498828,89.89115487663679,90.65967023444806,92.05003951167038,90.1645530872542,76.51353686950921,82.56876488384025,86.87295308619062,91.17097760965211,93.3687793433769,86.69083712532485,86.04085056252114,77.03072775076606
Simulation,108,75.75688772602498,76.25544974078578,73.3654663434421,77.96819443924421,73.98585872845348,86.38943343469944,76.06705578570116,85.67084296607133,88.95218110380029,88.56950536028606,88.1541505117539,86.75420872302583,87.70206457420332,87.02996849846411,80.62917655839588,79.41642112406039,76.42319689543925,83.7688842784448,84.45262793744942,85.51552613540916,83.14867823246193,81.38927564540111,81.02592747699558,73.34301933841535
Simulation,109,69.69809115611176,76.15812611849748,72.61903697055253,81.11214444568294,86.0248427648839,91.0514824334276,87.63133982543772,88.04910703604664,92.01611757699916,89.82891173039383,89.59714598508724,88.90074274545637,86.38882492189627,79.19230436196665,79.67093749505517,73.13082886797982,75.07701217013927,78.06543783463167,82.62896212641915,87.23206595550211,86.21281536957332,81.508899546168,81.20399575679515,70.15182777927268
Simulation,110,78.40775108285551,73.24980953625419,75.2917358993966,83.67201472261496,85.24024558955723,84.5106906704674,83.95926309803687,78.22617245097052,87.79799602193549,90.80219711483103,87.28137689731362,86.43684094887945,90.52597219683246,91.04969150594987,91.21852063980637,87.1231660934434,79.92792274944543,81.45690705295308,83.82525170570642,84.23126875175244,84.51002511300213,79.0803355977653,84.18787652144908,74.02260570887758
Simulation,111,79.51931191241208,79.32132995739535,78.87710695215372,84.53724635727333,86.13541855396036,87.84657623945992,86.5954766416719,85.17547863632419,88.21178744344533,87.74229253882764,87.4782589912318,78.17507580291841,84.57139985674466,85.61650361199551,86.35607669765639,75.47251912807442,82.59168947190183,80.1694869825056,69.65084383812963,71.1939574743641,74.39689147188406,78.13343363110889,79.95306944686655,72.82891818565861
Simulation,112,78.64108764094061,75.14839621771691,68.93004028416514,73.59992935171806,76.93978135716095,81.90739589490352,78.19772295577515,83.20552261071978,85.53858385507765,86.38880539645822,88.86907180600984,88.89819312892287,90.83817031541176,86.84222901180647,81.28284487292336,77.74050025567755,70.39266171525759,63.74787070606513,78.5449424843267,68.03375169679506,70.85473869634598,61.5153321079633,64.81648078378268,59.18355695687157
Simulation,113,82.32211195335675,82.12513448533738,80.62304018536238,83.03556050455913,84.70272549839797,86.95992071946884,89.09027875135354,90.33066503890242,89.62074755032725,87.72751845880347,86.94392431184978,84.62492013780391,87.16971618447987,90.48703335700684,93.15930416975633,88.97007067336882,82.7032880591257,83.81531115741214,83.84989232134126,86.04587509887033,89.14923291880706,82.70277350798345,85.90913940499205,74.43854804857557
Simulation,114,73.60238881076978,74.9718093128712,71.52824963427432,83.07893501982844,83.83324596173894,86.19058152713427,87.91473139053066,88.09316672757146,86.76477274056163,90.32852773123457,86.71046362812935,89.17223606625112,88.90986889181855,89.99436339181695,86.92044925132159,86.40264881655133,85.3289792464075,89.78076480630008,88.63264756214342,90.57613039277439,87.70525804374154,83.704334398031,87.63066325237763,74.78295258930126
Simulation,115,82.86203694621076,82.45564546801702,78.25774553587797,84.42613098342517,86.70496465196923,89.72181602188635,89.82128574121677,90.50363582184922,91.93829941120994,91.31392318042396,92.82867441725456,91.03484578344852,88.77605864052867,91.56412686568893,90.79296955982463,87.15518845727954,83.23837341357753,86.47496557656284,84.53605810461755,86.299367298484,88.13847003097311,81.45470066846518,83.57800435816083,75.51849896415554
Simulation,116,81.03397348342543,77.43341978576453,75.02097550509862,79.49393206326059,77.43074168819795,86.78525456046815,86.01148699108691,88.36269033432711,91.73007742679908,93.12939889545972,91.29009377018484,91.73055781642209,91.61024890202768,88.5232421365168,88.7491808859312,85.60209205808994,81.66626502987579,86.12504310318197,76.07535891849919,84.35279235599249,87.72755592691891,82.78280186730882,80.17079478835635,71.5422179247718
Simulation,117,63.996543486155936,71.56362711964552,74.9233771995636,77.68338776327832,83.76724636241778,86.66469342992733,86.09129149246033,90.22577323849298,93.43772986321554,94.86175900753906,91.99335764495946,90.23103035252397,91.36599193296148,90.20589454813735,92.31397528788757,82.80958776125158,82.72576646830139,88.76014603608071,90.20355224177939,91.2581718087148,94.10457363880536,84.8700372740592,84.64809878019591,76.76983527582163
Simulation,118,78.00675708991982,65.54723707496456,70.91041713257509,81.66309603135534,88.01899109178264,88.39360440867931,89.06870461877462,87.36736519296788,90.0614627172371,91.34990197546028,88.92322761277642,87.09338804095853,83.05754980581212,76.30997589165162,78.50371477951036,75.47343304028465,80.46893728829043,83.6453615924274,85.93111953704174,88.20347624685182,88.44387030268086,75.2623655580295,72.54729193267742,74.41368336584736
Simulation,119,69.77437353010929,65.95437100178141,65.65183743750985,70.42332911567686,77.11955503949127,74.23790836780708,82.82611837676457,86.01708185822594,89.81043794862748,90.47469730833582,87.98857452035176,89.10548210152942,91.29316519312889,91.9399221038968,91.0401357479229,88.18268936379607,79.50812638264439,70.03102395737284,75.30224374436914,77.35513141334629,77.09164726786496,66.80868961625016,71.21349991748512,61.81026418164437
Simulation,120,77.54767758897155,78.81640632135019,78.79323288053536,84.67844385656488,86.67311701244329,87.75933454429553,85.02587778449495,85.91756619400853,87.40445697290416,87.89839688679817,87.44423841208238,87.5097536530694,89.87962547078791,89.23521513783331,84.19471519675002,84.51411562944885,70.67087578260801,79.84571798318031,74.50570732117238,78.5976505191858,78.09219282627733,62.851579627568135,72.41117049934577,68.60230300308534
Simulation,121,81.49567930960814,81.79875543925283,76.61087566373067,69.68722970922484,79.9077896124857,72.23190289709927,74.80200468015269,76.73322288031338,87.9729317082966,92.45700072410605,90.89206007107124,86.78405218321308,87.36597675993002,88.47966976436092,84.95040615427054,79.25392115039432,74.48878296582326,81.68385200617813,84.09225873323818,85.09057840649677,86.2754885163334,75.48669878684969,78.89089386110213,61.58696012292232
Simulation,122,80.86523757058269,84.54999849022552,79.42112976149738,82.38018380551132,74.75169544608784,84.77843211783542,85.77443427577958,88.51230039062392,93.28152794022887,90.89893893156774,90.50475000652992,88.49599029794726,86.51403832516232,81.69738258771812,84.70474620164967,77.76313203430286,70.87943957984078,71.4116378358312,71.06718729925224,82.2889084619143,75.30372674111145,74.27856492083632,80.74733512427095,74.11272370683045
Simulation,123,79.8342613685624,78.16524152860985,77.80658814830579,82.07067490387628,87.77742783780039,90.46070468435015,91.36337778362649,88.51734574142309,93.02880640181817,92.59128431021348,93.0759500373213,92.44192189500109,92.94645909964464,90.7307214367676,87.2625109859985,88.17232981982852,82.48933530163595,80.54636993571992,74.82835292582658,77.78701906852783,84.19564621751417,77.16051691294749,81.75777205148668,65.33660770663556
Simulation,124,58.38664652328444,65.67168842767113,71.52666162636996,81.06684963994923,83.28273561701694,84.9694539089893,86.91131867801752,83.83532966218323,90.63337347083029,92.55647515569014,90.33907808910455,90.64377823240402,90.3876647012522,88.47860992547939,86.79398372237607,86.7895859005989,81.4645000375659,81.99998185295186,82.4016299817635,82.15270885260968,80.86006115221858,79.65602111482642,81.7157267755166,76.6959599656588
Simulation,125,81.83125150668315,80.50456798663447,82.3384899906743,85.29958360695814,86.70025905220979,83.95132657728917,86.40118224842479,91.39739001315453,93.35737521699684,93.83489813027411,90.81614468678389,90.07266711156126,91.37243023933446,90.71380932895472,89.45633141666998,86.80105448808273,78.94685511138053,82.18644170896397,85.24995202036376,82.04088093349236,83.77227914342856,83.5029754552428,76.60655995495699,66.25226212814366
Simulation,126,85.16898185320623,88.20735233809616,88.26877678052504,88.71469927808263,93.8687040593642,94.34036744905333,91.35606788277954,90.63105305705592,89.61664386761983,89.78488715295921,88.82996256226903,82.21456858797885,86.49278640965986,84.93551219759689,86.58517407133373,87.73167629616682,79.93591948271354,78.70247643339414,77.54283647546077,86.51939661040633,86.79710978019128,86.87347099865315,84.73436096030397,73.28671538073121
Simulation,127,84.72346455131671,83.78179483259548,82.86758132554945,82.86048260461266,87.81364156977727,88.93957967653165,87.24624528416167,90.16967747180969,93.39934482895514,93.55270744832883,93.83507402312833,94.59131882035415,95.01706048445175,93.23958990712505,92.25217294193166,90.09860697033022,87.49830952074477,89.95857799937212,90.45954038131981,91.20983369872185,91.4113072417537,88.07562175588288,87.07260685229032,77.04824878907615
Simulation,128,64.53341025318299,68.21611818850083,74.16278864386038,80.67346860825447,81.91814483423295,86.74327317842506,86.24669027371934,86.32089042202472,90.64157850399268,90.15561006111456,90.33489986732842,89.78941174889964,90.64369211397889,86.93557893474461,84.67728042877326,83.59248601250997,73.41540094061115,71.5744375834878,78.52974100177298,87.72848574584103,85.75542210936774,77.34957766553725,82.87068326746096,72.97541979636307
Simulation,129,68.74524222529442,75.1140921320918,75.84395973338874,78.51813715406917,79.25972830504044,77.23395556842094,84.52861919663594,87.97264787998651,90.90790895506073,90.05500619897042,90.32868595700852,88.8973254017326,91.69854979561825,90.18705103010565,89.94555869055539,89.76027147809785,87.16813848791983,85.75829024374107,83.65712432825144,86.71965109267173,87.99773369490664,82.49788834456291,84.65106973930993,70.76118072340013
Simulation,130,80.12021352928302,80.52399301045106,79.90678836329172,84.7188191105202,87.96571211302896,86.64430104824294,85.37205920002073,85.41817826028678,87.25026244645659,87.54138085619363,85.93825844084834,88.23170460059697,89.79577645120145,86.68581007511358,81.00809844242984,85.78220050683174,70.7166306741642,73.45405590193766,78.95009523201786,83.17900579438191,76.86874162380511,68.22437590789583,78.68581717116965,63.2445871229051
Simulation,131,81.49587650646981,79.99294318062132,76.00800052986543,86.23215657971441,87.81288150553254,85.40879921945712,73.56854140335858,83.3586116252428,89.014929595854,91.61699781869605,88.69198745942548,89.38623551626519,92.33090143604103,91.38528265895147,91.33199110449337,87.71222273642682,76.05598812159755,81.31895512990057,83.04633075523627,75.71572663144535,78.35301736665186,78.37049312489142,74.36085319663366,59.47828153659183
Simulation,132,67.4656018752976,73.0884348497239,77.80313425438483,82.07067513920619,87.08843319735585,90.47815081564922,90.99304448753931,91.28039884444306,91.00533735220534,90.48607693797712,88.325342074542,89.66313889372925,90.7475958258366,86.39827246069854,89.23028224585826,88.15421392365612,80.18420781080508,82.7071353910717,83.44647254027646,84.04408185151614,82.72011488496035,73.14928882789413,77.0813233708511,71.21256065765397
Simulation,133,75.6759692231522,79.29361531229186,74.59238303091499,84.67999483642073,87.68347352287863,89.36643879187797,88.7772913156788,91.30725575519276,92.62802116640836,92.35648732946544,90.92305968279288,90.13483818318765,93.66062360751495,88.43554420163433,80.10878699989733,75.10518934814633,78.47288739467898,83.3318802854134,81.74520335531518,89.96287414578535,86.03084229616589,81.34835350109478,82.29704656575313,72.97728961840802
Simulation,134,79.70099450266449,78.27194531378693,80.04123062749434,85.08219713343433,88.63652234426935,89.59400376194067,91.05827028846014,91.19451033049396,93.16604611305482,90.41581500768041,90.52801905096793,91.92757866065116,93.6603387828113,91.09828864765876,91.30071975665079,88.27185011395255,83.4683676827549,89.81975966584031,91.66873195839615,93.65255129544849,94.3670782308204,87.16015743924561,88.8469010416543,77.03191074198544
Simulation,135,76.13992730824245,76.26565676905044,75.74045461389254,83.41298947657198,85.66880822215973,80.04011374979355,84.55861956279483,87.55349958029981,90.36249996459232,90.64293426246648,92.3500104579579,89.43320319631913,90.3919881420224,91.05783121039407,88.20769190597059,85.33234940412991,76.86436674843232,74.80695035789482,74.5068860079318,75.06066985190995,75.743953144978,62.08849725451845,70.16240548943642,67.0537099582808
Simulation,136,84.02496899609025,85.17016221398724,81.1454879280519,87.25942526262884,89.02557390124633,89.49134003490077,88.34484291653004,88.94819738222753,91.76296634847685,90.45749450477041,88.42798657983258,87.47677806940108,90.96431174406558,88.12919438465936,90.86153459768661,88.67317055325307,85.0203906392531,86.4663469712516,83.74194780469549,87.36426069459455,87.2828187763779,81.66359701885247,85.3094149600887,71.27604178799716
Simulation,137,81.79451744312564,80.96360835861654,76.40240610000029,84.59416774290217,87.71682594307552,89.7299786572878,93.59556136380759,94.05196195163323,93.66443556505088,92.65591834779529,88.72811061648201,89.4824380320747,88.31337794040292,90.93841417107313,89.45860213147063,87.08118341498268,68.57394869254117,78.41313109549863,71.91994209218495,76.69286013118932,85.03754197084734,71.72172899153708,82.86522657651635,72.73533831176357
Simulation,138,74.48472481855518,71.96884009528993,71.0187317442954,81.81806784652535,86.18225203270673,87.21218290101086,87.51545576635111,90.39200680853584,87.45594110563589,88.1022631455761,89.97790519967117,86.43609359377746,86.4622132150561,86.65061756693065,89.96366652216669,85.19837940657263,75.51044269209679,82.44928825911458,84.1941392949775,84.55173645762032,86.45155829159303,81.24243050176621,82.29355912914113,73.11106205098835
Simulation,139,84.73946023435687,83.25895158841818,78.08985567678293,86.23590139188936,88.95999595591336,91.43127090881237,89.38081128939882,93.96763806386083,94.12171774314045,93.44219369108625,90.88360313100532,92.42980514092142,91.30072640324134,89.1379682142538,84.6010416839216,86.74042131241,76.68455373263924,83.05472947356373,81.71127756921682,79.14993891988803,82.50388376880463,78.78835705413111,84.29870670855556,68.50094191493817
Simulation,140,73.67263912609494,80.38886137885297,76.94958095837617,83.07369467320996,79.92412473176861,77.09195046984048,70.0626329818382,78.59705021115333,86.23249432754005,86.8495502620033,86.03931203682468,84.02585798678541,87.36854682918757,86.15466426865244,85.77447736228403,79.5340680206576,79.54961482805165,83.09890022378555,79.84447288943933,86.5193194035816,87.99402536839202,86.23161326914821,85.82775734736651,76.95581658366098
Simulation,141,52.61445227381585,60.81691155446382,62.84234793046845,63.50759484354895,72.095688928225,74.2380631814867,72.42418296438784,82.73189054386036,90.14884191369573,90.46056863701921,89.53885751116846,92.2486794405848,91.98490684257095,91.00352543183169,91.76791811317698,87.36787190061831,83.42635798711544,82.24603001155361,84.57722993721518,86.14492605852287,85.61066953222767,83.10568209159199,85.60886383674233,73.83973649767827
Simulation,142,71.03947149821897,70.99567885665516,70.67393101030768,78.00568072892744,83.22713784098156,79.72913907751877,84.42540780937411,86.67447681231806,90.62306029427607,89.7853266522563,89.65882555696324,89.4345451301308,89.09266616096262,87.6201458555993,87.16920657247594,82.47316241735221,72.40623828505927,76.79295529428694,72.6017302766123,86.65501616340237,86.9940864718267,85.2693598307508,88.86343620486811,77.57782696260936
Simulation,143,80.16800445326251,79.0711273036236,77.31721112163291,86.84847880002046,90.05778502679102,90.93352356015153,88.49510851327064,91.25291885833413,92.12130827327009,91.42337662249295,90.12411384368305,91.14036163419793,88.94729914545856,86.41174626387317,87.29678228740221,83.25721983637101,69.4913597357004,76.82726889673881,82.33478396915115,83.6542354387291,85.69948959971272,77.89170599700148,82.77836406972429,73.07104657539502
Simulation,144,80.83640172750755,79.8571865197836,76.04437336663392,71.90892248554253,85.37984949499952,87.40995569444888,91.74271878905898,92.06742412851773,91.47086561280759,92.45717433688097,89.23185933843578,91.66225602983288,93.67785166940041,89.74636241498138,89.99553103880207,83.37859044339173,76.42429195027542,79.61812131994337,78.27586154317149,82.46081327067209,77.23078190200131,85.84959835097878,82.23724367494637,67.52073946454867
Simulation,145,71.8779570474897,76.2605701118973,66.78523050069383,63.36692172762051,67.51540157680056,71.35864869547163,72.20809208119913,80.45001951976224,86.36429882887022,89.57772301171975,87.88729806010097,86.45714471267756,87.66492417609545,87.946485189193,89.36981167552648,86.50552609665,83.48456477972488,85.14430344632943,85.69562966323858,89.94587543910643,90.22439156142902,84.55163180770272,83.47205398655166,69.72111504531958
Simulation,146,80.22092151707353,79.19074601743607,76.55439815050072,81.86202535705782,85.23781719991516,89.49568137888923,85.04916153925438,87.87419250367321,92.11863682521579,90.05903621333229,89.6615869803771,91.28346182468262,91.77044584868491,91.84810258974863,92.76348454053186,92.452455455815,87.16836488610065,87.256134277877,84.07006264725682,88.17447791291153,88.22869295936012,82.13617404831055,82.07661558484172,73.4012291205298
Simulation,147,81.15512909854826,83.75995687811765,79.73228437695097,83.53264722565319,77.94534844948215,83.62840504283722,83.77273477644644,86.74242753929775,91.2776070286378,92.67463597787662,87.66389497759774,85.95617831910448,86.34161954819969,86.3952664159606,85.81571640522527,81.54771030050246,77.6506579229902,71.40499906436993,77.66063100315213,78.6757713163049,85.83920309681004,70.84768986134212,77.60036056586686,68.03926895133556
Simulation,148,78.89712191134127,80.96316482649992,77.06485399177757,84.91946996673701,83.75599152209175,85.45965006084236,84.3985980259056,86.8480763483551,91.43227035246414,89.10336101196707,90.75154848042357,87.4243216488043,86.63892228316655,86.26928968661235,90.65054392819553,84.52400428847365,79.81784444311755,87.90089046397141,85.82006527695603,86.36937895633753,87.27890047858185,84.60346551563266,89.57709972018039,77.46387595288562
Simulation,149,79.69770208436995,82.75237963428461,77.68451351247501,76.78304899772029,80.756443306673,85.52163056147698,86.54844641169296,85.53447301305991,78.94027948448503,86.43903483699486,87.98856899033336,87.33713357632568,89.7931480974584,80.42794053804457,76.73070666689404,74.36080606387866,77.96517265220149,86.34695776756885,83.71126920009057,86.96616673016702,86.20977868395568,79.48520739416628,82.2367630004247,64.90297596293465
Simulation,150,83.17415566020229,82.78327300977034,81.45949404029261,86.56432876596328,90.31003278492085,88.8929498807614,85.93559444958937,87.45872153515825,88.77174111960377,88.1018359075339,90.46220746085449,90.01125833566535,91.81420547400293,91.89537498147465,90.23268396626817,87.70934559232629,77.75324474367522,80.17119527234333,81.64398578712533,83.90758094472446,85.61125237189106,81.60736649985562,84.30349728283072,73.85973349060427
Simulation,151,81.72221964256957,79.07774135542897,76.02958654547648,85.40701919603993,85.67958314582454,88.52340637111054,88.33225864418017,90.430669121858,93.61830251380819,92.70473677172077,92.88622339644384,90.93299605836938,90.50436583039917,92.43150155733004,87.88666674733766,78.4489382355411,75.69207069575197,78.2820287580874,79.97213988202822,80.5521534906394,76.3841994214422,75.22545702785393,67.09766357881287,58.95128270586541
Simulation,152,63.57029334065161,73.49680705016407,73.7464308820029,78.00862635842611,83.99208784353291,85.38014104384955,87.61413413765622,85.71609229272188,89.44556921741763,92.55682726154264,90.80539609984872,91.49288842049381,91.3114374394834,92.38374764579638,88.4261658425721,87.06692533569144,83.28343516322262,84.48491277440081,81.94308767396333,85.34888677811554,84.9255938413366,73.49091204507008,83.04396836675355,69.1986913073118
Simulation,153,77.5219337794001,76.20728200504303,80.60644372851614,86.42704772891828,90.70293734942064,88.93465678600222,87.78622826517082,89.33923449724739,90.27664351061881,89.43789639551835,88.80758218876149,84.59813647056275,89.72830076103617,90.67015981783842,92.17300820321772,91.51925450939811,90.33386369141705,86.94054262394195,89.07888753257714,89.61738825154646,88.86984967706614,84.48494201557503,84.5444547058746,70.8053695834847
Simulation,154,83.80102131210674,79.97479287376532,77.74531746851501,81.06064658047,86.34889623080608,89.66652248154811,84.55784022283625,87.44356978751439,92.288323905481,92.45488242365627,93.95793136728243,93.04187879197767,92.3911843500908,90.2026072722069,93.01677614639567,88.71318993161718,83.49843937996994,87.62420137595484,89.41065075504322,88.95990430004,87.7064595030417,86.29414626587183,86.3534149367171,71.18870458999106
Simulation,155,80.84926589304395,80.75007369800775,76.1728476440098,85.30368641594572,85.96428451788145,83.78832833941766,85.90874257665337,85.323433308554,91.63583094283932,93.48595941185465,89.66461135333466,88.51631384896581,88.74162027936495,87.44746409751464,87.20754173527044,85.03909488436696,80.2401124147843,85.70757038460054,81.44139889426424,84.89620431886296,85.2143732247368,83.0709199417652,80.61458882699242,69.66522608081948
Simulation,156,66.17299504136908,73.24742484979416,71.65835955922283,78.3183323380209,86.33423800012665,85.25876564901758,86.5491367415219,85.01939844934687,87.35002250883153,89.12398594148908,89.60604795516431,88.10140174645015,90.88783490705616,86.64308663270106,86.15332463396024,83.0183987301452,81.73870896279901,85.56207954427471,83.08567640156747,84.8344105070523,85.18880218691972,77.06422079972391,73.53791489288776,59.49050243298448
Simulation,157,67.7905645021844,75.51160724942469,74.42234651400688,75.03413799784832,81.34246859809679,76.12660890864636,74.94693673594911,82.81593486027789,88.92627968428825,91.71850022982125,87.38034139652271,88.66804859999249,91.79610037066251,89.71830547772137,91.76764635068473,86.2202939252744,80.42118833803599,81.81702380684763,80.20842343290602,84.16814644337651,82.26264625429006,79.48417748362768,80.74782685858489,66.56204382066767
Simulation,158,73.00271132072433,72.81293779999366,69.19292221881206,70.4680845737616,85.5583820213268,83.32980181139617,85.35242855837225,90.3716350234282,93.44099738231901,93.82793391323729,89.9105892945196,88.44271617615853,88.62490702241537,93.60709122306693,93.2272267958618,87.20072095672202,78.78248203359281,84.76796296620935,84.53527473521245,82.42513631967485,85.69556937751827,82.38706694534227,81.73767296088242,70.80158117939257
Simulation,159,83.19364976676097,82.70197739463012,79.65465360471329,86.5635622553129,89.08308272266578,86.1884144078933,87.52294716507984,89.88470914313505,90.61796755051256,89.82891991117003,90.75137019016896,89.41980372423164,89.85473323480593,87.22082942339975,85.10133641564101,76.04219715496546,64.07493190894981,79.17221750644377,82.22016973442499,84.96244387861758,85.60961614206865,83.41035055227525,85.99128074994101,76.23051113253273
Simulation,160,78.73147560246659,79.09011557776206,78.31058252775017,86.25966938191539,88.29400472258915,88.86414283395852,86.69710573839171,86.92888255808465,91.66251588217962,92.5065708003965,92.00984040973847,89.09590611962697,92.80971295796586,89.27747137063321,89.27654204194063,86.20430095056845,80.52953408633881,82.73630346029489,84.6736340426891,84.30557937085726,83.7610120612683,80.1844377648321,82.13468924465508,64.8836434846061
Simulation,161,83.10587453582933,85.25372200004556,79.63521992192996,85.46018681036156,85.67051047993243,88.06312158321744,86.91131463229952,88.2719214378224,91.31856025512346,92.78262126917049,88.35556862477868,87.346848738453,88.28347511460335,79.1788593529888,83.97089037274667,84.30726888252772,74.90491187062887,82.75891997747144,83.54578227079666,91.21345670567715,89.05760144375681,84.46681862264734,80.28119140759503,65.99971982176461
Simulation,162,73.99764480041225,78.64437507299827,75.43196201406401,72.06646270098544,83.66543582446684,88.23262801143046,85.82476019641027,89.82058830969639,94.15554386838858,92.69507588721122,89.75869392262855,92.04271615708643,92.4647246264104,88.38132353254053,88.18993400622608,88.28477067411123,70.44879188756022,80.36791885386222,77.35519131436301,85.67278409665695,78.93159277292224,70.01930176223662,71.12627344458659,50.05754797611423
Simulation,163,82.17430004727059,81.98493120833669,83.55668017574246,88.4489038470366,87.56606514864292,89.39449349834194,85.82071033199374,85.7449980565525,90.46505751766708,91.28058678779,88.73416894052858,89.26501163261449,90.61412428937851,86.77230622796552,89.06486590883335,88.75150261948426,75.5201132622303,79.46179323476474,71.8680379834677,77.15455835406364,78.55691095762738,73.6401396009678,78.03995658457592,72.92350697515309
Simulation,164,83.8017254058879,84.92824079733862,81.0534576259372,88.45119006738108,87.53354861865537,88.26926393893396,85.93241440021603,81.67071712513582,87.23400948824684,88.14178389330273,85.46702836055788,87.19767371942118,90.0170108364979,88.3547414669795,86.79902971231569,86.73934182197463,82.70003878556395,84.07235371789334,85.23409628112113,89.4081687444459,88.75327058073006,84.07010869401094,88.63685378581324,76.48843745864656
Simulation,165,79.70336397367993,84.23596124740205,80.00188337519782,85.19863751392776,88.64359703404271,90.96983504496916,88.64091307343863,88.6709643091659,93.15506818788944,93.83061865886198,91.86044052998854,86.87027259156025,87.98160452289311,89.226063220493,87.82618056221068,88.16544267607054,83.75784894781017,84.75277458750882,86.32070231827986,86.60773006216172,85.5703462722307,83.4270468191447,83.94056546837885,76.90126100535738
Simulation,166,73.44636854615652,79.01132099342898,74.87564609598871,80.792599613161,84.61180978308627,75.56293748899816,77.68069674068147,76.57523221212948,87.45015759209691,88.60382019229309,88.7223377258845,88.30409163411827,89.75082792035614,91.68572488866593,85.28817396278846,82.84556146214217,79.61487102290356,85.99357630203046,85.15828463115585,83.72968129721599,77.534102304538,72.3949212451756,73.44445172008689,69.8891427738475
Simulation,167,80.25330957464674,79.30061551646106,76.3951162118652,80.47422977692217,74.25342350186742,84.37174790967303,82.88324981648394,83.35506118627174,87.15435653409381,89.58135655079924,88.05920184246949,89.13624959580228,88.25579385515044,86.07878608566044,86.27893880790786,87.03008559838825,70.73103881535573,81.05491408931377,82.80631781540524,80.53498210479283,86.84230876163986,83.54451601981442,82.41603538373504,71.22042272493404
Simulation,168,77.52859200553573,78.75480882452543,76.81813381217663,74.42432169767056,83.57219596181226,84.96349563513907,83.12593477650994,89.29149542055292,91.63554499419813,92.48382375511817,88.34727810109825,86.47761760818707,87.26020147586065,87.10956781960856,86.31682727078031,76.63538605760264,76.16531121133062,83.35946742713531,82.69918744518559,86.48160815980722,85.14598977163499,78.66960766622906,83.93800620921965,71.3683361737292
Simulation,169,85.16490784305557,85.5589332526517,89.62140578711264,89.18249985829826,90.04097584037714,89.60761121308879,85.15035484825074,87.04179621099408,90.77876735302692,91.71565099873112,90.52229167581989,89.37363927969415,92.39724998608236,88.36924824663558,88.72744252354656,87.76236103023919,83.75288647720492,86.73266637445661,82.75958004222076,88.096746010665,89.35623569004478,87.43422668401999,88.98229222317298,74.4295056466948
Simulation,170,77.91454974585304,80.92309813989792,81.08031540391605,86.76568979920846,86.94969761132158,89.86671255731527,88.4958987087887,88.10642076845046,91.81871244342271,91.04496790018956,89.07232256921627,91.36566704193828,92.58654878676475,89.28134529224188,84.85869139071487,71.3839403344007,68.57768892866696,72.11226179450719,77.09862834731524,74.74216203772424,77.81923517321579,77.09379347079513,67.73082158544356,67.36819299176403
Simulation,171,76.88386358338263,78.4647328326942,74.01223090324008,82.71556557982441,83.768327185298,89.64089711482396,86.8459385019032,83.39726557667501,87.89723056092194,92.02125466533397,87.34667788762229,90.10100166990152,91.56477063625063,88.9631351048909,86.73933489151415,79.04188482293138,72.40653840223597,70.37019908926045,79.82022598520514,84.83437494059362,78.53853230954718,70.01401266476205,81.62191314375261,72.3067909961547
Simulation,172,78.90424230779804,78.82968670591453,75.89181236461098,82.93135253925563,85.33638707069768,86.92472530668861,89.69670635139609,90.48409270456438,93.38313373551733,93.31214123975093,90.79648900717493,94.5062752314444,94.13073638820643,93.72586446116269,91.73751051919089,88.34337845145095,83.5990686991706,82.35413846264859,87.78503546813941,89.54870664753759,89.84493748250661,82.7619126695815,87.66027841810312,75.39508836443243
Simulation,173,80.7560428941058,79.66450503752974,76.70180696045207,84.00984346699676,87.77661515991174,88.72611232153861,86.80813301848576,89.24865868833257,90.28176086209808,87.6669954747213,88.87589753810842,87.0406729049889,86.58566020664327,84.50069594104565,86.296872674869,83.12193282443447,79.18755261734775,83.0988201233232,81.62333598960159,83.0064044674072,84.96515814818602,81.67470209380616,74.86474058702132,70.21906100310174
Simulation,174,80.38861046813264,79.24857088076492,77.70806831027096,79.0581945861808,80.11255087721148,84.94165577325653,83.96854928701632,84.41212600632818,88.26604484662568,87.7889502582926,87.40122484960663,87.9632364586438,91.42475424987799,89.72165934146304,87.34999789962967,82.74387582649516,81.22578824143048,86.32169797668692,84.29252069936041,74.81302479469146,84.73233617518059,69.76469356299557,80.36772641397769,70.31591866354142
Simulation,175,77.52268199485488,77.93543847075534,75.73916297842855,83.9561264936613,79.99938657544018,75.57550781777935,74.682324588635,77.75387786564917,84.83043953687945,85.87212372210767,80.62174397510653,76.97637595793589,82.3578514336645,79.616229042395,79.05251927548117,80.24088199986655,78.10123647331164,84.06084054316545,77.7948800931579,77.49757716781349,84.20974106548313,81.46865727605713,69.52520407790563,53.64674219492423
Simulation,176,79.88251860591947,79.86699628613992,71.65914146934335,84.95733244290545,85.79845332250463,85.88659963644982,86.50606780478091,90.20485107330035,93.11775731609347,91.75248159535491,91.44570806724414,88.87424765832057,87.95669902312413,88.5482631108424,86.94752341199731,79.05302064560922,77.47145135928493,80.95285111320834,73.50378057985927,76.12407207034296,74.61174385193874,77.03792780717,83.41947510506414,72.09843428740375
Simulation,177,84.12286309946833,80.49929199708039,74.42248701036057,80.81192736512156,85.55316809913504,86.63264506771408,85.77209690034383,86.42502600910785,89.58525337824422,90.82822555867628,87.70671134681773,86.39921626336647,86.37598281577972,88.10734526077168,89.05338159836258,76.72910925824769,66.77473249728374,70.04381584810194,78.25477645454214,74.64525776492705,82.47133734489364,81.38022625654709,83.21701091053497,73.93215060435041
Simulation,178,76.76778297694695,74.54950928140403,70.42678481357483,71.09336131600534,82.58249236359065,84.79338279524326,79.598075708812,78.56564620086144,89.24900585510278,90.74856932868249,87.35003081756679,85.51948838096017,81.71866761193502,80.14512869731017,86.32341876074534,75.85101672790664,69.3128928775833,68.9936790388067,73.50941068648669,82.64385807574135,87.86016684821793,82.4145125332366,86.04439509188565,76.25280379530336
Simulation,179,79.80710103908227,79.07808771172891,77.89391315875939,84.5332267631987,85.44878277709421,89.78530869578523,87.45729584984181,88.62885497196835,94.09418670410498,92.25882621066675,90.06602598686496,93.17308028050016,91.46639111651804,91.1104722337158,92.64551552184241,86.50943084690527,66.69364179829206,66.7473856581754,78.12640874158976,82.5128801055979,78.96424160514519,71.16269850401032,76.3980612808443,68.15754507905076
Simulation,180,83.19428622531555,82.49303774399965,81.96475492802217,85.88045456880933,89.39610608492642,89.07168262159784,88.54823571979054,92.0984674656255,94.98433210771871,91.54548262889733,93.0409081429419,89.86233963355963,93.70612671724453,92.34661794178628,90.77712946121409,90.68844841439295,87.63011819594385,87.14115965241017,85.24994363397707,86.7701954116739,88.44529336311354,83.22743669571102,89.83573141785205,77.01483179996926
Simulation,181,84.73221831765078,79.8581945639625,77.75868665917547,86.1147506430516,87.05848512427458,85.41086161599561,78.45622092426494,78.69734440450932,83.57233479092491,87.05162845558688,87.68252030642765,89.48330199355021,89.24661285615505,88.33319129012636,86.62665681561894,82.66647004292389,78.10206443926886,80.7420942118842,83.60760055177992,88.26022128188046,85.53013923563459,83.26665608512516,79.87031210263179,70.81751891754712
Simulation,182,65.31999840366514,71.19104663842091,60.65994011209779,70.24876597913347,66.87772834928839,73.2963123451781,76.802966953793,86.51560648452964,88.39438585933834,86.3638008026826,82.10769353159982,78.38892156432654,79.51831403486675,76.84299395940512,76.84517742901686,84.44865479382912,73.5440229647017,82.17235131378794,79.39330350634248,84.08114798811168,84.72703229688663,76.85251823858448,82.60559189427173,70.29841112927575
Simulation,183,75.04969491921679,74.31686946913057,63.44603099933624,77.56760493795149,75.31883120126659,77.16513310474399,81.51639629273805,85.7770111611041,89.4455207246015,88.14621682075028,86.46167883406233,87.68715218206421,86.49370270714807,84.98234069917272,82.44126250339023,73.80441487239655,78.06530197029137,68.99783568845952,79.67818539633147,84.56438003469547,86.28725915834285,75.4292974506576,71.76298546775506,69.98411552107574
Simulation,184,80.01300191314549,78.89298320783105,79.47181631570977,83.53731712013813,87.00099559658786,85.00581584421775,79.6475491285623,86.24955414515587,87.2525191837412,88.44704970111381,88.79349338369771,87.58586116215744,86.39515501588416,81.26823325652455,86.73994198997137,86.25830103467939,81.10202281552691,73.02798284865143,69.72614275470514,76.3001389609332,74.69686857166808,78.70208482883912,84.52811675707461,78.35361505761503
Simulation,185,75.14687915067164,75.35183878035394,76.1341625759247,82.07079472242337,80.945618461865,79.73319157131766,84.90576160101907,90.57713247658884,91.08516185912241,88.44482711286815,88.42793338732888,89.15343177965762,87.81772413190423,89.30034532188401,87.70478570355044,85.21045533911382,82.14663094802093,83.89086808745195,83.23274457866532,86.72009378933227,85.93585129416033,74.83375226886028,71.41876623309155,56.50717145100777
Simulation,186,73.09589855998564,75.11882788245771,73.39458608546494,83.48502577070444,86.74597949563943,85.16496236257507,85.95756363286259,85.82484573471892,89.0177569215641,90.2016226756135,90.39944346310546,89.52391791208133,91.7431028052838,87.18024913494246,86.10317486378325,86.92919450956872,81.63554690288315,74.66474110861886,69.31584917992662,80.7530526310663,73.83939019113706,80.37468582772847,82.91593051114752,77.08456384793091
Simulation,187,82.69461936754232,80.99845834881349,81.0424006889317,87.14076489057732,93.42979676022841,91.32540514285805,90.83358510536489,93.511132777884,93.25614831973482,88.2313658098147,88.2333607743588,91.928560578825,87.56264044075384,86.76007532368247,87.08202030779589,85.49213585064635,84.41784854853509,88.70616934937462,87.54669776150277,86.70543430908545,85.11250222854456,77.03512217277242,80.16914927123823,68.44302703940316
Simulation,188,82.93309228092357,78.25820402182066,77.467302135859,86.1118411750438,87.81386481289123,89.63268838507693,87.03454992863382,90.89529393118634,88.85612298984982,91.06751124247657,94.15538843044922,94.99497183357096,95.09438439725622,93.51067613970298,93.38933706282398,92.91014510095559,85.66670517518344,85.34001896991948,85.12898655111339,86.3448696915257,91.37507787697967,87.72917289469486,86.43376818104153,71.79247487153266
Simulation,189,75.02063762659097,67.74349053931468,73.25647096759428,74.28121181077313,82.86062984483827,83.98959218842566,83.77301202658109,84.52601411739343,91.85496912556921,91.29055138480985,92.59567514325819,92.0917794874767,91.74665934874301,89.22214226406747,93.65097639561405,90.7385353838226,84.68158521584387,87.1352475860254,86.55221309840933,87.08733216626798,88.60978258177,85.25209481798969,85.0201784741927,77.5184080866441
Simulation,190,71.22482706439446,84.68528784377894,81.12445988085958,89.13654726247009,89.17553768743602,88.73290023705916,90.30549170315676,91.01574306735354,91.4619616359747,88.42530988927236,87.66999619217837,87.34341619075698,87.01710767658588,78.98755313777988,76.35992395949334,73.86878741077886,75.81586117241422,78.05928089192713,80.86517844737588,85.46698671131078,82.73199500348035,79.20026882304848,81.15013458613359,70.74784844056889
Simulation,191,78.70875956398801,75.09606827888085,73.92962286663422,81.4216817500864,87.56610292329687,88.52512053433166,86.01900078191892,87.30563605616226,88.26797731499227,88.21227436848478,86.96818535643446,89.8431490710962,88.99414280592292,89.3806959418457,89.94924926023295,88.23621384214934,82.8388400344697,80.84273164173676,82.58974082062238,87.17195287276455,86.14111022540783,85.72816526225542,87.08160702804322,76.96870519372179
Simulation,192,83.6079374099136,82.39242730328309,84.84753805253433,89.02718986504257,87.84572819867151,87.41965049916931,83.71370204094332,86.89857299563099,89.48317851655362,87.04747226542393,81.77157143895359,86.08363376025156,86.884408747433,83.17996585483289,86.39020456663668,78.37833859598966,71.35671681627393,66.10681756952415,83.03812635110044,89.04485898063754,87.95796329676526,81.27635049506905,84.36353453364259,71.98553205845225
Simulation,193,65.57176607239569,69.26754029282206,75.47447709264961,79.60131683136588,86.59329144135174,87.52615301358756,84.80420245939897,81.39109019549342,86.59636973505823,93.13540191706521,93.2944409892365,94.47880744577131,93.31747258253475,85.95085847165016,88.12426718762421,87.19151959194286,83.29434381982489,81.57812421956353,78.19093357339364,75.84040157190127,78.88516382083975,74.26197317158635,65.0042085732834,53.82025494426043
Simulation,194,73.0384199923533,79.27155915208046,74.4455915811244,84.606568682822,86.26275061577313,89.32551743576641,86.69076245771436,84.7953455160403,90.25763652021813,91.41048258975981,91.288600650339,89.33570414329319,91.64355778109507,87.33698560833551,85.04237881405625,82.63265522429384,81.1706426850503,82.66489189019256,87.03907004025487,90.50652055408563,90.45039778252385,84.05539461277138,85.05480248066047,73.89898682410137
Simulation,195,78.97186567105499,70.57301378457643,73.50663147943412,71.58224266478244,81.05074134867975,76.99544766959455,74.74539673807541,79.41633826168552,88.36144314307059,90.76891379983913,88.909058042722,90.64591614574566,89.50297013349052,86.38696295888077,81.1549221368044,76.7178772695146,71.31641601749101,70.70820836284045,77.12216732862488,84.07898451979683,87.01171263232064,81.48295718674288,82.91063817736733,71.22588047541107
Simulation,196,83.23613836406403,83.31462923402981,80.61955137853072,83.20203801944842,84.01672193627243,82.8413102808765,85.02424709710708,82.71652358572759,88.02733935179394,89.68763644582125,91.63698931254436,90.82625402491578,91.5763062738885,88.51535011527551,88.88700804429362,88.65396484771192,83.12913036839792,86.31832014025395,85.93100941249804,87.27005110474582,86.93158974732295,79.79987250570686,83.07458161029976,71.58511593407928
Simulation,197,66.81841217075869,64.1363222617381,68.46377865314953,78.31915838461525,77.95984393653535,75.97421694039399,76.55044163410699,79.4642560684255,87.88718909732532,83.77671794733263,79.8561505918427,78.45658065948216,75.22282295189814,78.58584663559053,79.74963044069446,75.4747790313402,78.39516708677861,80.00851514976036,78.42265073117727,86.07186563006596,86.37136783767849,80.75266341143735,83.38536923408734,73.15054527553683
Simulation,198,79.98119536793236,79.29131705053389,72.59117165230255,82.37696075067794,86.09897678291483,84.6689425141131,83.60061947890608,83.26693504137721,88.12445615157354,88.23107675122559,81.89539503464118,86.47706885187984,87.89122678301739,92.63941289500592,92.74344685027661,91.678026090793,87.80104129336709,88.62517603157951,88.09579200884086,88.89526970541161,86.42458813469938,82.90034035779591,86.29656773852159,79.28574584458997
Simulation,199,67.37764410335882,70.58006135102599,72.75045537212559,71.61059147004639,77.92225541903896,86.56962068739942,84.87698423879405,88.94473670115175,93.67376050008804,94.03416481205548,92.28616457193853,93.72113377587806,94.43800492088522,91.34402933276561,91.00362353312582,91.24497535336785,88.68283480332013,90.62678168672059,88.96671213716232,89.2534560822177,92.919735704537,86.13546949575526,89.72263878554313,80.30616577750823
Simulation,200,82.30386202937707,84.76885278728518,82.66614891919713,86.7675889566735,87.82117700372103,88.93916218384352,89.0428503159055,90.34746976019554,94.83387755521201,93.48547557247464,90.30872916947064,91.01909032934793,93.60116490280228,90.09835203547681,89.2802380344902,88.18268530551495,78.10096255079294,86.8097689767553,87.16359115365042,90.91463351262188,89.51202818934757,87.55317996125532,83.77859900878912,69.04255239001716
Simulation,201,77.98105187075019,77.16474517523864,72.58567918135614,78.06499299978682,76.54803487664945,78.2278753584264,83.36084290516766,91.86455785390055,93.13547766505796,93.06923945035746,92.09800498421063,92.24100649608536,89.93646201449073,87.85930374386379,90.64907094969338,83.85261290099336,77.40940915757753,86.62492745974868,85.63348391774325,89.03649304996655,85.48407977641787,84.53843377855101,89.42897163402553,85.56329521576662
Simulation,202,81.75026621031462,81.83549944635847,77.94724070030372,84.55826917951799,82.62543977139522,86.95819609516482,87.8376956815057,88.98309100137493,87.14700479191283,89.4740104495399,89.5845057513488,88.60107340094427,91.07288207612407,90.52915236494133,89.51508181251086,86.84690552210718,76.75817521708547,86.91627432805821,83.58739231149302,86.71819491893949,90.36876643414837,85.84497401891198,83.44991073873965,75.10988778446344
Simulation,203,80.54187607196755,80.11302439677476,79.68055258057795,84.71360121887363,89.13850107549447,90.71007291751678,90.0577637738698,93.25630630349882,93.3730229947444,93.66692910934039,90.07625133457137,87.70786334646704,88.32276191209661,89.30280538159413,90.58538083437935,87.18327368157964,83.00494233894008,84.74870372699614,87.4397675834422,89.21991678847085,89.07286681833995,84.77971310473818,89.60761167208696,82.36578826471421
Simulation,204,68.02106921663724,59.67111466283361,70.32697478182152,72.60802942052489,72.30978679160442,76.51082040536478,76.11274387765074,75.92125241318901,82.03411791210308,85.45711836827735,86.00926652471708,87.22563734440499,89.40699782676582,90.25547225535375,92.14759668580592,87.4944462004632,82.21933407193202,82.71842784973097,83.60603587110114,87.80550285159303,85.31062884809167,83.52196503473584,84.2831032271987,77.59063314058474
Simulation,205,82.53386017770704,80.15029592708605,79.6335164188807,86.97396236988016,92.75729930996442,92.65911959423744,91.4581856970463,93.79847699091924,92.11067600078326,92.183539674841,91.99839096765187,89.35226721989582,92.97612588381728,90.20717303593017,90.54198847227363,85.29103410745539,82.59184580785521,83.56503159537598,81.98390060235322,81.03199736202663,85.73816848661096,80.41319027183,83.04014067833255,75.81230580708277
Simulation,206,80.66650489544385,80.46095554810495,74.60631372314815,80.0167599191574,74.47723799452409,80.19903462664469,74.25480800661403,86.21066152567835,87.15294105660614,86.76004270397523,84.08703997534984,81.07567147370472,86.73507859849363,82.17314585123502,86.00469475253155,86.15320302437803,82.92438971034647,82.86878519250804,85.50537030257385,90.95042530744094,78.01088268696526,77.14747736581694,79.34361205717028,73.63124714058404
Simulation,207,75.08678809288772,69.47482035663536,69.45397031081853,78.02305422816478,81.04982378930721,88.67965194605961,89.34821801815488,90.09147429396941,93.39876174471146,90.41998091221504,89.51480107482031,90.07272190268213,90.7908359025481,87.15387012014423,89.5146071999182,89.22691505151282,82.83345567775564,84.30294649117381,77.32755458680634,83.23691565126825,83.56596082464014,77.97407694630077,76.6975076811485,71.36361484069252
Simulation,208,80.9143880417723,79.09631400483552,78.64459367923914,85.88752077420973,87.91886800481004,89.78267671545404,84.80413100109644,88.82299824499754,89.97918059657238,89.49926209218884,87.47568111740142,92.43488943330055,89.23312013288094,88.37509457229125,88.85003567447292,86.13525036980887,77.07251410352032,78.38769965781385,74.7585273215986,78.06477850240738,87.85995443979614,84.90403797478854,81.81768055788918,73.71599593322217
Simulation,209,65.33786689824662,74.90287684705844,77.05072577158471,84.38863794756033,84.67035854162035,87.85356474046503,87.90885281523029,87.08977498354162,90.6361907072677,90.8041440845086,90.97281355154252,92.84465963364403,94.31641331292896,92.55550504346704,94.42563898047806,91.16895561706517,88.90729970753728,90.16658577771435,86.68579776566894,86.99542095171647,85.2311492950042,83.57256075663561,81.00150909909995,72.0258862756002
Simulation,210,77.18220381373962,82.07759862336093,79.63533453345272,85.36952631639929,86.92026231132384,84.37727999227148,74.38422882256285,90.69318569955708,90.57529884298657,91.50544215918084,90.52125884708323,88.43536872351947,87.95743991114371,93.04134381879872,91.97356312214609,85.29380466256163,79.54385907832449,84.31605553516428,75.7355917279504,77.40453682409249,73.27441087374915,69.65592561277708,71.2965986990557,72.41465438428597
Simulation,211,82.57767095588834,80.3852888355946,77.67424858013618,81.9656023409685,83.99925539468126,89.86727365788666,87.5568548040226,89.73381114981741,91.8688063802102,89.11618455820869,88.41053033684956,87.0095460163548,84.49003504082953,86.76679846923639,81.08722470197254,81.74813155049559,68.42040611726203,71.57172450036711,68.85034586042573,73.40034835723532,74.15751588982641,63.72733997235994,71.52823344316421,73.29958325565467
Simulation,212,80.20440853172272,79.583548743322,79.90341757190163,89.62297542272933,90.71209089183948,91.63430911927065,93.95687552864776,94.40039652814698,93.467860651437,93.48566643538548,92.49339949143256,90.52336388155634,87.52668822749438,88.14250435181906,86.34507123424787,86.52212242362427,77.08029875748016,78.04493162854199,78.59401739127422,85.79485087026724,85.12837545171084,79.59121299613383,84.97615404151114,72.38842847605846
Simulation,213,78.12030416454759,76.71279173691596,75.44100608738654,83.2307765356561,86.51171022405006,88.59359784973813,89.86862196804307,92.90035483821596,94.19515491397941,92.88444280721431,90.80978312926867,91.96850087679066,93.66053860993824,91.26237798041865,91.67782343296257,91.14026606319115,85.90953389300944,88.07091366524386,86.71928192082693,86.46252602474655,85.78083586101681,78.92288935469543,82.2365715905548,70.05256783627988
Simulation,214,71.77580317920317,72.49704379670153,64.94599528849977,71.3534557190868,75.27556166538798,82.8930847840883,83.60449267829554,91.16501459214153,88.41831459688093,87.88509373376662,85.46071824044473,87.60882763644938,89.98684632536072,90.20808504952278,92.16275275120577,89.03158359374731,83.9650794040268,89.42507932967663,90.86666336791333,90.99769835380106,93.39985374208277,88.56810244629352,89.56053043824303,80.96250567462475
Simulation,215,78.19850956659835,75.17229196043193,73.35566928323748,83.06856153619086,80.00162244168936,79.91545752634175,84.28444750455876,87.29846578603185,90.61126104649442,91.05249293174381,90.86950101176987,89.6888865314686,93.6593635858806,90.73596251183226,89.59137402338102,89.26011339982414,80.84606836045934,82.15009571866354,85.60267220044554,82.54580713971195,82.78540900581571,81.45956125907898,83.83872388723483,69.36590665431093
Simulation,216,79.24349263852618,79.67225510158211,77.98834716738405,80.6607807604885,85.32288905981923,84.93294404837775,84.37210763832277,87.2086715722407,91.59731981593127,94.00362049346488,92.01440234291209,89.82273984923827,89.63843362003317,89.55142911987522,90.41953509664651,86.23507641251179,79.21048380356123,83.49914959835607,82.33227816663728,82.30502711020063,83.26076907123786,78.823734318531,80.38332670541223,78.40941199531689
Simulation,217,63.134325584369655,72.44227600250846,71.57919238100246,80.2094127454605,81.33766636017866,86.17557525358617,84.1783479528487,87.06267592373021,91.53813689362252,93.43117260404043,94.18935020944576,89.45908612405616,87.81471438734852,90.47772625074111,89.48427017990011,79.07139585541647,67.84862698173264,72.465188569631,74.34349935708472,84.78975143473755,83.88780635763123,67.97607509770174,80.87191321226612,68.32123737606001
Simulation,218,78.80617747570933,78.22808759962072,75.7610305201655,79.08931889874924,84.34729489898045,83.1288640430688,84.54564677854324,86.61580365345813,88.20620339954526,91.8054737136499,92.18671822057726,86.3304236330608,86.97338564836579,82.89462071979403,76.1675710325874,78.57315914995141,75.50867447795926,75.87447800603553,84.98350359588323,86.57144763419517,78.95605877773824,82.51242042629579,81.62536427970728,70.79778129587582
Simulation,219,76.86274731185519,77.57601383338414,74.03459073436056,78.02123827128513,74.73377875423095,75.33193778329864,76.99183576655497,84.85748498180196,87.43512191620152,88.43731416902637,86.7066288629678,87.84997850249495,86.77236045929803,78.60407955062745,80.27575994189549,86.35200315685626,82.74531989282094,82.19231378667894,73.88968288883747,83.14346258578232,75.51598056042025,65.86452857503818,74.36529447264948,63.52774269805336
Simulation,220,74.23496845835227,77.4253230518051,69.47391063643263,73.66453017193214,71.50902537731378,83.19356635876035,74.45195232745114,83.08023405204261,86.76282931781074,80.048234669894,79.77833875146804,77.7846376431297,88.72590171340322,84.31704836768644,87.00476479244779,88.55188189210978,81.66179265459374,86.17243228978515,87.36329102326343,87.8399027700973,88.24787903903152,81.65510537357095,81.81189017617918,73.7812272183968
Simulation,221,78.65193319084125,81.21323670309862,72.07533681288572,76.37239850883368,82.59116554789907,74.14034984860783,74.57301479558313,85.35559339012835,89.55298035430205,91.86193721577072,89.53489547696775,90.09388089349676,87.58475539192517,82.91552026136601,86.03928532162033,76.03004106904714,73.58803306802834,69.78481938683763,82.42473562424503,85.43227260307424,85.76715259838228,83.89010431375931,73.54616851825585,71.24300526842721
Simulation,222,79.82997304427587,78.91280174530544,76.52284145487474,86.08563306534381,87.13691564708418,88.584154324389,83.5025005434342,76.38862028105788,81.70506476481326,76.99488392174655,81.73946408778181,81.07891809081366,79.5901934293708,78.86993689355428,81.0802224240707,76.06960824226967,63.83139510845364,69.76482825265076,67.94593145776982,71.05413973486411,70.49116453111174,62.115850744345465,63.35772981096594,62.87430996263546
Simulation,223,78.79283165304327,82.11393234107388,80.28995483899476,86.80645654604577,90.4293111882074,90.08568599287507,89.07402344792276,90.03587533570611,92.46678374271688,91.3846658826424,88.93556688934503,86.51271218239724,87.01481875089227,85.65326355687019,84.72245332660708,74.59661958343312,64.12706715609151,65.00102285807537,68.89912112101042,85.46506777152518,84.31331340527113,73.38812041578583,81.04320158764564,71.98894791271434
Simulation,224,81.71205437843741,84.76427960913105,77.14436210746915,83.74896222814908,87.55712794368002,91.20270881240108,89.84830334719065,89.99658800085395,88.79602617205265,88.18040880524119,88.94395125435175,90.83589913061813,90.83946097541661,88.16176179098825,92.1453303886738,90.85586903442555,88.58936239266649,86.89132364433851,87.49320418696541,90.12700977052779,89.19934496631784,85.22295511234746,86.34945138278384,76.33889761713935
Simulation,225,79.88388447382779,81.86463177044745,77.62059918274349,87.11384372055605,90.66551729324358,86.78481063584017,86.57808191824803,89.26805843963227,91.6629663202149,92.44678547783936,87.85547305521858,88.8912242953209,90.15303667356805,90.52720620461488,91.74728320626576,86.43111281275654,81.88410307555404,85.19141469610936,85.18727173564078,88.03806656806474,88.69023910889237,84.0768221009888,81.32498277785025,70.21647467195936
Simulation,226,69.84313185260909,70.687695603241,69.62516755683501,83.95604906194026,88.11543840682684,90.06264188456532,87.8225098509625,89.5427561269449,92.66017293919292,89.36298700782878,87.28782091243637,85.54700889461276,86.72092828172447,89.92624936377246,90.21843673728131,88.2144394877806,81.48907783368671,84.93389056539046,84.22667024317026,87.2048283839053,86.43864056741806,78.03586347059894,85.31063439401724,73.74109849382496
Simulation,227,80.8360096613681,83.4372704860727,83.10087758799233,89.59625262638323,89.88270857079144,91.36607769705863,91.25254928591289,91.82953453788227,91.62256077321209,90.64343552499201,91.26641572254093,91.49235976920312,90.49562660273853,90.15205590785708,88.6204073905158,87.17043825506022,83.11930230881174,84.48993751323692,83.82909115504741,86.60334593759026,87.70372501899178,76.41859475476018,80.4057375163729,73.44612539587436
Simulation,228,65.83601324650748,68.428279406471,64.89446124496425,71.19269029649925,84.99264645002934,86.90838907668446,86.86073561580211,89.64776683510249,90.37064808115589,92.55127366454244,91.30105004574712,89.65597684037706,91.54092596426092,89.34884235039459,87.35915911125612,83.09019044999957,68.38997284628644,66.36463712613664,72.09487125377338,84.61064909881281,89.45391177994456,83.41337045370824,84.70543752977653,73.63161600199302
Simulation,229,82.10273014154724,82.69372866021261,81.61356362281651,81.71891171212354,85.88184505556112,84.93905819752125,84.39827754601342,87.86337003319996,89.44519684150387,89.1073928641585,88.93587485085747,88.43140214945812,90.14047092713662,86.55077336129636,87.84894314184574,82.84640318509054,76.14541476075635,77.75572440889297,75.32464250907506,77.14363803357722,85.7388908596851,80.34871941474788,73.18210207927993,71.25286809802934
Simulation,230,65.52056835396628,63.41673389230781,71.2009475505879,77.53759694816198,77.91082550724626,79.92630237606485,84.89787736210044,82.10762025333047,90.62058553078582,90.14253536575669,88.51996822331496,91.36275419869013,90.38128002551028,89.99761113706768,88.88516435930745,86.97467421896971,83.20418896233897,80.59855014243846,81.63434617764142,86.94154169852746,86.60050771301407,82.96708634189096,81.62486920752698,72.24006256702233
Simulation,231,80.18116726983283,82.9273170404873,82.69754838713945,86.26584421626336,86.0342606593022,87.35474921645408,89.38388746872383,87.45660735257607,89.00223860210475,88.17059278386884,86.6583413243714,87.78633247237057,89.36338631239477,86.57119295495505,89.15978988703546,85.35066724059575,73.48233158782783,71.78270816861598,80.3601103908094,88.68956541861489,84.70432085913754,80.92991060424741,83.36863674353705,70.52796903531957
Simulation,232,74.66704089731815,73.16590303691625,76.03654284276544,72.34098945522541,84.02045166999788,86.34007686912688,84.48350902337899,90.14754135615902,92.65963576858888,91.5457145619048,92.06052083668676,90.95984064928057,88.59917969970667,87.77775644965574,77.8507977470987,74.54238089461313,72.90629884572101,68.66752851585085,73.37286670394315,76.52744274844856,87.22734397138827,80.65776767757812,85.04850299653201,71.22793404214994
Simulation,233,81.05621523525909,80.55444099006577,78.13096717311306,85.37050569840662,88.65339119145328,88.84352656450045,85.9576610184559,90.77968532923737,92.52694366512794,91.91563968325299,88.55740070570832,91.84591547698679,88.86944837540086,89.48597637121075,89.98295273868113,89.95361304323684,84.9833810624518,86.89118679398452,91.66517419447769,93.67305161271916,90.24045469721196,87.46045490790632,87.48838282026583,76.25302701925163
Simulation,234,76.90837350617035,80.23792744119346,76.25062373316015,82.3127474749897,83.86217233808907,75.57934405191192,74.85525255131162,84.74654549466608,86.82345326315681,87.67804059635341,83.27656000010806,86.718490637473,86.51263409008158,86.02457973203558,80.54918860826363,75.42177385760093,67.05096234185051,63.609557597303656,71.91419389355183,80.10096227355783,71.50426027999626,72.62730341159036,77.78793716204929,72.72338049839507
Simulation,235,71.91032481860164,78.50366397911185,75.2809019696092,82.11901028676849,86.98464673917147,74.22022148568702,74.66776356323061,78.07450809311247,86.21139347639841,87.04387722838862,88.42776902669657,88.87307129560408,91.06428967183017,89.22506485924657,88.17198174293108,87.12632107244809,86.62716503023037,89.44941913852614,87.18908386360681,88.17102038496307,88.85924718631436,81.42822929572917,78.39241847065048,73.49569360638652
Simulation,236,76.58332147473317,79.85811423180462,72.59236146262616,70.5456478746445,75.78824543413221,84.93037073678457,83.23995034387184,85.33649050584074,92.10989163379867,91.859587485274,87.53747024273137,88.89661426405053,88.5851602752147,82.35440734593055,87.03481128700481,85.29765608835251,78.16653128408696,83.52839750077209,77.48325527030869,74.99731650869457,74.92920457896662,66.85837512717418,69.66064996594642,72.4507034914928
Simulation,237,79.03391262231169,81.92569569911255,81.12250528357663,84.59026405499068,89.13687597787967,92.52327203677427,90.91283320746673,92.82384784394131,92.658079979287,91.77600304653951,93.4029254637874,91.21856931210596,92.49220442182731,90.8195234624857,88.61372716407925,86.3324144983296,81.66206394517464,85.57987934530244,84.51317517087628,86.67961907908268,85.9360495719396,82.76267261736712,87.16573746003176,75.65259427981181
Simulation,238,75.96966898972114,69.0875743037864,76.33703181185098,83.16142717148173,81.3041826671735,80.12878425490194,75.27986518896058,76.71483864644729,88.92163246734442,93.40264482431269,90.52235095434115,92.32234844383032,94.03377726021742,88.77479041760365,89.20497088277153,86.29366831327336,81.48194173087842,84.71421636925355,85.19302591206761,85.71023326542814,86.39345817310672,82.71952242423653,84.93529294555402,74.22305152044376
Simulation,239,67.37392818008432,76.92950097116304,73.17949221313565,71.74573552586737,84.21784820411324,87.22307847214505,88.40438672260814,88.61103092933959,91.46066640907493,92.00486095090629,91.67515145356884,91.85014147219515,89.54198579587134,93.71917877948808,94.96010386294262,91.31122263137841,88.43047539702837,87.92593954343883,87.6847634458151,86.4261072746144,86.98702942830661,83.20129904728265,82.45520005793516,75.30445593925955
Simulation,240,80.31780290993899,69.17353985215463,75.84566991580702,79.38798939538536,84.99107651860399,85.10436861724351,77.28310938455284,86.44536462896168,92.11737539427811,88.64709311853403,86.88742072334904,90.80369892297213,91.42523346512178,91.59139767436523,90.44743076167059,87.2167214398055,80.45973341321752,70.79103832557861,72.7791841155198,86.0304571754405,87.41736435060075,84.05078424300507,87.07684884219569,77.63143787102346
Simulation,241,67.92896062934553,60.79186330053304,60.530203734308465,68.89857499524958,67.0453305741734,73.26722613004519,71.91063169328406,76.72091100214827,83.23371404572202,85.80148856880211,86.91738456616183,89.02173599716129,90.16189483672768,89.71122137726744,92.83272670358404,88.73027156447087,82.00602216782785,83.18068681393885,84.35991970636796,88.26665830419503,88.74413429525329,81.03032784714485,82.23560357918397,70.36352427175798
Simulation,242,82.55899815090947,79.56262258715533,79.37887037322193,84.56715665058539,85.18338531589427,85.19553692732738,85.9863152234786,91.3865027514141,92.35847357649831,93.58982142440128,93.69437236933081,90.77008289283164,90.07841904353923,89.22330609459856,89.88822819786816,85.7765890295733,83.23329352668358,85.25914137430286,84.43382459842401,86.75966316871039,87.27457480285767,84.99374830609723,83.93113385233264,72.64179228935743
Simulation,243,82.30318674443524,80.47141376696766,79.63396627935802,86.99177710178087,92.19408980742242,92.9397533220515,91.18032650300593,91.04562110445232,90.29676809355612,93.48546848138491,93.50328565369824,92.21010349694446,94.13631870924877,90.29883299960515,88.52072910754853,86.79769801320377,83.2086897086765,84.75108053071615,82.32003536563442,84.71230633072408,73.68819069702216,67.69718918567781,72.95875780605319,65.43492164359478
Simulation,244,59.6588677643348,59.085447602003626,61.58402794181986,70.0537441629248,64.11496432451268,72.21691884149504,76.36002957443328,84.32094702248381,91.11190099198572,87.5269870529439,87.3938228881897,88.66333865527285,89.82939074069442,85.49277567011544,76.6225451858561,75.48066926994244,72.40538417958794,79.63241135549316,82.32268077161838,85.10122270943214,86.32004503284043,82.35932687104443,86.04274731405975,71.24320513532332
Simulation,245,82.71299138903066,84.31194606371085,81.09713386433681,85.11796363097656,86.47715398282513,90.97971955571656,88.00887657807496,90.6777057046601,90.57957136261314,90.26591602395465,89.77420685313027,87.7138935332568,86.31555467374832,83.98428600485425,85.60370256420161,78.44589994979239,78.79539206395467,77.45531714420909,78.52207362785316,76.82979580696892,82.12102470567596,82.17138005852382,80.50931093044531,68.58827416401013
Simulation,246,80.80530566174856,75.0231858669151,65.69168329739486,64.34625649023904,82.8261076437303,77.34434443195622,85.91680100922251,87.28650759007036,91.36161464202492,90.53149464900903,89.06312858295894,83.64017655048404,90.83227189735027,87.60536519709945,88.96541013020044,84.5833221510839,79.19193217663326,72.23408288570899,82.19338350947696,86.76455919486524,87.97830700306909,83.49156092610397,86.07465431217955,72.91162783405939
Simulation,247,77.70374636921997,78.6768613148451,78.83137798947058,84.43458774572395,87.14533902921539,92.08251959127523,87.62965420453158,88.97938224860125,88.87798347139699,88.6447528083969,88.59476974096357,87.03719643894787,89.4393229893328,88.16174296369206,89.88811736864945,86.61621618613657,85.81496804520415,89.66775008104156,90.68238811620174,90.49134370916848,88.87670236328904,83.60451815917502,86.43095576451867,78.98251027855261
Simulation,248,75.40089408015484,78.2226997810219,77.30292127525647,83.12972946752438,90.63833954046261,89.68065808982998,88.29487117702169,86.59731626151364,90.19996577256703,89.02825520192677,90.83753975800435,89.50806334652187,91.48800754617746,88.75825783562635,86.59650286935499,88.49490475763852,84.6422290700666,84.62107852972915,84.85643897004293,89.32215899618566,88.01370046032153,81.73500893290327,83.74810699174786,72.28391530804421
Simulation,249,73.05107154908883,67.00215677710635,70.5320751875424,74.4795482162655,77.94094985171253,84.17645215692819,86.76417977663353,87.89462767271144,93.57027851754613,93.69336312699089,91.8285744605789,89.99788796361189,91.44218802965496,85.32760379984518,89.65592048047334,87.64199315776061,82.51604761247118,84.67227971354455,85.44023589352224,87.47015897172537,93.33826888545173,87.72544758135638,86.39700904105334,77.80386105392569
Simulation,250,74.64168014859547,76.10237903460428,75.41942510051702,77.64956129464214,86.70110668637801,82.68496571169857,86.68136771840534,85.78191326085683,90.49652077920027,93.01133402168072,92.35013649461504,91.69759560647685,92.58706528486957,92.06612618898315,88.05450632058268,86.46279884048734,82.38705042716285,86.99593040303773,86.57680222854847,88.28368660019022,88.50952698906167,81.21633849727787,82.04850504160335,71.73079985697406
Simulation,251,73.9232508886095,78.9835152026937,75.08226406661684,71.70044619204015,76.55685223054982,75.27046160094416,76.3129852946529,87.30493062809526,92.59976547109417,89.3594817206536,87.42569114194617,86.78395826695376,87.51611509164132,84.50456833902433,87.64538790233209,84.67119769447682,78.34364827593758,80.593478993264,84.44946570639371,86.24901060465216,85.70647284937881,78.88062569643188,84.30928073012217,65.92337457736268
Simulation,252,73.05142055943497,79.03473179531821,77.95486015191504,84.20654164247219,84.59796247066791,87.20423137127287,84.64286255090408,83.83439529607755,86.3920758556571,86.93085738567868,85.9537813716518,86.7840331474079,85.80971728931398,78.72864439325784,86.3811295081877,83.10926878189139,71.19116147629451,80.02458437630902,80.42741330232407,82.39490391513318,83.50155761810204,80.16630570787038,74.46897764559229,59.28281665415775
Simulation,253,77.49264506685574,75.52857932275981,67.66872291143679,84.0538345276514,85.59476826750347,84.37682094282623,79.46273782837613,78.3186495092303,88.98807580886981,92.30965546233837,90.96280912256526,87.95789559212375,89.73404393422592,87.51169824341338,91.47645688164891,86.82687445797643,83.45835932090212,81.51039751125573,81.60223529138386,87.39705230835459,87.26499243415695,84.86778660822799,85.1403803023498,72.27154816244224
Simulation,254,76.12923131115434,78.53443540774141,79.95804739544681,85.90359855738052,86.10165449404624,84.37368760458685,86.50386900182902,82.62907760077482,88.1703225767262,86.7772868437317,79.34375906841248,83.98112794836867,88.23038991880858,82.16661631036256,84.28024245825941,76.73679596154254,82.6678801024944,82.73671598525647,76.62127926757496,86.42384256484137,83.43547258597731,80.93600379333111,80.83871840881183,70.05033492974914
Simulation,255,79.8451441025948,77.25108671057181,80.61576509578518,83.04832985496584,90.64461353498596,90.89839581857534,88.86163758422003,91.14317988993682,93.66531650197483,94.11464916063883,93.6506013955735,93.3241520017086,93.65051274697642,92.2550568014905,90.53710223026977,87.14705653547583,81.28782392049189,82.76412989922864,80.62523633691939,75.71396295974681,77.62730590515946,79.97722729369617,74.00140033532828,70.93518234853954
Simulation,256,65.55792905454253,73.24383025704267,71.92579380385452,73.1335351684782,82.70531160421976,87.95660860407664,85.97799267636672,85.15153840414936,90.40480579092308,87.68312740667285,81.71648073139669,87.04610054834217,86.9991342662193,79.86976534958043,79.34376955981547,75.4575645640871,72.3316384831707,83.92422647807466,83.57412510618542,83.69839553809818,77.21970693496952,67.56975932382034,80.14843207013988,74.10176950060897
Simulation,257,80.33539837715969,75.92104593271941,75.13627663925094,85.40839771624329,86.51970922001114,88.0632669904953,88.37242547515729,87.37727442700267,93.66242022556438,93.12934221506222,91.18997297062234,92.43299485363393,92.48722344440024,89.23304771371212,79.61680029574946,76.3707107961165,78.36149729789832,75.55145424230719,78.57357949906401,78.59721728616316,84.46149307860871,83.14508295284583,83.0957768567459,71.6284681145002
Simulation,258,70.51611078189315,62.729871847064665,68.38719524404387,77.68077941408237,87.02270025369602,86.76115405411588,86.74255556345355,89.26610641151848,88.21823663382003,88.64484706451202,86.50717443299797,87.89532185033939,78.48597607671185,75.93632332017843,75.75866311873362,68.38472924239001,61.50948033667069,63.62003636763425,63.322872911647885,69.58373496172433,71.14567482304528,68.00597266258013,75.46324597627546,67.04046519917243
Simulation,259,77.49459367225988,68.49339461334615,73.6439622943527,80.20513729501644,83.9854281145085,74.9581898258218,74.3457434583251,87.98392081016297,88.39297066673505,87.51937375199735,83.26844729293506,85.83017811868257,80.00980616511359,76.83838551594076,85.37153501632245,82.70998682746992,69.74782559957208,75.9079476487191,72.46943859136883,86.06505137823729,86.42111411023451,80.18807861870877,77.58598551916852,73.1348840288726
Simulation,260,78.83135194679039,80.5322092420871,76.63066811028219,81.3734966242682,83.73392816004521,87.68646163808968,85.1418828031837,87.36721202381854,88.6350583404985,88.64662408400424,86.85244492476656,86.80252364156173,88.5831534921535,89.13063288954233,87.88536432457516,86.06553203581566,79.23511858276078,78.74381120741819,84.39017916998085,83.19347156597786,85.24485725062326,72.5620875623253,71.58052004363498,46.8983160554815
Simulation,261,79.8830067193097,80.24830068672159,77.78363056902805,80.64581929895473,84.93012775512368,78.4450690193903,83.46790425709763,89.40714332819459,90.4104299617,88.83387374469281,86.72829281676134,88.23037795859007,86.30830138790165,81.26985561369828,83.23681934163118,75.46706721926519,78.9740632195798,82.17470258858016,81.54916695801987,85.24109269331882,87.5284552413767,84.65578032486837,83.93479706602355,73.90091644353797
Simulation,262,72.6739215284733,79.18909930229968,75.90959464665539,77.62780156026037,72.33034748070429,82.62177951212188,85.15653908810495,85.50764416140561,88.93023789377617,92.23626500945423,92.5647195872144,92.52667572668454,92.56666250340629,91.27941402413082,89.01095244219186,78.93399841166276,81.23977520415042,81.84405460070208,78.6051267888895,85.66815188562705,86.26944684631832,74.2640905023208,82.41640290723544,73.91132466579676
Simulation,263,79.26400670945006,75.34167759031766,74.158660226063,81.3902438177621,82.67399894398267,74.88703259182873,84.01845971299797,79.78321252920725,89.61906574758534,92.96461400784736,87.97018388547292,87.03545755740447,93.43966019403132,92.11429122382381,87.9045456805401,72.31580137675624,79.20816619300668,75.64477936893782,76.0318748137654,84.329612673054,82.96449252631696,74.13992302438743,70.97788720955788,64.33383244499211
Simulation,264,80.81622153615145,78.67717140509296,77.28769258197332,81.12777853145276,86.00313536797918,87.08119213874903,88.58262286145676,89.7362225362655,94.11741553602597,88.34147140296263,87.65364364752097,86.08391400688527,87.14462061404143,80.14267161579768,85.55873659786783,79.41108320835812,79.54758113072157,79.2881760705627,80.54482964860411,84.28733892149125,86.0494562520308,84.10202555621376,75.56971847205286,63.19200981935449
Simulation,265,68.70728786499862,72.8710881933813,72.62983003197117,79.67199564381708,80.84443624900996,78.05994870175945,81.90573008906969,87.750666105491,89.27144866140186,91.79238351824307,90.74788136363945,89.67638588106063,90.02256716627997,89.89206521944651,90.39499107952585,86.90868748099831,82.66435182616662,79.05729291673538,83.0392157881582,85.4581553543787,84.23127671910635,76.14348754755514,80.37870446844613,73.67197020499151
Simulation,266,76.99502499872598,81.45542423187499,81.08806526064322,85.26349802014508,86.96506255780024,90.46857171893629,89.68711440096332,87.88648219072576,90.63990643375989,89.52444196626121,89.52865600072745,90.34212283459239,90.17602900572861,86.46007729027892,79.7686811896462,75.49557350107105,81.82989121029566,84.66259708648388,85.9567286114741,76.07966063741111,86.09439122268168,82.53204575240711,80.97661405700126,66.50819773950127
Simulation,267,78.80927251088164,75.59221935684238,79.77718846995882,84.38451452019896,87.1931622295166,90.39363351148118,85.92021581801478,86.6569873235149,87.94701974907052,87.66688122326411,87.88499818786828,91.51560184990731,88.98417716354744,87.74396376938684,89.52329607698684,83.82948942027481,74.28730668322909,80.35932295607739,87.43072163022632,78.65106812568497,72.94123470192142,76.29050979146729,84.2276378466011,70.79917635294854
Simulation,268,81.93797140107415,79.27636558926653,74.41891835263597,82.83864660290173,79.1355411719283,85.27543076807515,78.45540969546892,86.2544365680533,89.39591313518808,92.14251462740388,88.59190161123203,89.2843719119706,88.47929333919319,89.72484778604188,90.43073484518877,85.81062479191121,75.75258340895277,83.60333526259407,86.38247028148861,91.6834214055384,92.46762925341962,83.41593088176998,78.409091148698,70.09162700959426
Simulation,269,81.31937459204197,80.40211233588515,76.63172511333575,84.38589074423527,88.89523338724428,88.70570485792241,88.86067566794091,88.04882875393339,87.93579897157194,91.87032579879295,89.42382889774308,89.40670165975969,88.70336799539413,86.64658121865303,86.58684214758712,85.79168092652681,84.08249762622007,81.03744547297912,83.82914414972277,86.63587759881494,86.1030718065368,79.79439762634972,76.78446245686347,68.83385530665583
Simulation,270,77.21661011870593,75.26839910833769,56.138097169330806,70.36950968863276,81.09596050903201,75.81518276933335,75.15214401063997,83.00457320411142,87.3390522528799,86.82792463125034,87.78386220119923,84.82521490336629,83.05462384792725,80.1405549118485,79.81237262341955,83.53932941188054,66.43215148190406,76.33780773833787,84.0544821678615,87.86397019896503,88.5012360453811,84.79285259216853,87.6507144543623,77.48417369547442
Simulation,271,83.16167176820433,82.75298734440972,80.14189702194538,83.61430953202378,86.80693434211099,85.17638770034053,82.77477366966676,87.5879111645417,88.99186675065475,92.67573249857611,90.87885603112781,88.12861256415441,90.49293911630888,86.88427310163857,87.08959339908003,84.75090378606761,79.67738063843349,83.2949961906958,84.90401449755335,85.35027980129027,86.67075411765921,83.31253850637678,83.35530104638924,75.63879249050694
Simulation,272,82.31424426953686,80.97111428903881,78.83154931770477,84.3871574875896,84.88330988970186,86.01909369504088,75.52316714376414,76.89542483513965,88.20882247007334,91.26421844692264,87.08927940508889,88.10141081329772,83.33587586404015,82.17041357316636,87.15836181155554,80.92573521109611,82.66602002800606,85.19119962349886,85.37246550306875,91.16363075678305,92.92778664544234,85.0470116695122,86.20324237204649,68.7543656823753
Simulation,273,75.40944398228169,73.87530698486634,76.2417657297762,83.91836210630915,90.42206185373658,94.84289797321158,94.11076420698888,94.46030986460303,95.30143371720548,93.91980350944033,95.37254758533999,95.13145993560923,95.10268253739373,93.01398621512267,92.89272143031098,90.8135344054133,83.01211783531105,78.5124704408903,80.50502711542717,86.58323130462624,77.5636882276721,69.43835143652119,70.03134027559912,57.74316799918063
Simulation,274,76.58252161502615,72.78758794237415,71.01763310273556,80.72839359413076,76.16929192771336,85.77970875168239,82.75125434893512,78.55739138917026,87.14821382154868,87.4114608131462,87.37541398026693,86.2384149193536,87.11000117484939,85.73968371762989,80.68779607433936,81.38555028788134,79.92548019710138,77.00041944267596,81.99478463324985,81.01775523351901,86.58711032482479,83.96092435597842,77.2709638532731,71.83975123358105
Simulation,275,78.70927181396549,76.122126343361,71.71551245455429,82.79897778833961,84.61044670431447,88.8253943370707,89.8698264646085,88.34713813867103,93.65683205347926,94.86032181125091,92.90131458918711,89.42471317650939,89.28862325135586,86.38933101334815,92.00497491306194,93.41262034925637,91.2276102537349,90.1673836670536,90.71712570220272,94.54360065324101,90.39188453764586,85.68533055137742,84.34396776308935,71.24443298453792
Simulation,276,77.67868262747446,80.03648329340268,76.80115254932994,80.31513685168716,86.24028654484924,90.88251291396091,87.95484767691329,88.56633344407194,90.91186902868834,94.57567243979915,91.5076803944733,91.83219688504256,91.37102032737103,90.80030412937887,92.1283984027391,86.53773110953901,70.1707231957771,77.17454453716012,82.22575898289712,77.54908082823164,88.37788225913006,81.8559925976259,80.62973019815205,72.97677294044256
Simulation,277,78.57350545343225,78.76100729943863,73.18516307105085,84.02288114396754,87.2142461671737,87.18826268079037,89.10593298519547,89.88955497752431,90.5841885598119,92.08314764367599,89.30484363855948,89.28575602818981,87.00776404570486,88.87891587449106,78.3338754564356,74.47242446400902,80.1690270894255,70.3768157434588,60.10468940717252,68.04495193481925,67.48725058598247,60.997647841548,70.38897198392881,68.60202621488233
Simulation,278,78.07807873103593,78.75535314455163,73.67158908055697,79.518844184428,82.6055724101446,85.3835743933829,86.58470025889984,90.32762158514481,92.59112947920163,93.82835354961894,93.33021454762168,90.34444656096721,92.3905698831019,88.94526667963979,86.92398129978284,86.54429370547365,83.71480173836551,87.27837384233992,89.8229263474158,91.14027937939326,89.06065424907152,84.19030744922841,84.58734052091341,75.99429978428884
Simulation,279,81.51027563248792,79.07399008430107,68.00170275472473,73.28994393680189,73.10712564024541,76.56258544803296,77.00037438991237,85.89315722297845,87.60223379732847,87.9932187889444,88.12526727640002,88.96451010442536,88.94726671031705,88.87304562815106,92.31385799087299,87.55594835078388,78.80387666200744,81.46535609329469,85.23271007655198,91.02678761050892,89.93795982822387,81.29749786780683,81.0010891658072,77.74259879729394
Simulation,280,71.41010488123385,78.54994061265441,68.6186514429013,70.15207127863155,75.97862082997385,75.60349574796652,86.64525334148422,91.86461653737919,92.52710202147227,90.7779090350121,90.73405160461974,88.48767059245556,90.18401460374962,86.17881274226013,84.05494190502318,70.7051459583015,63.48605408683488,70.38819162945887,72.91241951832738,82.14707365394547,86.19803416863735,74.27791145053324,75.6456318090795,66.17578500570487
Simulation,281,79.70659141507709,77.1566996556672,77.27601709404048,76.24425941215037,73.86844133319435,74.21207672352399,74.77233290869086,86.87332728895048,91.64898495200573,90.78706257019202,88.14248267867735,92.78310911698306,92.0489286824196,89.05374653508309,91.82309692699482,88.89231162456743,77.83158896365404,82.45390941110847,84.37400263602235,82.8444913710829,75.66652252790779,79.81981701605925,77.25055476004425,68.48166774800325
Simulation,282,81.5023415488019,82.5238597196992,80.27863650670716,84.93699965242439,84.99627613360455,87.74652869877752,86.68831445688934,88.22202565757962,89.81950576095363,89.6056666554282,88.83963379013484,90.60160259277376,90.39647941739372,89.48775701428781,90.5835364086799,87.14352510420252,77.62294802738941,84.49213436348238,82.30640326757323,85.12796738336975,84.23607186823726,71.04218616779266,77.10300412330291,67.94475825449827
Simulation,283,80.71930310655557,81.62763008980716,73.3936639887854,74.35256735209674,83.88593936781044,86.56569521725682,84.14945612490826,87.88579398147667,92.63208807833921,89.76601323751275,90.4837514832895,90.54712531462863,89.89711980927508,86.96399653919741,86.64217310335066,86.09695176009188,76.14307654404577,80.8340491438777,76.72311833856988,82.6972718006823,84.09979482901352,77.95100941019419,80.66325719573881,72.29364126393267
Simulation,284,77.25967436676349,73.7293838294194,70.69529483468018,68.99805682663794,72.30346872706663,74.87694418539243,75.28319219021223,81.61996267601415,88.47838152663243,90.3585440480592,88.69324234923025,91.34490329857259,91.05385958010456,90.261280458789,92.30111241360336,91.14772093236324,85.29894222256871,90.15254233726145,87.16249240750193,89.69133340086822,90.76360068252575,85.40137714052942,84.29259913259243,71.37727692659399
Simulation,285,74.51177240922499,79.37591990282671,78.6417903861651,84.3891795277337,85.48360088302731,86.78810308433695,86.85964270462921,89.90874578135322,92.23410550437247,90.6669823580565,88.7359315299248,89.99687741232253,90.61213926082823,86.05529031096009,88.4307924455429,84.82054257610217,87.16958628574277,87.96337407883823,87.14171315061762,90.31668558836697,89.23779990818117,84.16753331672268,85.23541446483068,75.91347639130342
Simulation,286,70.59402189779149,72.91436856371452,60.47136817058929,71.19173045476398,80.85046454806245,86.48682780250488,85.74011279163578,89.40530941173677,90.78292925542256,87.8221759400546,90.97912350771864,89.74585191585855,89.89007017014283,90.88947424293366,91.59321289834855,85.81629717240867,80.0867014735352,78.51664787668184,74.50721003502558,80.76011382472063,83.86842068901674,78.4339772107616,85.8946499968257,72.29138909918788
Simulation,287,63.22566604345108,67.19816926823665,71.28905723541796,80.53477866758185,85.66488550908502,88.09140714243605,87.44659229282654,86.59847299771943,91.42833446956165,92.55460837297268,90.10389395234894,88.45412058190459,91.6999456227422,88.13906029524072,86.1252239622262,83.5950153358526,77.05783576187942,71.14348455945395,77.16847869012413,78.714920817424,71.35894020687391,75.31842436365733,85.89693799893581,77.40151065774255
Simulation,288,57.965722011682004,72.85884016408981,75.91399357088298,79.38779249728522,81.50588283007671,84.3775119514298,88.78395036144798,92.57130762197599,92.24706984559397,95.01899138978693,95.16045819726676,94.57348303770004,93.82793885971785,90.60897120291672,89.10404513801394,87.81909885579924,79.63057599379056,83.22533056362177,83.87598757751331,84.3954165040976,86.27315554135178,83.78882106282589,82.07486696213135,68.69237906125743
Simulation,289,62.121216186186885,68.63628045906225,75.17066069188719,78.31935826792736,75.96957899872471,80.43620999210636,84.87889019859973,87.9857795399031,89.61441085187597,90.31124312185021,91.50293131187038,92.64151347179615,90.17584821085904,89.77096700532486,88.43802568952266,87.01817265890978,81.35059387017205,78.74118917479619,85.02993378292862,86.36046731236202,84.67297068855757,75.5401552155461,71.0851163477456,68.58902826515892
Simulation,290,78.92593588171306,77.66602504029274,71.51741842685182,76.37335804996401,85.15698625537335,87.9217383594474,88.00057649303346,86.73528690009879,86.23327156912205,88.44620742229618,87.8563011964522,87.87280262876149,87.14709198523379,85.97310114281375,86.38833274335623,82.89857590009527,70.23905954946366,72.97920131146817,72.96215247961145,77.04493098881801,75.51739887500419,73.07575439210034,78.28579366335137,68.78931723521026
Simulation,291,80.68107775779845,80.83362961567855,77.88190109614894,85.4476741594814,85.16174687495666,86.57324829015967,84.42552565487797,87.75761361020686,86.22314210653039,89.43114284834405,87.5980826361228,87.96977496847848,89.64409371815438,84.32762322638347,75.7579520099006,69.97005264229098,67.8465202549038,71.09537120150723,81.98431587154202,85.35016358272347,76.36563423944779,78.7176167813582,82.86203047255944,73.15349699659741
Simulation,292,81.9241313757559,78.97831560962886,78.17033278189888,83.30587207474704,87.98421983800392,91.94202874073504,89.98662770865288,93.2421941028369,95.2945063611323,94.03893911477923,92.49988680063902,91.78789444929464,92.16437065523172,89.99584876465156,92.07235132356399,88.96978961975272,80.82850590742837,85.07044716040846,82.97214770957017,82.26752138992863,83.38976560400347,76.49882676426516,77.94432331213093,64.8525043183628
Simulation,293,82.76575365347773,79.85146586179437,77.98764850257386,84.42206050177023,88.95078308851019,87.93072900452356,86.18320822244996,86.24567202188801,88.77438659982391,88.44670781300017,89.08494830789338,87.10399737927897,87.30055534834536,79.69034577971813,85.47671597387534,75.9450864016532,71.14654856462909,80.0536051188323,78.42061285061352,75.83745826866553,82.24691997311095,79.19713329620164,81.55643813667794,67.9648180329727
Simulation,294,77.47987579313825,68.68555242179573,76.63024821080731,83.30452041006403,84.04179244690671,87.20004449234229,77.7281836580406,85.02790643506029,87.27700167031838,88.13539588578898,90.02044451250646,87.42165848534192,86.29147641086871,79.80177860446946,78.48760191252022,75.3690396782211,79.49582025075175,79.31443951095768,82.64868463289099,85.87775352546646,86.20173047845253,83.00621138024816,70.9417949527197,63.639298406580075
Simulation,295,80.81720302437466,80.09936487293757,78.17215242147347,86.2633601168441,89.51370003583116,86.92414708943305,83.60944728295718,91.17707916913933,91.27695766480934,89.03704326616935,87.85032215170632,90.824183975236,90.02289484219317,89.44027467792186,86.80559250221496,84.83856657581522,80.19590595860736,83.83880145128545,82.73596240255591,88.02067542162183,87.43970103957254,85.38989652716246,88.11672000959685,74.18714471519625
Simulation,296,79.61146505623384,74.69797727591805,71.96790067659308,81.76738455154671,86.38231630172768,85.37923913713519,87.73548399614083,88.10755993603128,91.66204535446985,87.58700818563499,83.16031379081853,86.24129351577396,85.70280132619229,85.74923883062579,89.12677494890941,86.80105175753992,87.12177398348048,87.27490961125966,87.61489632883831,91.25283976466326,90.21288418593036,86.52873943559871,87.22118635239305,76.11655031929097
Simulation,297,68.05801647821121,75.93522973565157,73.4984720412468,75.01712456596442,74.53961147863387,78.62259936660817,76.44501772824094,85.72582047931496,89.32280833931435,87.58014417301726,86.71148314029998,84.41167561336563,88.35876529681182,89.84116929858769,89.86591749556732,87.07937343779506,83.42720532988245,84.92194284754302,83.62788059022785,82.51484391942462,84.14869602317472,79.65957592309178,83.85669633744521,73.02859081669965
Simulation,298,77.20624655971265,75.58651300273146,76.54488216839741,84.82696059250296,84.66397620129241,79.62893225633073,82.99436812752504,86.50916507632786,92.96849616590468,92.82324946299619,90.33119795384039,88.1512884615831,90.18080795479172,88.11489526135112,90.86780083842505,88.15169114416926,78.15689794640133,78.51573465812972,72.29049079880102,74.57384608955313,76.33695697066385,70.92547806326377,77.98435529519904,75.18571897191755
Simulation,299,70.32766363359607,75.9294517107688,74.31382068185691,84.38981854946402,85.23328501166327,88.94367266089688,86.57127479991144,88.40001703761928,91.79988124511564,93.07815592654187,89.75600113974535,89.85728679538965,91.42459598470697,93.2744996972852,90.45593628090826,86.6323496857871,82.91457448191144,83.17646489211316,84.04376837482152,84.30508882096773,85.93568769201433,82.3709809187323,83.61625727879105,72.38262191947535
Simulation,300,77.26035212126953,81.03630756086393,77.92103393653139,86.22209403725525,89.16826451838436,89.62485797536397,89.13537560709914,91.04818258188944,93.35437002756986,93.93760184765038,93.80250895135744,92.53596528679529,93.79390655320131,93.39041575278395,92.29518385986911,90.19016983732082,89.39110454913711,87.13905571934559,82.28331822503797,85.44112724134543,81.85288373665844,82.41371086216799,84.33722133318534,73.7849144377839
Simulation,301,78.80679144978848,79.97567445132864,80.22850292382756,84.63137542407854,87.63369943740045,86.85185614505521,87.08724958100782,90.39962019535346,89.7668623809376,88.21894792436433,87.39688860909978,87.41775463012799,90.82633585515218,89.20676601540846,88.21670504039875,83.46303001321962,81.73928132685138,83.78874805290003,81.69171412591618,82.64655351071566,85.14626922432501,82.12937376050793,81.74820850694317,73.18838056695391
Simulation,302,75.78699187948041,81.02445429762088,80.64249475652719,87.31321015659053,86.52607525809496,88.23028490421497,88.20876940206855,88.85463739781146,90.05867347912613,87.67073838871488,87.98849637452804,86.22195381012386,88.53891959852956,87.87773479445852,86.03926462931179,76.79642205271364,68.89491713442267,72.07802455334004,73.51179018931728,80.49431641041545,84.70269095281358,75.47203938382361,77.64972888475545,67.8630298923809
Simulation,303,76.8728266168511,78.05705202008576,78.80745047586984,84.57354067752917,82.88424289442398,80.69764726046569,76.31521766989255,86.80779318813636,90.04635380777331,92.21980890893468,94.1641688481672,92.76859769625352,90.96393398798585,91.69546486215863,92.14404239852709,85.90808978094671,83.0728215983705,84.75139970660398,85.06115423700591,84.36804322426507,86.66869974548482,84.20628302343778,82.14361696501423,65.77482220550422
Simulation,304,83.61322093322681,79.30906390581772,73.96728302006375,83.13131074093404,85.53282879466866,88.84392933729706,91.35662623130155,91.82692459852237,94.07991236428792,92.4508533515804,90.80527390275374,88.08016991197015,90.0207231511652,90.43926606153944,90.83694736529625,88.18275653437937,72.57823389070839,70.37862617999453,77.30618690810783,77.78431006875762,74.43252780359235,66.6261277400082,79.64569556197029,72.64861874200201
Simulation,305,77.7098027875422,78.36957293392827,74.48124957555248,81.8637631032668,86.31195594215598,86.18949556478019,86.38755111941026,91.14195330789718,92.4116712794522,92.9025714901432,88.91225655385135,87.91943165220265,91.02300637070053,91.28315071545424,90.58677295569734,85.82252565530122,80.57323866582698,79.30413096210195,82.28459213284043,85.44522887429363,86.90578153049017,81.65255788467057,81.74205987802429,68.43033512715738
Simulation,306,78.25345667162811,74.57081424311912,51.60341371092452,70.59413567188545,73.58708449130943,74.23902370150428,72.49731822388068,77.75398102499189,88.32273801988417,90.7749004352902,89.30568655604716,87.69120821428737,86.3940175661767,84.90229900064892,85.27823578216642,79.44582181496568,61.556591221391976,73.37640352678763,78.25634955714077,88.17652778187586,88.87673054594694,81.297543378829,79.5246051902745,68.79824039164045
Simulation,307,80.3962843932031,80.86552691590802,77.91402187362164,81.60095238316444,82.87867880821781,86.52051225093754,89.38308830077071,88.027222788578,91.42230410625484,86.66740804855952,83.28708380968473,78.66752684275696,89.28892904255513,85.44147102928673,83.67807525968189,75.93187723970557,68.5405923255556,81.44579724095496,72.33799954391912,85.12158752387626,84.18141593452835,80.18442646633686,80.14868696166904,72.02543861893483
Simulation,308,69.95264935594936,76.30691364334865,66.66556896322807,82.74777919636465,85.98116486240956,84.98338580615075,85.3340669264276,84.3100970347498,89.14244368407891,91.38113139921163,89.73312914585014,92.74467791329238,90.6072810737127,86.98896524057345,89.11825671186477,86.04032868415193,71.77714636214901,78.52029807361964,82.28711848374836,85.6941468960414,80.27082977581966,78.92398024386878,81.81121853064357,65.91609783030681
Simulation,309,84.12796422450309,89.34253778617526,89.29025051489486,89.74666946039123,92.00129238057258,88.6796672463351,84.3985197058642,87.89224452085158,91.46942862911965,93.13201747126823,92.83124145774353,94.22196080508616,93.39181861700219,92.40272118743833,88.97526674804685,82.71779874209575,78.05017046547222,80.72636433032206,84.76653154136969,87.3418249643724,86.38508929078719,83.28311307566635,82.6542476378183,72.0167672395764
Simulation,310,82.16774920154847,82.27419265136808,80.20326489815031,87.50964524261857,90.62894490514529,91.5307870788846,90.43191522261796,91.49338425123995,94.1821159778909,92.09914086919642,89.16298302212356,89.11351298664233,90.83568041885421,86.84125554515752,87.90547942464228,87.6431434563792,86.04883302791964,85.70924405313443,87.4694723205794,86.78585821697877,86.67148883648039,83.41180114838691,85.23269694850246,74.59242923452274
Simulation,311,73.04413891862163,70.57585239629573,70.13719368972502,71.86300893974322,73.51204390423693,82.50118623884991,84.22056356441581,85.74234671013939,90.61701278638743,89.838675140225,87.07305729980796,87.85705375357855,86.58170665094381,86.60520868610087,89.76355122022488,83.15608684885443,79.47684671464594,85.44147748095308,82.34675520783497,87.96571900465031,89.63126532106382,82.57222556545553,84.92746653022266,73.4935369565669
Simulation,312,84.46541203662733,82.47042742417345,84.20853534981852,85.75325730322555,87.24317840002506,85.81442620872922,86.75370344556589,89.2834897354721,93.08661233329475,93.50865067021186,90.03787822646265,89.63166249100618,92.5850018296711,93.39445170742316,93.4657835581402,90.95314972851868,86.47051692247915,85.229268936253,82.33329216511981,77.31070480696798,75.67956271463979,67.83045324642762,82.22754303584391,73.62352886752416
Simulation,313,65.39160239275874,78.36645246350872,71.90857099244145,73.5336343013947,81.06301460314778,84.39807750659027,75.048472680883,86.24690571520715,87.40368009815869,87.4486364510889,86.69288961710234,86.6321938265937,89.41369101313045,88.77741227185375,90.5737652325142,86.63038969941948,82.29285688528589,81.8055809695233,79.57792664156868,86.64903690574782,89.67018777270151,82.22436084133925,86.37619927313705,76.65252507414243
Simulation,314,69.70073392988547,76.30375043293614,77.6709366143153,84.89522530663953,89.24502962385866,90.87057671078506,89.59508445918993,92.83992104899573,94.21869211345398,93.66618510395858,92.84004916682143,91.72805010409057,92.57080643524456,87.87924849621886,91.18124668984214,91.27246326665053,83.12705725145155,84.66508529088355,83.57782175546134,75.0158487218547,77.64436982083102,79.15006258393485,83.84886468893103,73.90339971250715
Simulation,315,72.33709130788736,74.92524518911182,72.68253495939089,82.13261362538967,87.14171081617278,88.09158217007898,81.41643322993944,86.59392568498976,89.34493657671466,88.13887542291012,88.47591289876138,90.81846706649374,87.7570971925947,89.30258518708617,91.29660771101432,87.48928373689687,80.4165555702201,74.0425743802517,80.3640630992258,77.78449563277024,83.8797802618399,82.55480434582296,85.89758172775936,71.83406931124723
Simulation,316,76.39436968665626,73.19209894736488,75.45976001110563,82.13689587649569,85.57725751126516,85.14486451489881,82.77871737100085,86.09044281343284,88.16993489101793,89.29327250910166,85.16902624837748,87.04001108065766,88.77764857022167,89.05917848527741,88.111648915541,87.52297026441092,82.5943946808531,86.75376998067173,87.1299825533435,88.53598498157186,88.17212155456403,84.40710215931969,82.8383533906193,69.93669809668788
Simulation,317,74.30478804967102,77.32283636300033,77.74791058844723,83.40431373583313,86.3793134180303,88.81104716636086,89.85983081115458,90.16962219749513,93.24850277623226,92.30540568019526,90.73120397497321,89.06042367480345,90.82913743028675,89.14282488715808,87.5685424048621,85.85504173170119,74.8147486962092,80.40062654439751,84.61770376860414,86.12231606275505,85.16040164458562,79.85057037223669,81.3775829673346,71.68350601813293
Simulation,318,75.76869370362189,78.92614299777487,74.3977957790291,79.35441848164888,80.17648833678452,85.86320000657001,86.39356404728663,85.34442576251139,87.87594537602172,88.65343303452481,92.49201175043021,91.2551040583907,91.04238771135395,89.73718040627004,91.00381263191636,89.48507199091378,84.49871752533228,86.88133657596704,86.49196381059357,90.10007766615388,88.50471925802907,85.56877698498243,85.9594957933234,74.66326358727599
Simulation,319,77.01893582621746,74.46081525724207,71.94791030232506,84.56577559160804,86.01524349813111,89.6676066558274,86.41642033517103,90.54669654562512,93.6118229378514,92.59345403504142,92.3734271870255,89.69216123548354,91.96986073832271,87.33875289142631,84.72884398177456,81.4316640750325,77.72819118554109,84.66940814255386,84.4157776052236,87.34486782525873,90.07960802738182,86.32738521410778,86.8686676237905,73.79414282295274
Simulation,320,73.61940338630791,69.49239901047186,77.25060685896361,77.70969426788179,86.26282073724684,91.77044965470692,91.08534727334936,92.5769300623025,95.30307827586368,93.34637124553957,88.59318090196355,91.03459495406044,89.98339166682803,89.30767219835153,86.80305918548724,87.57039228202235,83.8322848139714,86.50022815094738,87.2613800369749,87.98765412517966,80.86024695107602,76.13698476554329,78.88186997476372,64.35653287152932
Simulation,321,81.4806156791377,83.35646569324419,79.38245712196333,87.14205679273748,88.04115445772669,88.93770702577153,88.78390089564199,88.09308473120873,86.95785347379844,89.82876930938296,92.18723579575601,92.8009690311157,93.73669523333406,88.38108685598952,91.1352211181748,92.0676505988487,88.74122548039476,90.16526353165267,88.12073988162467,88.90552296505268,86.20802625689417,83.20787021168306,86.69168984098185,74.11058904105832
Simulation,322,78.69114777360855,78.64333873375546,77.62016390094257,79.79236086098865,81.00785123012624,88.96621435247077,86.73952894329844,90.29434958483111,91.84318686835489,89.21589004840085,86.08566990634957,87.34695895290204,88.37978945203318,86.97019965436736,86.07836642812322,78.29967949335808,80.03851417461728,76.54926523321755,78.95008153643369,84.86006003122229,83.75430227319073,82.57928610232753,86.0535315267916,75.79232648560465
Simulation,323,80.81692343253677,77.68044948266025,75.73826792857112,80.2371486105476,84.17285862606207,87.65566551935376,88.20632025515499,89.18116813172325,91.80152075879427,94.20647877137431,94.45177663745848,95.05297332644933,95.15977221363937,93.65792161464906,92.87595805614775,90.76482676571327,87.88657743306725,89.32379159033735,90.82669804194882,90.36928747791671,87.66580372566955,81.27756538780427,81.3955298001654,64.12588287107094
Simulation,324,78.60115144856076,67.90316368717404,65.78845889356492,79.0619606383345,76.42370704856845,84.092736887391,87.81174246028348,90.72025915896539,93.26050415862045,93.48643182590776,89.0581790327492,90.2341920368877,90.83384290508859,92.08460325757406,90.88805517039829,86.80006881625752,83.4201093705522,87.64571181618211,85.14992282410068,86.24165240652485,84.96933290929624,78.73414743239559,83.55074667337435,75.38466325583757
Simulation,325,79.70461814395162,82.33103500726095,75.42942978009303,83.5102012130918,88.90696965242834,88.6866102172639,90.91932340919138,89.7268636265989,88.46385116636199,88.82553581710698,89.30484084679921,92.74380890572576,93.79428850616762,93.63110473769288,93.44067631351784,91.5158223005842,85.01459645890493,88.81771360029468,87.30232945306581,87.5711149771756,83.52921295802321,76.29875845243734,73.1360271958951,68.92324535735244
Simulation,326,81.74047758065979,77.70503568376418,77.12447260377232,84.57042867473442,87.79477660316348,88.02257524670864,89.58417677717996,92.26542388672429,94.51910005752968,94.01995067710429,93.65533482515872,92.09178425632332,94.14941436581272,90.91055804716157,91.33210265786951,85.23279138204033,79.18683351102025,74.93996749885817,85.00426604956908,86.4367998702516,87.16789493649475,81.62397095212745,81.60469458990399,73.7752985632498
Simulation,327,82.68270814760069,81.93781992921171,81.09795134807516,83.54775960690355,80.94842574487107,88.93521831241912,90.55329031721624,92.2658304095135,94.18191350690243,93.50654694431758,91.92298227588864,91.79558839179006,91.28667213978449,94.07124167655859,92.14447762503924,90.20391440455676,81.03041941944942,78.52422467777616,79.68431766539881,87.79405222804283,87.27267593675911,81.23652961493832,83.41891230203836,68.79652908916343
Simulation,328,84.19672139726532,81.92307565221412,82.70149490646327,87.34331728239005,88.85821583707475,88.9040221158254,86.86184505257386,89.31294955026453,87.79770729843523,88.70032687809481,85.4273160036274,81.20263036426869,81.63298409250687,87.15039109007023,85.20354624607371,86.10822543407164,81.0804753149871,83.08552339084218,81.2486277771245,83.47263604304777,86.52518310548693,74.17350058640372,77.61538489726965,63.237114814307276
Simulation,329,80.52793464637045,82.84990214728221,77.6215016822274,85.78165829010464,87.72148798157721,86.34553159185857,87.93022997812108,90.46219780621661,89.62162131450488,89.42192629708585,92.18446437788931,91.54924494239458,92.40675471650792,91.94858024439651,91.03572790824599,87.02087051490915,70.87713076011458,68.55250404062048,66.199645738384,74.29528207353854,77.25396158299297,73.89597570656926,71.02768736215096,66.76514575418753
Simulation,330,67.59630969869337,76.30130578175526,63.21690609358699,68.7204179047543,73.47752085040968,77.31635207785939,72.31413730907867,74.40146841283504,86.81268459555795,88.57561720518765,82.73694088198224,83.8503387155654,87.28072305645155,87.20104051605541,86.6613607598874,83.65774885658834,81.83246430834514,86.37596392189818,86.01404177160566,88.33207737110024,90.31123350108723,84.61995109215914,88.63775108813195,80.53280161658208
Simulation,331,83.65033972925572,82.07853446429458,82.9481563463176,87.53387342725705,87.14616644167862,85.70181688475049,87.19173668703974,91.1635892446463,92.95922813011778,90.47289274732923,90.42303613863743,89.7000312876475,87.5363708068488,78.37469720537113,86.5559514347316,84.09643956889451,80.08200497940737,80.01430558195132,77.06508288991614,75.10850417003743,82.35223840603066,74.90102256114045,80.50662978105053,68.32096317158351
Simulation,332,77.71922652966866,79.95133732232254,75.0074311799183,84.36697518169107,87.52160276052959,89.87016953702589,89.14253625782527,91.29600687984195,93.16682349999837,93.92364662181994,89.70300826403587,89.89050217636664,91.05928268855804,90.91018160483206,92.00729157214282,89.40262333066443,81.6282985542467,85.00187664918425,83.08493329321065,87.34390712784526,82.12366063769153,79.51438551328548,79.95602277561449,69.72235398269515
Simulation,333,78.0679803435001,78.84817331367185,75.85847568247539,79.69196493706185,83.15353349584615,76.80648836087802,73.00836784297432,82.39907779882637,86.43181031815469,85.19440334956877,83.34432090502573,81.22600044888274,90.40193171382622,89.25520627455055,88.12286895250548,84.13264697396781,81.29003718959288,83.92013309155215,79.78832713467276,85.77127011452362,87.9950186295127,84.5280323692786,82.0076055357918,68.6200133268365
Simulation,334,73.08679891308921,73.88988521845573,70.20504713605084,76.66461645004568,82.72668621880482,84.61278742009068,77.86420583371049,86.3020818082543,91.48601538955201,92.43467080867299,91.49651909074043,91.76593849287897,91.8220002986858,89.99916195915229,91.7676545470973,83.32694770330089,84.62319317388224,87.26160369835641,84.05253316958154,81.21821867934196,82.63441364900152,76.13105165319453,80.6676360210937,72.8285259326919
Simulation,335,66.9962259119335,73.43091186435493,66.72931098618825,75.52498038133767,85.33400884609189,87.21209204004202,85.59557298221418,77.30211993790259,84.67943272472074,86.41570240956615,87.34765738982304,86.98175137917345,88.92886683667534,87.70101651346477,86.23047300325288,85.70736719584113,83.49600449123534,82.1800882775849,82.33919971689926,83.72433781147008,84.96453705364526,82.42956147346582,84.962461299952,77.8868019393556
Simulation,336,81.75525299758442,80.87233250738763,77.44208320833418,83.28959997173534,86.09787781078091,84.37897076789835,85.91975537754433,86.69225442783772,89.76182415719377,89.582313303383,87.0560201910426,86.02934052789938,86.50169428315819,86.65062544298118,86.32271475028347,75.91787989724448,79.20324260569774,74.42904832954493,79.22228865506521,83.95199236815594,85.90605860121136,85.82469278336622,88.48403490730202,76.11317604582102
Simulation,337,62.76503164083841,61.671851758611,65.64359040571762,70.40639527925698,71.76751064379731,75.05147683394773,81.88321831377661,82.40654390639988,88.64796081712036,87.68476196288916,91.27127121818629,87.03037920271015,87.53045570289183,86.055220534719,86.06247872044896,78.02244417011087,81.34983572113774,82.06547844334763,78.21891182158524,84.38733009560738,77.24207988560006,77.0500485987933,86.70148762608176,72.64216336029547
Simulation,338,81.54562562354015,81.53685123054035,76.89165452956796,81.05307746972466,85.16609465840278,90.39374844075304,85.56869252338507,88.62595721326517,91.84026792225202,91.71098481302323,86.99558605892976,86.83662347420386,87.23672137487368,89.64387474370591,92.20279345879828,88.74830613201868,82.7712074514836,84.75658894356532,85.00716322012718,86.38729742584718,88.86735680261671,86.85218894380279,82.16938458333915,68.59218568272745
Simulation,339,81.11231024455668,80.97034034971881,77.93295531105217,84.27163180049494,86.38750560917318,88.95499291281236,89.50452894996191,89.18021053672997,90.37455560565525,86.92374766001154,86.68332082079547,88.59212569743362,86.53690968906162,80.084797765259,86.35693787750101,82.6685659016373,71.2542777272768,70.48873447802644,69.2863532788247,74.62468075348413,82.61882950278134,80.8496060927238,73.32146383859708,67.94041512633808
Simulation,340,82.93960774997612,81.48578186990004,83.97491907562633,89.11990578357208,92.74468627053601,91.58265328186465,88.66249474805186,89.39199393235732,92.00757909114111,91.96641700228027,88.72250892749683,87.16201874467987,89.25492638166381,85.9859636180356,84.74350461390127,82.87935328771826,69.28322391017262,73.48178595680548,80.42675506904172,88.89576398050443,86.94727250939384,81.23729198385219,76.13127670261859,70.55221806759057
Simulation,341,81.7956689828363,85.11947343376778,81.63902977068764,86.09602217584894,88.01857681680895,89.18450295922288,87.6039791162713,89.88924889500925,94.39632777273394,94.60970183903868,93.01119815751017,91.72346689657101,92.29083891420669,89.31147254137423,92.1232860344905,89.44850003126501,81.63017111904335,82.74915415864871,81.11171012013189,75.83985312471145,86.91893104832062,79.27041341965256,77.97879194105194,54.6786419061187
Simulation,342,72.3516368621609,75.64113363622491,73.38646896280147,77.71493580399152,84.34608544536067,86.31378451384052,85.37879060876026,90.55655196573288,92.04734821418626,89.82858688055909,85.82017236218378,86.46630085272629,84.56881753959023,87.3377974635786,89.54301187127545,87.19097126760053,83.41920563963392,83.08048828509044,80.2632466072332,87.81837114790352,87.1964461913101,81.61902863894348,86.20603340891344,75.15584261663048
Simulation,343,78.66010565802776,79.78573544449311,69.7692132412384,82.54080423900224,84.88987927659723,85.10073398298513,87.83061281748029,88.40107366585531,92.25592286658951,93.57188248795767,93.37731602356237,91.79320773450986,92.9018191473631,91.30397183111813,88.83918396454725,86.88242302189086,82.39683371932318,85.06652434828894,87.11972289912298,88.86871830763263,89.62057538447914,81.05864267248704,80.43878642997473,69.64328313446516
Simulation,344,77.47986991222847,74.74917056025369,74.17629926824857,82.80744155709206,85.23489270041568,86.71493911516545,79.23961960111933,86.02342831037467,87.13547632804644,87.72750718101629,88.33735668634658,89.13082479300297,94.19089055164098,92.08180577344356,89.10933538718422,88.43167158830047,82.54323142383895,86.92595396736056,86.94116058579748,88.75048211768218,89.40020278832392,84.06905090654007,85.04948166625636,74.41658440513127
Simulation,345,80.83725161692277,81.92995143196552,75.60697216780558,84.23207827069609,85.70123163954509,85.32827779783652,77.26687684199966,77.35926357556122,90.61130535128372,92.0962944773667,88.11109194809174,89.48264630485701,88.91457862903937,87.67923185304721,87.01627354934051,77.17874820248562,76.26632058896942,84.35829285775228,88.63998919380384,93.85781243993397,90.13372665198114,84.09424511228096,83.14871542216383,73.90827389898298
Simulation,346,74.10530592857434,73.59092396912267,76.5437538650371,78.02776516273919,85.39778142951923,85.41315519252487,84.21119506086099,84.45093322977571,92.11388596628987,90.66825022939433,91.31745890567565,88.27109795098065,86.63914510209887,81.67809256913029,86.8031777861997,86.4613356582328,76.20706930640505,71.5766422791154,81.11367727241768,86.65509981807377,86.31147766910878,82.57415524529704,80.5914057918428,65.39269079905884
Simulation,347,81.6861831992374,80.03685010373937,79.61938724759294,88.46966169763132,89.45070839785964,91.15242819361418,90.96465541042556,90.74736124499276,94.20390698196861,94.33535786297821,93.23360149036158,92.69005481152165,91.765147955977,86.60860262949785,90.84838012528763,86.97269481072739,80.37198174870304,77.25274595025121,83.89947026225896,86.68100781861177,87.27479121211763,84.00725312770521,83.88928318301453,75.78240437080443
Simulation,348,62.591795378051536,52.946998642472636,56.032363298037545,56.42164124771517,63.01593496305717,64.04365130944495,73.87061724732106,79.5180376300407,86.67834317269626,85.11221267389976,89.19127451193656,88.4289212137795,90.06375869683036,89.96328856048014,87.90360951573302,83.14832031110453,76.65123080598478,81.11838974168317,81.57502889685001,85.42116831760114,85.87664703350478,84.37456184473251,83.04376420453922,69.2682233713319
Simulation,349,58.24459813915642,53.647308935739815,62.87847334234897,67.5446270616173,70.61691819894753,74.96112724178346,75.99550748138427,79.48369994388213,86.87409747503833,87.0409052089967,88.26490570700877,89.04068041226958,90.47804709838042,88.32885897795855,87.08639267245842,87.70114756129718,81.41692208552168,85.40897096750108,86.23768050307736,90.61683536787406,87.87120688228393,85.38704152215429,80.58391496228901,65.30023671996675
Simulation,350,88.38145003425663,87.25337992556031,82.71036554697272,88.85554085723672,85.1624581846226,85.11115935038738,83.10730410556684,86.48825179508022,87.94014240551735,91.06505843438875,92.00101199718196,92.1869282151136,93.3337438664208,92.189417935179,93.43166256359866,90.47527078921614,82.55104509860881,88.87746013469423,87.38769580366578,83.88703599652139,84.0600855318502,84.43966888567383,88.98911855979108,76.43440915782024
Simulation,351,74.44470402590022,77.6361887110961,77.05559534032427,84.5510725838941,86.56366688123249,88.96000947431962,87.5213472120553,86.20716966472484,92.02712089036177,88.65492547125714,89.7507300736672,91.36743394117391,92.90187933912836,93.95157794531875,90.228453571545,88.48148723067831,85.3766572017452,85.11344587385798,77.53515826454054,86.34347182790829,84.73299047108428,72.56702877372457,80.75856835780816,68.03946401221575
Simulation,352,82.31682268728454,80.15543363700198,75.83021411576689,76.3787028527245,86.77987633314974,89.38795899400378,92.1540658925114,92.8179281182008,94.52919028117657,93.7619237769673,91.18618595297512,93.76657888570512,94.95835508154659,93.95900025745696,91.81219160261145,88.67416762574445,76.29399539766706,80.73046001045418,69.22631931159819,77.66911542283644,81.80666699187437,66.04738821678565,68.24045990614748,63.02520161425593
Simulation,353,80.83566930925923,83.39244153141873,79.80013990004107,83.14570482165686,87.01203937828603,86.37239105272342,87.1276309443476,87.50900141104005,90.29289346655261,92.44183083255655,92.38630967451893,91.83097238213918,87.29517221693963,88.06636258792165,88.26936926255058,85.97729075484888,73.37235795192542,84.40687165822462,83.03685308413459,88.95863125881463,87.61042810724781,86.10848606838805,84.65460332800357,60.895872311817634
Simulation,354,67.51295391841425,67.27359968482563,73.37016440613652,79.98095545946394,84.59661070147996,89.2835454898289,86.54298326701388,88.24829157971156,89.58744956502034,92.08410866671107,89.06106681365509,86.43540422873475,86.90556051060902,87.27170265385844,85.48911145435243,84.58288068540513,77.75425489897664,79.31774668318005,86.79095494803414,87.7927365991101,87.65707905280479,81.27489684612158,81.82304109737949,71.9241861236182
Simulation,355,81.80763624504333,81.00913133817512,78.77182031281794,79.224879476871,77.65522814466959,77.26002793598668,74.83459732608208,82.53258367916777,89.89487402401498,92.28234641498187,90.52461421307434,88.66324089326594,92.01234220052204,90.20689117795239,90.45589189877738,88.23352578591755,83.29654618252287,84.51089350450461,86.0095013592814,83.75289989107321,85.91222579756352,82.60024635246816,88.62810841472728,74.6774291619098
Simulation,356,83.74910294406466,74.81981833406154,73.25993855909094,79.42437189240079,85.54599094325455,89.31842096497179,86.92225469985304,88.19050028556282,91.27859795744332,92.55256683851606,89.17047343382686,87.78602780258062,89.40697121260224,87.77552071822356,86.91170139476434,81.28210949715293,74.59244406243029,71.32281558074655,82.77191084201407,88.02096537987097,88.66963605516767,84.40417006106574,85.58118487159504,77.47209795306073
Simulation,357,83.16950314864559,84.89401806733075,80.008163232935,76.82883163376233,85.27163707221548,86.77557014157671,84.40216743382717,88.04929367363145,89.44899847454123,88.10415471657967,87.07923694737602,87.46653917502705,83.01504385017766,84.05571563706467,86.38835719446806,84.93414710489157,81.88444021546557,84.47612278854103,83.90256657552197,86.64770724495317,89.21782487338663,84.07920922929597,87.60580905609554,78.20732704548891
Simulation,358,77.76148378348348,78.18655833214832,74.0568796487198,83.15096665706444,86.18702333436242,89.44627307810899,91.59194745318736,89.31293157208322,91.64420781062562,93.91730405406193,94.34152788631371,92.0971674587309,94.62749249910206,92.58478884421261,90.35662577072189,87.69979112392805,85.25464108399711,87.55988105887522,90.44909493696917,89.02909252936114,87.29545735265361,85.35316194528326,85.98180840838708,75.20913624392621
Simulation,359,60.46338152820172,65.97684033279393,72.46579048175983,76.7834815658885,69.97663342316764,84.76371753887871,84.14403887657944,78.48613726494672,86.51668972590475,88.18622466546712,87.09326601197026,88.25890177826373,87.39629993959463,87.75559219539623,83.91926313241615,88.16641725771801,80.77718495118808,83.9215903168801,78.57861358265986,72.361976352228,85.97317312400327,82.97994475421517,81.2606229870352,71.39171141161876
Simulation,360,79.69736049275849,73.88953679618798,72.86586277810683,80.72894635103465,82.96332358855737,86.04463537398712,87.48794889229183,90.71062947724533,87.36521598186349,85.23035821754875,81.46095311464569,80.28655624879814,90.15082107884723,88.67702104053811,87.61636095635072,82.52562841993111,80.19590057480872,79.44797718635121,72.18597124559982,82.38729405475708,86.26542947870757,78.67731603753923,81.73921236193885,68.01226702091418
Simulation,361,84.72920320718782,81.87015853079726,78.35169441839581,84.19102370739688,83.98997645392598,85.74664305112235,88.97357402240652,90.39966658436111,93.11683669142471,93.54927719139353,89.39603135185779,89.06230295568051,87.57693355409572,90.68123898835375,90.85814672298427,88.6186593362106,86.81990799445767,87.4993424710801,90.15842869387073,92.04087784345089,90.61664347469973,87.40082056145958,89.28507709613726,77.18420572220734
Simulation,362,56.216588765079806,59.2416919142248,56.85901329072166,68.83405028434002,65.04992386557065,73.10919932935475,78.11347276976427,88.13845061248186,93.26886272265988,92.17749757831588,90.98920748299867,91.83470699785379,92.60520795865183,92.71762400232693,93.03274840738408,88.61249560891957,83.3492887452459,85.84904755741202,85.26047041699879,87.63434063437059,88.77440698507962,81.53872620035555,82.00978382575738,70.37789941869886
Simulation,363,78.39946158031555,75.49327978392921,68.61121012845874,81.38927138565515,83.44857633562427,88.8783901331158,87.38922519291,87.69907083985848,90.44738469174567,92.30529078106252,90.49964400835637,90.35348420049132,91.47876893672635,87.31965544552416,89.09863314385828,84.89245985616526,83.24946351199729,83.86197821041756,76.12972625257997,77.81602331261699,84.31457565426314,74.58060084599194,78.43802982045598,69.42888633765608
Simulation,364,76.08938633081542,63.1520264542322,60.574456836875406,63.52811642172095,74.73887941280722,78.73700976477686,76.14641310559705,87.82201649986007,91.9483151384582,91.4764535954462,88.10745732621606,90.17209904192693,89.89173836904459,78.59075657414483,77.09961758545187,73.60550505876478,64.31902610342978,63.89864692451075,64.707727439769,74.48786418281583,81.50366083481754,83.81463887753694,87.14855837275542,77.1839955097222
Simulation,365,81.77252586196109,81.65418663091593,81.46749290353344,85.47781503492047,89.13824218695771,88.78513438121074,90.92150114279835,92.09120941656553,92.04042616350121,92.9002565436776,89.9607779114641,92.8114080836809,91.65555634862852,90.20357674958109,92.13891443956918,91.76384725108957,91.8967811915307,90.74113996479157,86.87861459404992,87.43988589625741,88.53063234524464,86.2921950027301,85.5780826398827,78.18832303179079
Simulation,366,79.09478913370683,84.97487781986135,78.29200520174732,86.03311347907615,84.95538112894694,84.66676899638222,87.59411078628747,87.28750255118193,92.2357536820951,93.82679019913881,93.16266776108974,92.94197721745104,90.9489607634647,89.72149517958233,86.63376352960269,82.88453701686184,77.69766439904173,79.63236406649014,83.5718284307072,86.82954080152784,86.89374792394219,81.5010966559952,80.66784036388611,72.0406870633205
Simulation,367,73.12494204205474,73.87957346504768,76.02569896506304,80.6923909677482,84.20288550653231,86.505261153631,88.71681922928768,90.16961306970877,94.22716022470746,94.26935566519538,89.7998709050365,89.40131298406381,88.14905161055617,87.10958314283019,89.44250375319564,89.03193287471355,79.50469262472473,83.30580314136235,85.13709366539652,88.3470973631474,88.13848870368908,87.22003382491962,88.5257168185879,75.65292422887879
Simulation,368,78.69956561268539,81.22508383113822,76.242782744054,82.83274009890604,87.83585346401026,89.28035494315289,89.65587597756213,89.9126344569769,91.99019276025408,93.59775543350007,90.29643608455558,88.10717620726122,87.52602762665448,87.40321781439204,88.61818357026098,89.22348031982526,84.53934186140268,86.72935113689485,88.36124418903393,90.74266441735483,91.44434479860155,84.84114581837315,88.6389800126652,76.42946468344132
Simulation,369,81.38223324843936,77.86419323522479,75.46920876373423,76.86896388748885,73.19092157826285,80.577409067653,75.51956170720666,88.27404060580588,90.34981790367952,88.64620816860626,89.47852834126972,90.2161800295465,90.4957780894762,86.63058131766132,85.39579742900386,87.08655663287055,78.32233690515025,79.773201898467,82.90930470982948,82.57701587915703,78.88043665850459,79.97613454813079,86.66518612416827,77.58393169597139
Simulation,370,77.51508995010471,80.41893687736825,78.7974090685799,76.84862190280974,85.3988553751278,86.56693490979944,79.19766552001938,87.69821691047105,92.73791876801415,92.59351755576827,90.30680207313142,90.6538999373475,90.24257092889596,86.10168333532748,78.5216764915379,88.2294600727116,85.2633510958075,83.21871461044478,83.57161133496473,85.71293185092796,84.796072338004,80.16316443457164,83.15469297642566,75.1334136638715
Simulation,371,70.94272401995984,66.04214560641105,65.29359208866738,71.37245071585401,69.44132074951634,75.21113091062425,78.89466391806185,84.94756806449085,90.34505366082657,87.38150200227606,86.46259539285268,86.4606129398363,89.15716260331753,78.02645798711498,78.70048876792295,74.57191365641997,77.49077020574194,82.17990198475661,81.29594778326208,85.99767991583052,88.90496253795578,83.29225945703169,83.46882352971431,69.28183703137306
Simulation,372,84.19562826165308,84.33285181775184,84.42146047218242,90.63449825228821,93.48654638199758,95.11677461558861,91.57178097199552,92.95769930524722,94.28750646521799,94.85635154980217,92.4688377651048,93.94949956011097,91.93447920425818,93.67515647841627,90.16744307666498,85.23932603994155,83.29396181118331,83.48819751767445,85.26423641400694,87.57015615182335,87.65612140298705,79.894751940967,72.43267322962494,71.11795459343966
Simulation,373,80.40304947899212,78.41724272877941,75.18685902459448,77.75278315105501,85.26652239742974,89.31403963016932,83.90416909909321,79.83731857086445,85.25492555733726,87.57936839559697,87.98867284153543,89.33587261051088,92.11335300175907,90.68333645282908,90.27165714831033,89.76237862273194,86.8357107967339,82.46870447786712,77.06177236323428,85.6892743732066,84.01125973122538,82.12608849230112,84.03768820088793,68.47640735905966
Simulation,374,74.21649645455095,62.7688774764268,60.624440271136685,63.36772150832986,63.755751824763735,71.66853384549148,68.45778770698203,74.81531611339261,79.41848273715772,86.76140486385388,84.5268947909126,82.86327351811866,83.516598246104,80.94022043529306,85.54006227586315,78.89016932122563,69.14610105828967,66.41855585665546,68.69312956862927,76.71662825029635,80.87966620276066,71.44730017681434,72.6757907695073,68.98042898099298
Simulation,375,79.12704813175554,77.5552964276445,82.32199504816512,87.00649185806465,89.47776953816471,88.9208666619429,84.62844263920718,85.4182717937925,90.9686937690599,91.22711282383545,87.3576791643706,89.08815102928259,92.95851336388102,92.13125735686245,92.70458746382909,88.33955066740276,79.16986951344893,85.99699646894754,81.98325697909642,87.86386521338875,87.19772585818804,84.37442428244208,80.18704773007107,64.79268490865485
Simulation,376,75.86264683727737,79.75556522669216,76.00897947916533,85.29755212404615,87.10709811357441,87.55999961307275,84.0565927845614,87.25230677358367,88.67142696017356,90.78096477859815,90.47321685423971,91.92953945894817,92.53821562464904,89.2330585837556,89.70295242143348,88.84789511661799,85.0106852505971,86.8910116067556,83.50414782076504,86.82407311961002,83.4985366607783,78.5873500118368,78.6826158473856,64.07907171509818
Simulation,377,83.65910880985348,82.23737045906564,79.63341791094547,85.96724538136932,86.09941683358306,82.06945645815797,74.7302868307566,76.70871021330576,87.73145283122939,87.77397884597907,86.21686298671383,82.54219182004601,78.87543891664276,79.4405939434454,85.76520866177961,83.93054489262616,79.84327948140087,80.95942405275176,74.52268146402534,76.5264816179407,78.85040818735426,76.3520004402833,84.53748919989332,72.88873600443472
Simulation,378,73.76989116790111,78.6509150211469,78.30927756660367,85.3160581108667,86.47330679004797,88.31035717531226,87.8988105418028,88.33158167772572,92.01925198418164,89.11771912157069,88.59184854348612,90.55178418216914,92.50179745241975,92.02494639564108,92.76091595912251,88.5367282544293,84.18210300255848,86.89012376672342,85.19503302277349,86.5806433352721,77.73961401597256,65.65546339280952,71.32574855329486,56.476040890469
Simulation,379,81.6977230172415,82.49307281991129,75.74045735768811,84.09245599872827,87.0267118657858,88.56784749256417,90.25238158534185,85.06940506626118,88.94226074512073,92.22944669564134,91.2674356194994,91.35619919355018,91.69828642360294,91.02624356678143,90.9024495465394,91.20100098768562,87.90705305955643,87.86445780658643,84.8065000997473,87.45204250139814,86.26679600677463,80.2511395080441,80.67196454967093,71.17615486257597
Simulation,380,72.30040031833308,74.83816141977542,69.82099320099779,78.9949974798766,84.19086907784695,84.48754799928952,86.78798250483531,90.39962626724784,93.48575115095477,92.96080186048721,94.09304718103765,95.12351486679098,95.10393916971623,93.67752664973243,93.78692253641557,91.74925061920632,87.35603936036193,87.95777604196394,87.1913963062567,87.28079395128225,85.56567645025356,75.78371732943225,84.23513209098417,73.13705113365859
Simulation,381,78.59174460019938,78.65483385186431,80.01844408473089,85.77546229856412,89.28207144270833,92.04545975886643,94.1253894745736,91.93349553943963,92.53058912936035,93.67642722066459,90.50552317557107,90.0871514057366,93.87950128413347,91.71797759239641,89.49589366177156,86.70524057410073,70.00437487638776,77.76493910970575,71.87712614516366,82.81562560405779,87.70288742576454,82.36920026934325,81.80800700311266,68.5467185768148
Simulation,382,85.64517220069455,82.84640827109276,83.00403686169301,86.22023380159396,86.47220514494738,86.96071020802451,84.52564410168628,86.34594762435962,91.67877487661919,90.78689890246801,90.07256648093497,91.4394529281432,92.56248229883019,92.27321228854267,86.8931151288277,82.40279994688004,75.39929102355642,81.41622152963687,85.59136577486018,85.23577445603043,87.42718975978458,83.48527143016085,86.15936373482371,75.91933083937434
Simulation,383,79.77713826176554,81.71268897697341,78.77584230630609,84.29614697677157,85.61992845059221,86.92632498798277,86.95064991166628,87.62705385153612,87.10752072167826,89.87783747503335,87.19623591908261,86.89656409628925,87.99380706145968,86.33399846830709,86.6279808833954,83.22498916411499,69.47896418794184,72.45395502158267,72.5706323362574,84.32965356783585,85.93536909387419,81.62172077930622,82.28727991119779,75.6717539539996
Simulation,384,75.59441180578602,75.59244246378849,74.04512568043343,82.31001279923993,83.75932515241603,88.09065551759345,90.30052325562707,90.33083288325487,94.76666441243937,94.76937220301492,92.18958273669594,91.65653395203105,93.79315528715347,92.16296212145588,86.15186506168153,85.76977081640493,70.93508812319268,69.61853861359312,77.29063623017609,83.35612119222674,77.47941747444412,76.82001308298051,81.00239544964356,61.517794180682394
Simulation,385,75.03813624854854,73.23481472760838,74.7076481467334,70.23952323930155,73.74409314373035,77.08981839309972,74.57680518315836,82.52100414946263,84.92639644312224,86.30682472670703,78.71140377066736,78.92664949856977,81.81377067291916,75.47164594985156,73.86432354817705,63.43107658273697,56.492219939235326,72.99200856683807,72.80078605931043,74.67259644839885,81.88733867343453,79.58769022630572,81.32434569921887,73.60964639162383
Simulation,386,76.96311396743147,72.63392726420824,71.70288052026606,76.14738314674207,76.255611030633,82.48748707549248,83.77785966648729,87.460530236139,92.23888163414671,92.13781508228271,86.32807568277957,90.35066474692022,90.81943307075318,89.30130130704046,85.8042229518072,75.45733163008435,62.484736003482475,65.5215510427391,65.16250636797838,77.73763142950187,76.19214852193704,71.16640424127525,77.62467439655852,72.15196281079045
Simulation,387,82.77143216219933,78.27236635805097,78.28696144299549,84.22917494058714,85.61264672441527,83.51812480907515,74.70395861067148,85.01596168794015,89.37697822740317,89.2110750221551,88.8875663543331,88.08039746179767,89.28878719881502,90.12865330319528,89.34870308252913,88.33386314896653,84.04202939825062,88.78619811171875,89.62652284029497,88.2971226049746,87.34955857621745,83.69859774591215,81.67057939371834,75.20844709256882
Simulation,388,82.68252403270318,81.02556063031108,80.80786610007343,82.46152201540656,85.23928704420965,85.86430100905207,87.65032783755917,90.04714928426635,90.11639852656681,89.95122364810624,89.729790159222,89.39590057820736,86.71976666134455,87.74470213403231,89.73675183510284,86.71412570662076,78.80058550845857,83.18192810914545,84.0840704783503,89.95460893842875,86.81377888044504,82.34510721032058,88.47144979161124,77.17884622335073
Simulation,389,80.56117022847442,84.74233157284735,82.03177581121174,86.25997452113425,88.04546969373551,91.88878354868282,88.4541224271532,91.83225181840713,93.43355267397801,89.65594699511242,88.39720073474832,87.84922376875173,86.51129444585617,86.1869141756175,87.594137996282,86.57109802859429,73.34021999863123,70.37156486556854,70.58047268211509,74.72199420281751,73.149393841463,66.89786994072267,67.87477344150632,63.8322862472465
Simulation,390,84.98494505786189,80.13178364721098,75.74207589887722,83.59080921449429,85.45546770186026,87.2535403479648,79.40275727956666,78.31812562018224,86.9640349231811,88.37830806667219,87.01285254108576,87.84544989412197,85.70949897391444,85.92780174227264,86.33252613384116,86.73805782556016,80.41752053287945,84.95135762175482,85.74814677159955,84.83416537942412,83.92457506507921,76.14154135859992,76.65178720657688,72.23567646732053
Simulation,391,69.32438175655889,78.23103926820848,79.31787199294962,83.26348719936693,86.14391673077134,87.84541541438296,90.59263606371125,92.17501057563373,93.80465593228381,94.64573928114213,90.70422311624006,89.95463462429626,90.73804284422873,90.98282070867025,90.2763122414774,91.56087194419504,87.16568537532693,87.36742809295879,87.23372706322486,86.61258817963076,86.18641468055364,81.30226523267726,78.07567922905395,73.80955932424081
Simulation,392,73.7100541738919,62.76856183140242,63.58481914362955,69.87978518560843,74.37292720554315,84.32941072407634,84.23682319583205,87.37722589101179,88.34726762852239,88.09893638909709,86.06968883970616,83.8172089268805,89.79211565350735,89.60624580825338,85.76694080836876,81.34739188912471,79.84973908978,84.61309043136293,72.39161203430159,84.86363585087544,85.83140910058313,82.22058841776686,85.05854429688786,77.53979428515974
Simulation,393,69.69917594767955,62.746561476277705,67.74724082690206,84.6833341926306,86.22374641313768,86.95986439923061,86.54306587835097,90.22749127321366,91.62030034893782,88.99609375610316,90.14414254728885,89.66295751750138,88.58473164394215,87.43350923287778,88.33124368948482,86.37733283415379,78.82510173657087,81.79177598073275,81.97051903945281,77.30010965232454,84.67712129401077,74.42547373322574,71.2759718198305,70.70147176329151
Simulation,394,79.36957728072039,78.68559603729393,79.57568020856027,84.70929262023631,88.16720582482594,85.97023954605129,85.95785681407669,86.6554975285999,88.61727131301124,89.95262279933242,89.54110216417541,91.02440564710949,95.1045911867254,92.99994820517594,94.33565268804283,90.9216311199721,87.41797307036128,84.94729986210152,87.76013973376953,89.15205297165284,90.72600629349031,85.15834152729374,86.33794740158504,72.27052755759014
Simulation,395,67.43604246291098,78.16089238004531,74.00860529219341,71.19867998725803,83.87086478309008,85.76092909496705,84.4084187852928,88.47222391434921,88.4856279790002,91.05162391654581,91.16731908212932,89.28848794841159,87.316283576682,86.03877566582858,88.63622486981065,87.46592234355153,83.42694000296903,84.77353563253271,85.21438108124048,80.41914473362381,72.52860878746637,65.02305591451525,67.86522171245133,64.42305391489786
Simulation,396,74.11455511722528,76.9411508364746,75.87494818891618,86.0537130777644,86.70365911926088,89.45095555555696,86.51371384638087,91.01707001111399,91.77333832731665,88.24646689941014,87.28114509074052,88.20866982705893,85.0083728816594,78.58780543649748,84.67793121590779,73.93039837117905,74.29336293457678,85.05425580510494,88.22320872255753,93.66901926392619,93.40794885161996,87.97674479999806,90.67774619199452,80.7403479394135
Simulation,397,70.07668093705212,65.69454045247149,67.00048637256391,70.44892188601179,82.79816257210442,86.18784400105027,82.7485966627597,84.3322993710523,87.73309290229274,89.58646921752512,84.42106236931157,81.38539874546807,87.18977534772857,86.40004271108869,87.89744089723595,81.44737955355365,79.17490818011998,68.99916153278542,64.2930747709414,73.25877088595249,81.09167305519384,77.93249755756133,73.0797802705183,57.73678797666708
Simulation,398,80.37070806619587,81.5501463270668,80.10517323905796,86.61666680417227,89.80170392539905,91.3530020497021,89.63959640782016,92.43807686799008,93.39596668500127,91.60271472211215,90.07639139024236,89.68634754583206,87.05160590220045,87.05411949929976,91.16612881507002,88.55586984196175,86.98275501116608,86.73628085790506,84.00305899128841,84.48178891372672,82.11675885313281,66.87402892778447,75.71492201959516,61.466044122170295
Simulation,399,83.06519028400135,79.07744999137641,76.84300165263053,80.0767361686077,82.9794602698023,87.86778450351282,90.4310631057939,89.89805847951263,92.4891188258036,92.88737497557645,93.27855772906877,92.28206247238155,94.74986398463793,93.28443113981156,93.38706772860417,89.26081544738061,81.6400386896258,87.63877484053124,83.57527077191615,88.50168530488223,88.73114543627142,83.01926705023537,84.84050765129868,72.64825421682733
Simulation,400,76.25847619008621,74.46328836430642,68.75517584682814,77.8434344225579,84.36839367026253,88.09246569465064,87.6055072554148,88.66156836882159,92.02046135850757,92.42910576270883,89.16550054858543,87.26972506630392,83.08461118140325,87.12845669819606,88.141790978835,87.84355823800585,87.42262163483983,89.95645095941084,87.1612236850892,90.4216251455353,89.45625446287076,84.52792404401293,88.20714321151684,77.0441897705687
Simulation,401,71.90748495535867,67.31603153991517,61.72622764244384,70.10603909281834,68.83270060185245,74.24354161297919,73.47440933157733,86.7723057179957,91.64876577591473,88.53876307529345,86.94169809495493,87.28760482325285,84.56788226628653,81.29843663893354,85.03037633706529,75.33157782117011,82.59666985518655,82.17105663624864,78.41169282942872,86.61194676227129,86.86096651677303,83.75423878455665,86.51790653226632,78.36491321533468
Simulation,402,78.8446685703578,79.28715775713735,70.49649984924015,78.02485528224088,74.00452387113091,79.83965879288101,83.60627698743808,87.15158526173177,87.57893555941044,86.84946593315993,80.84081926057381,81.29314218824736,86.16988282603772,84.57480748553205,87.70773465512988,83.25999680741722,81.31059767383294,75.90944010872472,77.75136619288186,74.75501759050356,74.63810827520948,61.135972090944875,63.55010630296925,52.31366839453646
Simulation,403,79.1581535677061,78.23521584559742,75.4651213465729,79.38520737465308,83.78016552991588,81.44025160641527,79.22090574414729,82.73727449610493,88.89715697397614,91.32347862546408,91.00700487444483,90.63435996111139,91.62912413185998,88.1570579886257,85.78040194893782,84.8749412840119,73.65020725512763,71.69965960571972,69.65901258712353,76.49419824288195,76.27729746695344,69.09667380646033,80.15982519012168,71.65419214544049
Simulation,404,80.3484116605977,81.65338474701191,79.12272572116345,87.11455388237161,86.91950843400035,88.71485066932502,88.76555370609553,88.63729902891536,93.42818734888986,93.49861290501124,92.61007753385505,92.91947519878356,92.49111701267122,91.29587296795623,90.43386712538643,88.89424529990585,84.11197995820591,86.48087854043234,85.01286221126536,88.91064559353926,88.65865684523742,82.46264985821188,88.78587239963238,78.82240053309309
Simulation,405,69.15582790514725,79.67613209668906,76.88534527897161,84.89108612232106,82.25413391524413,85.46125980783667,81.31080919967889,86.07458274190986,87.63860908718958,89.88319459614432,88.0603338680867,89.6406042343932,92.17068177445346,90.50447700739035,89.30022498105683,89.3797887533172,87.0573467853398,86.31815101125402,86.0777336106969,90.49898088241967,86.13126675359119,79.85163835582242,84.87164006958237,73.4017953921033
Simulation,406,74.79746745284315,70.21073556398007,73.52961565660844,80.44812748443444,86.03422992532518,86.92121635184468,86.67431971132027,92.39703344042707,94.84000047159239,94.71690054475097,93.28685615318851,92.61963300988262,94.5448921785157,93.48593659940076,91.65168279184975,90.42262932243958,87.16770440620763,85.76148734677659,86.11202991676022,84.32960794519599,86.61496650023375,82.69726025873865,84.03280800069062,73.00859992699782
Simulation,407,80.2169077749985,81.53008940619144,79.9852597090801,85.82196735550826,87.3571556928426,89.8656170484498,87.96090461860764,91.99067802544525,92.49978609041504,89.61507514731373,87.88947077705234,86.7972332563167,88.74309046013079,90.01132168355821,90.03564481253387,85.24323180833356,79.54861587702122,71.56876484465361,73.40881989672636,76.75102497270686,85.6096828394151,70.52803336044914,71.07198456614762,57.87181960623149
Simulation,408,87.99260111940654,82.5363955659744,81.66383847670863,89.28451335582422,88.08943585443558,91.31576934171801,89.72651111606402,87.47653893378587,91.64980240843921,88.79124784344815,89.1462375496849,90.86736782061888,93.59638057571037,89.94866040005152,89.3492661894495,88.31776529545868,84.08237267256452,83.24493054589713,81.08350258277842,84.77993480590584,84.68253331179521,84.4426859697643,84.61613344064251,74.34481461208208
Simulation,409,85.38775363520656,85.92598611087206,81.86185192372295,85.24172260279764,86.71588806979632,89.32448145973089,88.32126799213417,90.5684135128353,91.16874066897054,89.86371771899688,86.76086687967015,87.75500553949357,90.03689044089694,85.91572201747522,86.03706200854876,83.07975818364689,83.03521418265039,87.62404730415147,83.82796061329604,75.71456550786115,82.35239466423441,77.41997951112803,74.22010447863147,68.97140714101839
Simulation,410,65.88426527140139,67.94265962507558,66.56417020023986,71.00578828914323,74.00339847149976,83.83381232986325,83.88836015261424,87.87744368172936,90.54087850690907,92.00651464649066,89.73096107920108,88.32784279665776,88.37785855894538,88.14684358828109,86.35281950415882,87.04917445186932,72.40564974584254,82.85006473554736,84.25016505537542,87.31928026568914,90.30753231507654,86.95758693219473,89.63127949379145,75.20814571139007
Simulation,411,67.65489462555287,77.11579722015347,72.40238386295314,71.1566513665569,76.25227130721024,83.5297094868175,79.56398696379692,86.2843805659786,88.1710404006088,87.52229223142766,86.59152314958335,85.82164709467433,92.10597074665172,84.93785649496891,85.80558184592519,83.26327565589102,68.09234206365605,73.53145989549529,75.18271485996273,83.9342435942751,84.93420164671247,80.86110040463063,82.0100161332591,69.72106762356074
Simulation,412,83.61096602062376,83.32152169300005,77.80642646619069,81.08278218938032,79.91139258804272,71.7992458842493,64.36235231472497,73.07444112706624,82.14035097367916,87.09137271303993,89.18804341982947,87.07750654775519,88.42456196211218,92.99671972711238,91.83452527668229,84.69384128585196,79.12264857797378,83.54747481789508,84.38007179732968,86.42597356760756,87.03814284851563,78.886034292199,82.00975558684388,69.82251106651145
Simulation,413,79.10884218936098,78.95582487997176,77.78181619573338,84.70801609094781,84.16903344092833,84.39494141715109,81.56386339657412,79.72159274870639,86.58468522689449,87.5481586640005,88.05941873471814,90.54668122263585,88.77826873244574,86.39833777343256,87.17516554819113,74.9985728229287,81.11055044963925,84.4073121156462,77.1294963517041,82.78058462119193,85.80547765952514,80.27001650410412,78.87178738680149,65.63209386608492
Simulation,414,80.35383355173698,78.52372748662464,75.41796184754571,84.32088753924118,86.69978078566203,85.65355535357463,79.61701681923493,82.79499877699057,89.28580368675779,90.82891312581607,89.31509869267792,88.78158044985021,88.90339814597066,82.27257271347811,87.31485991140077,86.09645949992444,84.41907306266116,83.31726684320549,84.41634103857032,86.53086848430195,88.02690775111823,84.66321860004327,83.8949725844237,75.13778683363606
Simulation,415,79.69186742092711,80.27879278921797,82.43212071094727,84.28768810323955,83.22521791665194,81.48532242560944,84.09859250815317,87.85191642286996,86.32647089583452,87.6166601023004,87.64589755123791,91.35106001019189,94.13597670056457,90.15443633208983,87.52426358440239,88.23425643925515,84.42257099448811,83.91357840205855,85.86203695472715,87.89778672763606,88.04327178465182,84.87730153159522,84.22763816501727,68.60203469640877
Simulation,416,83.19043412083442,80.47971187337677,75.7455787438475,81.63762575072474,85.33475460603745,87.68652331589439,86.20618414808882,90.190810537055,92.06029286959075,91.88287707106994,88.61767923430395,87.84612661598482,86.35107870595044,87.20228246881736,87.2254213289184,79.44458153452929,75.80965008379867,74.99869112211819,78.65852141437736,80.53018170627257,82.11075933282709,76.46265592356785,84.214055347621,73.06435381373137
Simulation,417,75.37985863254235,77.50789223873396,75.10775048344594,74.40599338476609,85.55321930795455,84.43072908143971,85.37532264476062,81.44761788922621,91.84058334063721,93.05969493142929,92.25039320332608,87.80254778833317,90.24762413855711,87.39466449444622,89.05967795623822,86.94350367618951,75.62331114519765,73.58034114141677,70.98608821560265,78.91097269915764,77.49016228874133,73.63839281070601,71.85939848871251,69.72376687152497
Simulation,418,77.79575391064076,78.97430673779685,76.06698167767985,78.96842794098738,79.91956600316506,80.01604094699827,83.88103747439422,77.75409402737041,87.1066805743893,86.43915264942903,80.73211397680664,86.3371841172432,90.11313500940271,91.90729876265651,91.25462725300189,86.82338192765397,84.028826466916,83.85299931529244,81.69576573259076,82.28250768670317,83.332942972897,79.9605858897791,76.10302607177118,72.50151938015266
Simulation,419,77.26329942607394,77.41164138744192,74.52167410706822,76.16744278504518,76.26669799735697,76.11282079205485,73.99380804635443,85.51622641717972,88.39985564728701,91.34580410105718,90.69037989838164,89.66844710157463,91.79940851916206,89.40336815706618,86.69165823735999,86.72795525140553,79.21490347064535,80.39811126410578,81.99079725097397,83.6139800715127,81.55552107863127,72.78787996877102,71.9295781239811,62.90414010311521
Simulation,420,78.92209740171415,76.20454596935292,76.17626473898659,87.17909873538294,92.53132787512439,88.82260946439662,87.93465036598029,89.71448218873877,90.30727303202934,91.19114383889092,88.8406476416287,90.16759670946979,91.08698955255309,89.0073957705824,86.38673319407313,78.78985193298669,77.18980498638963,82.47100255774556,74.38979725756913,82.17498509110615,82.25298579728295,78.88992263651608,82.45982000842585,71.56806736061998
Simulation,421,72.72652079533859,70.20693628352998,75.58123513534899,85.38634479960068,86.74736382186828,87.3705130253617,87.58349168350384,88.34818651875153,90.35352971925911,88.7097315442304,88.11014019610624,88.97356098239823,90.03454083056157,86.60224471507331,88.22630005657832,86.84691599188959,84.0797239451969,78.35572732366725,71.56815023146304,77.3236990469526,77.49719928310853,75.75028995982387,74.20758849111358,55.736207130293685
Simulation,422,78.81228191543114,80.33422805351506,77.68844735017593,83.5394770354495,85.26574821483115,89.38255827180848,85.33046103084662,87.62885070985719,88.91655211064267,88.13282378492116,88.60709341769574,87.70740962659114,88.83817718367061,88.88016539521017,88.25952733221331,85.10971582037635,75.43042762040221,83.74114274547495,83.67315106589844,87.3840603785557,86.45146994068872,83.48693376872893,81.27377307674604,73.79699597255167
Simulation,423,81.12693242058967,80.81358650996432,80.22623773752845,77.67314907847395,81.41812334677563,79.05285985024486,77.67024568240332,86.54772057909088,87.09809828322032,86.78288123287517,78.59183120398718,79.34879333683205,85.46659026715477,86.41177711783696,87.08014286756655,86.87291370897456,84.41837872862656,89.98953035239131,89.67202013737368,93.82367672833828,90.08003172019926,84.61604141382472,87.16232545382597,71.14710439244573
Simulation,424,74.71928274153322,69.98974782667747,70.75531774362227,84.78521693133756,84.99569048363176,86.3804608298942,83.1712431367334,80.62892342128974,85.95320596013117,89.1002817253214,88.45156342677406,87.85144927346421,89.75658675954654,89.26805818353617,89.22330057313157,89.08687609109735,84.38628812697075,84.85527228848679,87.11774866931066,91.59418824476617,93.44213877860099,86.30531796164315,84.64901641061724,73.49117007951538
Simulation,425,78.09536690827395,82.23471063442099,73.23020531971152,83.67178939043526,85.26310782203018,89.83732965712395,87.47835315668803,88.91371312430378,91.1588048897861,92.14741002288183,87.94082305111286,87.85501234116953,91.36930646726316,92.05567024196533,89.46740830257241,89.96371568407841,83.28003532836284,79.03725091242659,86.8739748351846,90.36905218809808,89.97906537929633,84.0688928702969,84.27996830097234,74.29295553049124
Simulation,426,82.38178708217461,80.0011991496612,80.22585096541158,83.98724365974468,85.26918177995195,85.46644807370477,85.17241787865328,86.1600528466055,90.0188253952083,88.13075663905869,81.70358780052726,85.83852790302213,88.94433397993106,89.89176221356907,89.47373274816817,86.04045463706457,80.19576835586041,83.77829278610838,83.43845154838354,85.45489848711718,86.33738122676418,81.37843224654705,85.89797812707886,77.46529510233792
Simulation,427,80.36449532471633,79.52007717513418,74.34983751928061,75.4742030780769,75.89139922281227,76.61491919879245,74.5829329544636,78.07147613512099,87.26566359514698,87.58223602630902,88.31870436975883,84.77607382535427,84.58512976958971,81.43274415717234,86.4277911823519,83.87906999618767,73.86881752471375,73.03518180017737,82.31860769488651,86.71366181518799,87.95896621123885,83.08224682135332,81.69358486116559,68.44512858182271
Simulation,428,77.92232351118972,79.66302713000178,74.31293788631638,80.00913661630406,85.44149886956822,87.91647971905084,87.12250589817823,90.17586601783228,93.0559880337776,90.32917630198585,88.13065975311085,88.44539991046261,88.74208563767631,87.12674287887008,84.32571516887529,84.75100415226538,86.03797554276188,87.66435649085167,84.1176091116065,87.24273997847867,88.12087747275974,81.15940583106388,83.14566804770061,70.09764889976982
Simulation,429,80.81401217783929,80.52865749228813,70.62199099855823,77.3054597374118,83.69343205789482,87.4829979125319,86.90768284012512,88.67108051616376,91.77030821385699,92.68476495487852,92.13463839137198,89.48253360059489,89.67551443409054,89.30926232847197,88.80644908832167,87.93420397287707,82.47251235572426,83.86269964115817,78.90815066634504,85.18460601308136,83.04178534674989,80.72827131547882,79.20298211033965,56.88246772944744
Simulation,430,71.25974004382647,76.30386461252237,72.54546322340259,69.30633208412507,83.46868824111729,85.10881736948787,85.75234760060337,87.96003786949119,88.34754371734677,90.33998070889864,87.34186242975271,90.6413172608021,88.72166174057551,86.57382592942655,87.99707057484474,86.79196090455626,82.66003131627487,84.36667946047828,85.9682363368851,86.60778441731829,75.83937845606663,76.42383978244143,78.07187333435591,64.69359674148548
Simulation,431,71.43759883145411,79.8532533447936,79.63295837167084,85.11641006076844,87.01816400190731,87.93655113668339,87.25556344627384,84.96508651345926,88.26507732724927,90.88468333564983,90.64172730192016,87.74544444420867,86.36088815702362,86.87884991480671,86.54468821232747,71.88797211187614,56.71642719363821,63.792107334663925,75.33453138414379,83.29975434139544,80.06598748050108,68.11948197229941,75.71176836971648,66.557074487078
Simulation,432,75.97874239684565,79.67364076450801,76.7508668347116,82.95328489431681,88.54824376524033,90.84879056963183,88.31111313829939,89.3129854357795,89.00196980516999,87.05025885375645,86.07730519399307,88.72428413094431,91.76534775278384,90.20092069723023,89.63741195286148,85.84867008246532,81.0114120313798,83.92530066948193,86.99477404398303,89.38206911337832,85.80134854794393,78.92186847709868,79.71391615297607,71.22135676565108
Simulation,433,83.29904578287069,82.68682592836947,82.83292787530476,85.95681266270041,86.87775296267719,87.73635103937373,83.11748218909489,84.24778027208094,89.73102094996767,92.90034670629676,95.15051779314334,94.93827056554765,94.14105455817301,91.30847756895511,92.36618170480469,87.67076962845262,82.94676470974153,86.80839014217044,83.60293054770993,85.48301079411941,84.71838831607077,79.19136601732177,76.39249435674455,73.98640588953286
Simulation,434,81.14209609838309,81.06047252264541,80.64630241372782,88.80768848352415,87.47642421798622,86.42439397458881,87.27301639378,90.03630121961153,94.14553067311425,94.66597820513101,94.66580113562995,94.86297364887047,93.9129551386282,91.96444905664914,92.72435910968723,91.89745802562177,85.25162759248904,86.34013298389411,83.83173217223515,88.23883987091158,87.3665468272249,82.58050949079873,87.02573027407615,74.67404453635143
Simulation,435,76.53913939091895,73.69102854181166,70.7614984395432,76.45232430519917,78.69679848422227,84.12047896687483,75.0483335612242,77.78273284601977,78.6283373382387,86.6446592810741,83.87485891022985,77.59773277348955,83.01600679041954,84.9964013746926,87.90488797595422,86.80106597979663,79.54883981347396,81.9962214095413,80.1494406753478,86.83658291927185,87.00248540603411,81.41039379759636,83.96283515855288,68.12479796608858
Simulation,436,80.34901767741879,78.22759436446334,78.16114807980009,84.64613510124978,88.40447468478942,86.0532218327852,84.84320735897508,86.84849872503807,90.37166286186867,90.44333849178476,90.66500931923537,88.10125584741185,87.37507798189924,78.94128940887082,80.02157152824242,85.07220454621476,80.95137170325548,82.20345074577037,77.31855921668898,82.03510977189467,87.64288738350632,78.60152587532502,85.30850210859452,76.13416015913441
Simulation,437,65.80349404204811,70.91394489158304,66.18445293615487,76.29742736984913,76.28747626536544,76.52069791092627,74.640305520741,76.1165302509761,87.15101165478181,88.64503435832627,82.75155204216705,88.01121741930369,86.5853012135505,88.1647409448673,89.17368036196703,78.57122512120337,75.78328145744786,83.34664653991243,87.82957648713412,86.6650907972319,87.18945237921199,82.77071490487283,87.68265218556468,75.91280272517726
Simulation,438,75.77839726591135,75.87006559718479,77.06457569045975,83.1792682110679,81.68732746634785,76.08539909906166,74.21531406538426,87.20628083108349,89.44318215042982,92.10098763908323,92.59642420323829,90.62784411214201,92.801365518734,88.32900044221323,86.2653082718774,71.70837826494531,66.07584273466732,69.93792797852107,77.33656270842974,85.69374093049515,86.83430429486313,84.41333203643694,79.86948960739191,67.05933107923495
Simulation,439,75.73799185766629,72.13291266015548,72.3974703891823,81.38480179402967,76.94103446735511,85.77179040484702,89.69194775668907,93.3523220820604,92.71923395689193,93.40359669009482,91.64237465795587,92.74294160189379,92.91486738732242,91.08692259459875,89.9512317545571,87.27004240216812,81.09720226666809,86.24628246497673,85.7130025526447,85.11991178054082,78.57766177680114,82.58170529789834,80.16576397280413,74.6961003693589
Simulation,440,70.81946288910333,74.50348075537877,76.02946129895956,80.53440116186373,83.99083639625505,85.48790878637459,84.3836856177231,87.01069975993137,89.80381599653974,89.05236183319745,87.34146950747697,87.04108814918266,86.91227864547177,90.20336908924247,91.59835158742442,87.44320646667498,78.90866101656295,82.67767872409304,82.76233053029284,87.22172474688873,87.96766038034822,81.61802873606425,83.05290957171707,72.58580481071861
Simulation,441,74.76493548162189,74.68945247406997,76.01534765816832,79.13124172922514,82.66455315430643,81.86302548634903,83.15933776615252,79.41273483775723,88.3967620606229,88.11364800156238,89.0623800899373,82.72143024544482,87.27500329102925,87.15276474339846,85.85079135587289,87.7092434923036,83.61181057839212,86.97117441342434,88.07144161655827,90.34872521524419,89.38538890369608,80.9111145988878,81.28471504368218,77.9398410111821
Simulation,442,69.09387319773998,67.10382074896489,63.08486463695597,67.87495465842404,68.9545956844382,76.11502190985973,76.31571358154791,81.22815318424946,90.60962021968159,89.03866148961413,90.87361304087852,90.65259222431233,91.12643969098974,86.60222009276406,86.74022579612534,77.58076917646311,67.7700789239065,70.85864086105374,78.6296291941751,82.89243174175091,86.54508305454884,80.61500059470885,81.01506356140959,67.15290594396785
Simulation,443,79.92769346677868,79.632487105012,77.89218705258091,83.92040740586737,87.07170067429112,87.9510101979718,90.63944846697552,94.17745863544137,95.31268676450313,94.96277916257823,93.0217076612438,94.96079231020863,94.9271764582796,93.6823377586351,95.04534244822528,93.39854972759127,84.92089984889081,88.6822440582931,91.68110786396258,93.76337519037284,89.63974586601834,87.68085012358945,85.18167275863887,76.13389346310555
Simulation,444,81.97378103337358,84.4894208197248,81.46693220585564,90.0202901135584,92.51773550585939,90.33748992369786,93.79801141187572,94.23766202061917,95.06387779757539,94.71938405232747,92.35093995729157,86.78388482191019,88.74390829756459,86.93106854341252,89.08343239172537,85.24676030154761,81.80351121003143,89.93047239476564,87.3176059797838,88.02627177271924,88.14761581538077,83.32653936757914,84.5855750343707,72.20420576649462
Simulation,445,79.08404629052131,77.66706470993637,75.99490136545892,81.78004159561559,86.73831051916964,88.28812745847468,82.8006061287278,87.03430387433178,92.69823072178963,92.88543315664458,95.12632362758507,93.792167461437,91.32889850152242,90.20557252218174,86.95904288561469,77.62145881133068,65.73512310152601,78.03747096355428,72.248842134634,86.28799697535398,88.15760828039622,84.31084705146623,86.16357391940936,77.12272088005744
Simulation,446,81.77694416735946,81.53620232522836,77.45033888209065,83.43300539324241,81.68298742992145,83.30647001877671,82.63250852812492,82.46426962933408,86.61709095867167,87.54562580534744,89.77190867324744,88.88559473822338,91.07933144219608,87.75425741608923,87.59762611075497,85.19832473136607,70.8881906648017,82.54781458572371,84.04670765137351,86.06778401373519,89.2121438337987,83.07283386038682,88.67785176605226,80.34551737280748
Simulation,447,80.03621496286402,77.37865480637616,74.49692345769655,81.87209593334163,87.99328783239523,88.61064691956744,85.31209911839576,87.86076834057994,89.39580007757431,92.27152628342317,91.29891684802479,89.99877092209725,92.10151066249708,87.74681572751504,86.35775163680131,84.91311952602874,81.61026479199072,76.94562307061285,80.53224608120033,83.12717541250298,74.93207600315424,81.28445611730174,77.95181204833696,66.55097475572873
Simulation,448,69.69979156929126,76.2328736576597,71.34687144889122,83.19062777664699,78.00668517238765,85.20079212430075,85.05373449461106,84.36180420892961,89.25016323896239,92.13634145667648,88.61223712961983,87.59522906965671,87.52193330735727,87.69750346276216,88.42032772228542,86.69943504758709,82.5918238934953,84.99115721245357,85.9313542934853,90.23940578027218,88.64688576671824,85.01283796991459,88.98479275813679,76.76967859866318
Simulation,449,82.7067161777171,81.91319858663593,79.10902977850317,88.72031079189237,90.30720462556259,94.88491354557472,92.70638655353872,94.31169929495103,93.46193966322767,94.10400007120491,92.98733136972534,93.31903447472604,92.28712483446809,90.99022845367102,91.71974091612321,91.27419015255113,86.71442679937994,85.66924070434166,88.47952143875338,87.97362434606117,90.41227274384781,87.41325365144186,89.27223070806191,77.55742054991602
Simulation,450,74.10418907911,78.24914467292547,76.30348944835187,83.19068942210416,87.39721045436117,85.80808256116052,87.08745054437401,90.46194138003882,94.25931269324369,93.53537803731109,94.36878884081995,91.35030173787239,90.83919755175313,88.35522041958302,90.47977031173833,89.36446173915004,84.18545128604964,81.4419265652098,73.41509006695397,85.77121278963781,87.93005242420408,83.28324135503512,86.01977724924409,74.27660044546143
Simulation,451,84.54106718418558,83.75233591138797,80.61870290889462,89.78230029945539,90.36941780374175,89.45070703576539,90.36009800561716,89.05192305535024,92.6704211856802,91.53851161362557,89.77645133059585,89.54646747883737,93.91801425110424,89.53365855930916,87.08539491594463,86.25379895721534,74.27361407544893,82.9076177147465,85.65484796329402,87.99877049825545,89.54794855248134,83.73210394563571,82.72216623704611,73.15615771695191
Simulation,452,83.16781545111215,82.92176945942583,80.60342937660145,88.56324722128795,84.96925061133825,82.94518555507734,85.76863875555888,88.06161485721063,91.8718858774455,92.46940683442557,90.30692275610241,93.16412518126329,90.39809132136494,88.34314358098457,91.3733534160504,87.12251453600763,81.49447316925924,80.40069050940701,80.53558319433785,75.54171696748446,82.40235488194362,74.27740575747814,84.03291850170837,75.99356692851477
Simulation,453,76.46897282732093,80.53028404698006,77.67141853324092,80.25873897019694,83.86717134165002,85.54775428219892,87.63879100331312,79.02248831950793,88.23730029019933,87.58903263522477,87.70148436386751,85.36769717410084,86.96956455123959,80.47598884690669,86.37407281360841,87.70407602275189,86.82538857623273,85.55570151434108,84.85744926471808,86.58522260750034,86.33112830079186,82.23457337192656,83.4019979044392,74.69989309370774
Simulation,454,75.00733244410407,75.74135880994982,71.13476279869244,78.30941433348414,86.03804350442627,87.51254633724805,87.22923003588488,90.37414433132578,94.80262424201695,94.63253267041543,93.65919500602466,91.49455448630405,89.00442781555368,89.78714576886665,86.60096223949715,85.48377377124804,76.74465491451534,83.60248973323039,70.08859240275756,70.72522098508652,74.59504117134988,75.79108407242505,81.63791042406388,73.52268045828203
Simulation,455,67.5811427923279,71.09730210091243,70.12896932802035,82.7009007243214,82.80213447664642,85.62430776763239,86.90225187130468,90.6116609897192,94.38697701818553,92.30547172930942,89.30490738803948,89.85880966911377,88.71159663955473,87.94399106693702,91.4276169080517,88.54320776613717,82.2361792349704,81.80861546109304,75.18173758579643,78.75984275514574,86.96343987908399,81.51163474561328,84.32228801694265,76.23305242122466
Simulation,456,80.83765283260703,78.36763880983749,76.26225032881538,83.18181788874543,85.69363112364998,87.81461369643743,88.29984344453757,91.0927560871475,92.51753716539149,92.01575621390296,91.5707737788043,88.2099435625965,89.69064221575866,92.63311380573023,89.94757313015938,88.53909025893088,87.0557912872321,87.7638244111482,85.62491482122117,88.1836136783395,85.32183576216386,79.30665173568545,77.23710589877558,71.46209893545475
Simulation,457,69.68420604629605,62.10440717794276,70.13170659532153,80.80923120048779,83.39518461966064,86.38358215370752,85.50962208817576,91.34120952730932,93.45266576284045,94.04280366026477,93.16232914704655,92.64473433282109,91.82169656677976,90.20958385155316,89.45251341518556,88.23352254667456,85.69741069703844,84.86390342438266,90.49312469355061,88.95242751879218,87.67317980822816,78.82415819756345,80.02798731428813,68.0787262567145
Simulation,458,77.0480802037047,78.94072429014425,76.30394395858815,82.92425393152607,88.39947020459445,87.92322928042643,88.27502556486981,91.73528129001278,92.12287347189047,93.13447677597176,87.58894302151614,92.25810780930986,91.00896444505385,91.35529056612452,92.31387413175115,86.1702078956266,70.05207509404829,81.15830606252507,81.46998237525672,84.89016290266187,83.32646107158757,77.0239325137246,73.07013657502566,64.8966380688367
Simulation,459,67.38685358769202,60.80513909797143,61.77420457109257,70.62537069039901,74.91303037636257,75.20375055368527,71.2769415421489,74.66823976899302,88.1986714730623,89.70303606231084,86.42316193265945,85.79104462008398,89.36025895335541,91.52170647636763,88.4579052264533,86.29477147839303,77.30056616444475,77.1632906888064,68.81048254147963,71.04929840162205,84.12154444123021,75.79498424505681,70.47853947117133,54.737005038359875
Simulation,460,73.10149316345323,75.01072715386292,71.35717181440646,68.88181974292893,81.99707579638473,76.4438725680966,76.16962536384082,82.33492849188629,85.10514193639307,80.95092751532538,81.75593955670263,81.3588014079628,85.8663045478728,85.40317802152265,78.98318702722455,70.55838507344995,69.48986351280386,81.84339683871747,84.40539844865137,89.580361442383,86.25762484463826,83.08316776876897,85.21660876966442,77.83270772563212
Simulation,461,78.45062377676695,77.43105014711432,76.6048229309712,83.16541903810291,84.99187140316367,86.96799477405975,87.23841537844285,84.64059436927525,86.39321268315013,87.48940004790316,87.83792148163653,89.88559632940753,91.77228348841895,88.33184315419886,85.48840751548897,87.02500368268389,85.79432002077267,87.95296655980727,86.06045756834324,82.69719875762668,86.62877535920467,83.07068918021658,83.9362149043587,68.48745936264888
Simulation,462,76.58144131049863,68.63748682151204,71.00029387274674,72.60801479781306,73.97635070678679,74.25443740098605,71.57591602283436,81.79865855216164,87.79453713205231,89.01715857705572,88.6839682240622,88.54408516352458,90.15994819877938,88.51448008500682,87.90542036397126,87.1244091266008,78.79023472842417,72.99201937457588,82.278669151027,82.39951091347949,75.97871109322783,78.59083868152261,79.92798673714202,68.51656020971348
Simulation,463,74.33755423024307,59.233810741989785,50.815701748831444,73.08438753143592,77.7995334526842,85.25590064135903,84.3971195451877,82.66065265347153,87.7797617519381,87.20288519836272,79.32987298687078,78.08489406841903,82.0160525404565,75.74085255356758,76.28366567607328,77.67036829159883,73.06553800443174,72.99558880183433,81.25442082956604,78.50725035441093,77.19573000400862,80.24431045856814,81.31896319023863,73.63395851682165
Simulation,464,81.95256221509057,85.4446841449218,86.22526870186115,89.96493589918046,94.02409976049887,93.26148421464356,94.1406730499009,94.77402215399079,94.7329301238104,94.86717748086558,93.4192714810327,91.74389114392038,94.34933753032473,90.61502605124845,90.07798622125061,89.74375661900383,86.87943239074107,83.9200618389646,84.99337686336548,87.33071240911201,87.21268864096434,81.04262075148246,75.14974326476616,71.77353966263843
Simulation,465,78.29151007414362,71.30052356783571,72.28277866008449,75.52459016614726,87.6859942154829,86.49508941488794,86.694915457976,90.54382301348623,91.6405437076075,92.08343791093928,88.97989779752403,90.21710286753724,91.07572815852706,88.64698880752908,89.70150846047167,82.82217794055795,74.59771232768877,71.93932783060099,72.02038154259628,85.72829983440413,85.92437147925244,80.18444563724108,76.88687253443464,63.75813077476046
Simulation,466,74.39903237658527,70.77308833981031,71.92606081660233,69.58259162371589,75.64322879846148,77.85401924200292,77.43266762672867,75.01451405379747,86.76464620976064,86.18461557901053,80.35758378554652,82.6449452108167,87.3718206329045,84.0597072103356,83.74517440129651,81.43252583305387,71.00900956620977,74.16941313265754,85.24992791461871,81.40600668570687,80.77599712952606,77.30230264939667,83.96156788954201,73.81537058149354
Simulation,467,78.16957143322927,77.66903612128053,69.89975467652285,77.38772319275043,83.99258559892786,80.62712646248055,75.46138684988206,75.50505442388709,76.64044527675182,82.28971649746646,79.61977116058333,84.64281815431417,84.34741339330039,75.69958164142906,77.9317246094706,64.81491445509397,55.10326648438057,58.366882871169764,68.95244479802267,75.10815944014803,69.77691398026563,61.603784774124826,63.11059142716897,45.332629882211165
Simulation,468,83.83863310485279,84.72882367993628,80.8545805012242,80.80849809055846,84.00497790151275,86.78804075646877,86.41949167047329,83.65860103741392,87.68766176512736,82.23421558905736,81.70192845527328,81.35779886191428,81.81522622728701,80.94648510661301,78.321813900892,75.91914662365146,81.29282208510726,84.0521634432586,84.680212635519,87.86786057406803,88.01364202311034,84.06903440970794,86.85509532908247,75.13218642423652
Simulation,469,79.5195407884481,81.01401610386796,82.34214527049568,85.43909140808064,86.55733557117063,87.29478538665865,85.29910450660776,88.64809427067826,91.1843572876998,92.09062516447214,91.81177480209686,90.6514213175426,90.21166262459701,88.65916217311549,81.90576821669941,83.77003434756209,81.84647145490769,82.454719895857,71.18320964364452,85.50013376777602,85.51652419747626,70.48906123020392,70.38031399927299,70.07576459488868
Simulation,470,81.71087911121174,83.25843642863146,80.23734778339933,86.1248036280702,88.38381311963018,92.2253509587597,89.59200948832759,89.0665559726009,89.00300446573394,89.58956997632964,86.6789204547612,90.00058558356075,90.2175502908811,89.87593880633358,89.94886122311283,89.69611707469561,84.65468221578138,87.135249517937,83.52360101366236,91.14530899571469,87.81047402795762,85.25268442674036,87.08047533249955,77.5453008494928
Simulation,471,76.97349945186515,70.09588529053377,71.00514073083585,76.37353522064272,75.49200334465284,74.67763440016154,82.58003081547442,76.72500669449335,83.97044763261202,87.58557480882472,87.08869939612045,86.44878350506322,88.99546921203873,89.22201958504014,88.20572734684976,86.80027742856832,82.29231163284337,83.29418568434016,85.46725746425142,89.75191895607277,86.86740299102044,78.51873853380998,82.03808751485968,77.3639670756784
Simulation,472,75.74416831427216,78.88745277753286,78.7912706890998,85.98407233489365,89.63534830299135,89.59632798775516,90.33193364897603,88.6425966418882,85.66028345742686,89.81765470392904,86.9226055248307,87.64387869379938,87.06240763104503,86.55684689257538,86.04665080534498,83.83806744681675,73.61559355482183,68.1761771491338,74.37458871728559,83.39471651379394,86.8306690268722,87.69192775839836,88.25007432413614,75.37406225104547
Simulation,473,82.80180570434024,82.83355252749594,85.19402386603143,88.86863238429117,91.08222014860199,91.4630664912635,88.09315256343828,87.75397821066058,91.74422290551048,91.74480224834765,93.18245231536832,92.80937650559378,92.81054617798976,89.35764207651171,85.00078832480317,83.28217958482809,81.2396770328856,82.7760769613791,85.15706544423037,87.973225929827,91.99571003418143,88.9023117946451,88.74055928079136,80.41481078775305
Simulation,474,61.25891783694073,67.83831954270158,63.936672746698626,68.92613393405924,73.23661994581546,82.56517013874527,85.91652034006198,86.28737095177775,93.04822140311103,90.93022132113195,88.70869035034835,89.0222421328943,91.49300394924926,88.34345021447655,85.18499143843077,76.19532520187634,77.45110885525304,73.98517401997086,83.2968911143972,76.75337839332309,77.08685393903617,80.82338758514756,82.71348788752854,74.10357910217195
Simulation,475,75.84230165843901,76.31497863752938,65.31937893089236,81.45573407503181,85.84405075474987,88.87745057979517,76.31617198137569,81.8548443394409,87.25114606543437,87.30975556772127,82.78311826646687,81.0877666900979,86.44188521429398,85.4867861140976,86.24939357111413,82.63354209624293,77.15241768617072,84.76159220638165,85.19748057515659,87.90779817065895,87.66811920893835,80.18433594711213,82.64079436427626,71.399706858348
Simulation,476,79.869915170587,77.21580828090273,73.70275627815806,78.08046475923759,84.57961501924407,88.11177002170362,87.53321960732403,89.82471971667923,94.47130403998948,92.9674038083249,90.12482632318599,92.43424331280818,88.58509867933165,87.10951343043651,83.7617875690131,74.57116048247623,75.42035978637585,81.01276973435687,85.05400128333261,86.30873351664982,86.22652018504007,81.8406521920327,84.05333186104696,71.80359949615438
Simulation,477,76.78730821062787,75.80122817921864,75.23515167096241,80.80928671361738,82.12552244594876,85.78413965888865,83.43880441537569,91.23614112186984,93.95136989246517,92.56894903227935,90.87797091402727,91.63229311945422,94.68874986908048,93.90543998504857,92.80802551691235,90.82004538433573,85.3314765193773,85.6819015997903,79.20980081282147,82.43941287635471,87.31795365063499,79.83210117150043,82.82079540070028,73.4021354801562
Simulation,478,80.35049931758562,81.8681173951958,82.4244472212901,89.0420275512189,85.15948791296871,89.29378644025286,87.1223132026163,89.97683229391838,94.22933513573722,93.17487019771431,93.96332407641907,93.36132045307293,93.47530554570807,87.62919548568001,89.72480774237653,87.75358872269324,84.79001851071054,83.10131469684146,84.07023786243951,82.28664029091833,87.41043667695915,82.12720757551266,86.02214459195464,74.10812231399191
Simulation,479,80.90898601507362,82.75067271533143,78.8236641638351,83.1908505025817,84.8172869803781,86.30546880804097,86.40752684567498,88.44995908265432,91.80591183697709,90.79651143495484,90.12467215818236,88.0919370424985,87.01554178781848,86.82599227454112,90.22536464423466,90.18415508977628,81.0986645720362,77.18093772122327,82.32389921689408,86.76975528833128,83.50971597386985,79.49467094288133,83.95781117379147,73.55591997240008
Simulation,480,77.49438292627954,79.30698006791454,74.79838772093595,81.32259560734957,87.1631995333024,85.81366653624477,86.57376142699036,92.27249707005093,94.52941473096458,92.66679467877019,91.7663192488878,92.67445015563463,93.91313263473664,89.60293576258692,86.56652359032651,83.28194249227771,80.83594342830955,85.67888464466809,81.47500390471286,87.12789921920943,83.3172979257946,75.7368951100277,82.05695000951513,73.19624340789898
Simulation,481,90.96363302293263,85.94162554400395,79.53033623917358,82.8679397481566,76.01131290517495,84.88377558276227,86.80976897619874,86.8543026234831,87.2343909617343,89.02875272291244,87.64586872190557,86.44769250825648,90.24865212058378,87.37361442849232,91.31604781981383,86.46052304246292,84.50656483710519,81.04714013894467,84.16432314656066,78.094563842585,71.7651386912495,70.03025279835944,70.38947888926805,61.793764029226544
Simulation,482,77.67897004107854,68.41930343661261,61.25580673257599,74.43289781800853,77.81157192026079,84.09430838797452,84.46476667305383,93.63707461391142,93.41514293625191,93.70168748807527,91.94721372808898,94.3406115708524,94.65354424143916,93.83972283504922,93.51764551129577,90.35847924463889,82.41122260287057,83.56826738656365,83.35605427780368,82.26819268102379,81.0063988823968,83.07294292418102,83.86823981501425,73.6390335484255
Simulation,483,73.04602691879334,68.12270723158791,67.74990124934601,69.5472099715008,76.1547186448374,86.57286029596634,87.67494950111784,86.12156993966512,89.54824256353305,89.88030889514629,88.33757091980772,88.89732142350432,90.57967423007807,89.26836921872196,89.18370635260374,82.396607484128,70.45796372621479,84.69835651564873,80.91864362386684,85.73162842012451,89.06462832747096,81.87720983716883,82.73847976996947,72.71741660549262
Simulation,484,58.13063302002406,64.50032297879136,53.79666738320829,71.59392335536921,83.9970943292282,84.74513409455261,78.17699955142935,77.71093584215167,89.40601212626036,90.64928242265935,87.35235366314778,85.74383527960967,85.72481151759537,84.93990724717096,88.6200975402248,88.7500396218726,80.66119373614035,77.75450891858016,74.38480852308957,83.95688248418242,84.67267826702367,81.04598213444935,84.14233085252042,74.03528968011796
Simulation,485,83.87518449598576,80.14485505330744,76.3852166684166,83.18710832161904,85.27642777617693,77.02672655810477,86.54483342025563,87.78117151529585,93.49164944630252,90.47047068135707,90.28481158959148,93.15311093991815,89.2835893612909,89.05846197263493,87.51489481334212,81.34926728219985,81.49032536610966,80.1011083426232,83.23561878625733,85.30369577527861,84.14058809443799,71.58614158140293,76.41629497477588,57.55617422155713
Simulation,486,79.79019231552678,76.72806462557996,78.24415416564291,81.08067460854647,84.58991818079333,86.38971498503399,86.5072270014945,87.2590280804371,93.5293375757593,92.8331811190313,91.60111177055197,90.8422270750343,90.09460092961578,89.43690058334299,88.7493369187499,84.8908762849436,79.49858500547045,84.25899874492825,84.28278159059778,85.71164622307165,77.48026310763038,79.10013525217865,70.33730091837339,70.0228836016423
Simulation,487,73.57428901239342,80.94783202646231,79.65676238130972,86.7467852279517,89.80691995708592,85.62985417192475,83.57680187835595,82.02469653996891,88.643492373385,89.57908763391535,88.55863215044508,83.1191555921915,83.0493207729694,80.42665469213745,85.40327550194806,82.76379544331574,80.21241176306563,84.48840514272985,81.38866289218257,76.4409330153436,68.97501909550542,66.97070865064453,70.19542637626262,63.75718193546028
Simulation,488,76.77215661199025,79.76480916559248,75.54541573151394,82.07073762779997,84.64726278579869,84.48932217775608,85.65561104427353,84.5105332186267,88.01025083309052,90.83963736228705,90.39771616843413,87.20370749187916,86.98139877991368,86.39887131550233,87.42313247483611,85.7644473541228,82.32696355631408,84.73277004959951,84.41194074837595,88.98759133927922,88.14818638839988,81.6583126287791,85.85778176426561,78.41038152372161
Simulation,489,77.30306104949581,82.67371892721344,81.74185094953657,87.22973706663149,86.51381276669558,88.31593092404408,89.40055457665106,90.73952600975946,91.36188981923449,89.86760165513705,87.69676226360353,91.97002526477054,89.82350369887499,88.47439508980408,89.98443437192476,84.29021179804477,75.26311809168844,80.94150431070815,85.29010821883391,86.0972735848878,75.4343555527223,72.50669116784748,68.53842051510821,70.93701745928477
Simulation,490,76.1614065839787,77.80188922337328,71.35358885755386,75.92191374038332,74.59318954120248,76.3603826258852,75.22446136729137,87.26772513524543,91.98520851388085,93.02483942828971,92.6120776071918,93.32313370153182,94.5522100868083,93.99273264496713,91.27972610506548,89.18841323949292,83.42671923415139,85.25764836123169,83.55548176492123,82.89061362434109,86.27548755365802,81.3803465107185,83.6700888104757,74.43242008768503
Simulation,491,68.5597888685062,67.82304437091183,64.91791772739995,68.87491081232268,77.41228576738784,86.92933587838509,85.93293639057761,87.20839015762574,90.30678167270379,90.45740610126937,90.1618306985015,90.65534988327845,90.81837690982184,90.47022029006274,89.48494777538039,86.63314845237264,79.27118326863003,85.88773775128206,84.4424496144295,87.12878375656598,87.90813442715906,84.4732661346962,78.61720858518716,65.91998913521391
Simulation,492,73.09660749359512,75.21600172159037,72.83053122337168,78.93886016596419,82.50450655435465,86.16565021700673,85.33581130370203,86.42565873204545,88.1242614803758,88.0896099824434,87.65070610563443,86.38104934901591,87.81840690439185,87.37257277554895,86.51722977482376,82.59648873468244,83.59690002948756,86.40875555725839,85.98805281236868,88.09914211368367,87.53240722633917,83.28328508255724,85.59112751758555,78.7529103954802
Simulation,493,81.07051988185107,80.03644817649563,75.31277589174147,83.6320690993969,85.54747288030103,85.23807557003884,76.44738012341804,85.32488382327305,91.91149454833723,89.10703861563185,87.286710422485,89.64975314395377,87.24679070035137,87.42899479643471,89.3358590703171,86.97685719947557,83.12011830972837,85.611747718718,84.0703633346636,88.70788268941854,89.37744324389163,85.44001425713712,87.68543529324185,73.81809531883187
Simulation,494,80.85605910365348,82.711055225289,79.63415406865639,78.31858238722958,85.15969299750292,86.84693830779715,83.78225170191143,86.52189812486783,86.47784350300613,90.71341129898454,87.12264872295944,88.14887455249631,93.29665552676114,88.57685225274618,86.57964997365328,83.84014777642446,82.32858865357801,86.47744018423475,85.24007083903534,88.93505180902307,88.4264507622916,85.30047830615106,89.42835192119924,77.78678317673975
Simulation,495,75.06083742806734,76.90679662229456,71.75556042313175,76.22455955785367,82.22196906657881,85.81166510792804,84.80006388084276,85.32725388579377,88.09529704543803,87.68064150978753,88.9787990165329,92.70269682763657,90.46621416468119,90.50350760192389,86.80171909546686,86.4640283700389,81.16763281014619,78.08371757322722,74.38444030054147,74.23307639706394,79.01480173659692,76.15339005756498,76.5976738288831,63.83398597257725
Simulation,496,72.99846360608377,70.74246623724581,74.51082023346333,82.92365693068842,87.1625378851883,85.18038241785783,84.83460643406063,84.70344142255266,86.34138182538452,87.19944289331758,85.41973971651284,87.88586394460701,90.03491572318032,87.4608246325941,88.28992901409815,87.56391784881015,81.29121973954483,84.61286820356901,85.29019704977786,86.75294561276412,83.58929891700414,68.52866022604188,81.80648976467404,72.46834441362273
Simulation,497,79.39152818436527,78.87549476663946,80.11761448700496,84.2904448541282,89.85218197762492,90.76336705681771,88.96597626940905,90.54435404705339,91.66581791902593,90.15027646263965,89.9493265968758,88.82295679808189,90.36855595489723,91.12369115141098,91.6949191976763,88.40627788356663,81.41872003428949,82.24899062976564,84.32518580403648,85.98714406508383,86.42232708391691,83.49110271248361,84.04806882211919,72.0412915153467
Simulation,498,77.5170172155629,74.28373440185709,73.31658774175801,70.48749774691595,72.02540506924993,75.283283966589,88.27856974330805,89.2393744549681,92.26729101334111,94.5654064723629,92.47882237906481,91.68426092230872,90.61215540898574,90.31844862973051,85.6705518126481,83.01957257969153,77.46961248717365,83.90999400621259,86.99827092235574,86.78762055233452,88.90842390537162,84.74201706728485,85.13828316287479,76.00654547324112
Simulation,499,77.27734526942136,75.91904306873752,75.84085788402736,75.88591159167704,83.24659160192374,86.14398241768194,77.8325910872927,84.56650671791364,89.7597464553223,89.10698931630849,89.53000986646053,89.46961466548848,88.37614650592903,88.74137665120085,88.51455362983141,78.33512598658115,77.36513409478391,80.07436750926817,79.6222538010062,85.33058620792153,86.1034494692316,78.66789158279528,81.95335385335487,73.31472274002589
Simulation,500,79.88376992718267,78.82906325264497,73.26247834345855,73.47272135691787,76.69618817432804,83.15222528455841,83.00138327026957,86.69348903833735,87.1517159790954,89.53822439411502,86.43469673593668,91.7939040960576,90.68329632013322,90.14815508856213,86.48692666337503,86.30164974711775,83.582444703012,72.9920159612793,77.63784217770782,84.68627039573312,83.92485976433801,77.20424240699593,81.04027250283298,75.0406470934119
Simulation,501,81.94923100553632,77.83781895932032,72.61428669222458,68.43152622057575,72.29248355119823,75.90306670630683,74.57237868447494,85.75491946521369,87.24943628194943,89.30567458317215,87.6795137643168,89.82355017436693,92.24763361308767,91.74115991468692,86.43577792814976,85.7144007405474,75.10472721053684,70.82681308006836,69.76229730523099,73.56049986850364,82.45790318576672,75.29287753522634,79.45867120010439,68.40004800496538
Simulation,502,78.84959972376402,81.21571065857155,78.97848575696106,84.58349685232972,88.1339677968081,88.26750754425096,86.75318491082105,89.65368836145434,93.49172983853633,92.17194296691424,92.30207600979998,91.85064540558402,89.65541994353275,88.06427911922265,90.36867667328073,83.98634419117631,79.50008417411352,78.47813447791015,83.61694775857373,80.17683236385838,85.51344311063501,84.68466006151743,88.66194737352993,76.2573429898587
Simulation,503,81.5793586392372,81.03975677176362,77.71406137959191,85.7482075689853,88.61976106953071,88.63517804194537,86.03050929505943,88.08635828300966,90.00610099673266,88.57269728997372,86.03378071664726,82.14599581628653,86.35687593559015,86.30498437893505,87.02781481247254,91.46486924443916,77.17858777610948,84.05544177676792,84.28876629267742,86.3862156100044,87.86453633252198,86.28420281359476,85.91829752518893,76.25556951275559
Simulation,504,70.94256735417133,70.95181120963109,71.42937936371061,73.07688579006467,73.16370695089084,76.52487692106314,79.51978714033518,83.0824591437011,87.00565287001942,86.19568559690474,81.72958271545333,83.81746422572523,86.63798017148584,86.04513208902748,86.60653989460624,86.45263255839912,71.19436702142312,80.34602445321174,81.11372780851931,87.9881323521478,86.86255524904237,77.1196873325068,83.81401156165134,75.85687462173163
Simulation,505,82.1031478856084,80.1149270307777,76.88775226111353,79.19095894871938,80.89474629838219,86.33891727615476,84.80411522807017,86.43161604625183,91.54026149801469,89.57648816508265,88.90524604991187,89.32758396813358,89.63626869326741,89.57007592878223,89.64071074571694,79.094747425453,80.41480219626371,84.4002795790885,81.93554227130235,87.06004770943508,77.5803001064286,84.17340327331428,85.92019735597461,73.82062291457711
Simulation,506,76.06755383155887,75.94987713818531,74.75243797675583,80.7328922830606,85.60740397035092,84.0998783937602,85.32043069505359,86.29819576667897,92.59113255422501,88.44446318294726,88.11419963867719,86.50012030961751,87.71604406128738,85.72986007783365,88.97527884708875,84.29220184267298,81.2885005186373,86.70417778375331,88.08486464687874,88.83810028308066,86.21220222224702,82.34709058451092,82.28760845916236,72.90282839991019
Simulation,507,79.46788855226308,76.24418683265687,68.46089249078791,71.61818509502181,75.29376028359552,76.98662874255595,85.1265002374347,91.65934109494846,93.07596574181056,91.2592769046955,88.47658711379081,88.04986065481432,86.16658156222151,76.86354808658962,82.93302885737685,74.5801102455354,71.65728175543556,75.19784037314945,80.91170088971467,85.09773279367889,77.09599579478761,82.49401943540326,84.68279113717276,75.13266446072899
Simulation,508,78.10954935746071,79.92772163758026,83.108303148918,87.74582841508901,87.39315430940813,90.48342078465706,91.39627025889399,89.98226714692991,93.0529267898139,93.48600435622178,91.29551298296687,87.20585109388918,90.04316492999756,85.97171870908402,87.91239430555295,86.9337134798412,75.4338987833195,72.99203463756022,68.0303398850933,70.24261627799675,69.76352998364376,65.20361424165279,68.78661024301752,64.46264610126647
Simulation,509,81.05865750013106,74.29785510730402,77.49969809270937,86.03734102939478,86.54234907847379,87.77803015785258,82.9177865697435,85.13271490308253,85.0380929589467,85.28240509223733,86.2393874497281,91.49429577368629,91.02987057575349,89.75247827877845,92.76021478704264,88.00788124063483,83.48660848917565,84.39992645070664,86.39404936843287,88.87460514012122,88.87805724665064,84.16406206802974,89.03267510775369,78.17934141574051
Simulation,510,76.49469385081463,78.40729325043613,78.262208963495,85.24081392317916,88.46838700518668,91.24171104825945,88.74024320778675,87.47598019454479,89.51382713039867,89.57745529539801,87.10498578121489,88.56654194433621,91.45813552965947,88.14176957422869,85.76624611847144,84.08198575700037,80.22468497724603,81.44496950728325,84.07051796339711,82.04081275544367,73.386124993567,68.48031423703732,80.97137274790897,68.0002456179207
Simulation,511,81.07616046862111,82.0990341932478,82.79691017518832,86.68960183872113,88.13048422872649,86.74574402020988,85.02460502679239,90.43706091017606,92.46686300435725,92.09063735023685,89.16320567083116,90.2397710479928,91.79894106281172,88.72160284864844,87.97256474194714,82.32362556389249,75.77742224328667,78.51627227516128,82.70016815608281,87.81851968239232,83.82110067070948,82.50487943185546,81.76085150839283,74.29831335498666
Simulation,512,75.36993198446805,73.75644865298355,76.639768659468,82.47776571763708,86.3732239459569,89.36266823921717,86.20335081968625,91.33117769319351,91.98356403054872,93.4474576233392,90.87383846540038,88.7751925730654,89.45346220315112,88.71442294654966,86.92460158716105,83.7729974085633,70.19035215755497,70.07457314448448,70.93836080235002,75.06041106005097,76.16692212986204,68.12957683123551,78.91019164283485,74.30404500804863
Simulation,513,71.61254187414251,69.13169730407405,61.68287154992863,67.32509781768577,75.21298522439625,77.47893230308412,85.42588307425903,88.37296032580481,94.21703184177112,91.06165839091682,88.2256985804444,91.01249429469861,90.51008622103632,89.37777157006283,86.56490693931345,82.62982633988092,81.82917971094363,81.4441504173483,81.52803456838551,86.61259358358022,85.01946672700751,82.58041534222158,82.32786779651423,72.69527285658617
Simulation,514,80.41298558842519,79.12630403609754,78.84516086811038,82.46518841476222,87.05904990708483,86.80618296441166,83.97671343863166,76.72387933133847,87.44059593237829,88.92554500421285,91.99226112004153,91.0359874383407,90.83906400271037,86.85990047067634,89.08319155706305,81.22416612733666,72.014279237182,81.46556195672856,86.62654098954492,88.92800321754267,89.54900112722218,84.15249776835853,83.41836685935351,74.32597393025095
Simulation,515,80.71929897257434,80.87206082933498,81.47092672242113,88.461062078801,86.19737506108679,86.96297421264764,85.9754123695198,88.0472390088446,88.57572070510119,88.10670611527236,87.50360427142031,88.95597214392559,92.77471494753146,89.99218293646567,88.45796092618089,87.52206770539522,82.48611842620616,80.88540050404745,76.2843221825957,82.64559416042391,83.0718629877768,64.07449187616518,67.75288691599316,64.47313185963542
Simulation,516,83.61114458562776,84.96269691665921,80.00435046731045,88.8876354237185,86.13041301135075,87.24375861611597,84.40673098733724,89.85331037289254,92.74356991387269,92.57488517945306,92.19098832015865,88.90123249782636,89.54570606496533,88.09452270166162,86.58195562516245,84.73864100709422,66.88743978706857,73.4836180724514,84.44050434906327,83.06621069355253,88.86895032566532,75.60935759127001,80.49660230282639,67.65739199536517
Simulation,517,79.6177471493882,82.45682406164062,74.51509029911514,81.86104199673925,86.02297293310278,88.81100796119811,85.02384990892112,88.64922861730302,90.5645999504771,89.12151031453207,93.41600909625261,90.20997979093507,90.8978505619802,80.32031382473106,87.79620097099557,85.66776192614823,77.46647039366013,77.66443557944064,82.62381155434343,84.54994803588606,76.19227666292238,73.7490821644079,77.53014221354503,67.86168912966144
Simulation,518,78.76928073476373,76.85680376179836,78.78518216695903,82.63656263336708,81.76119274552701,87.2696538051956,87.82085898576801,88.81942578816927,87.63818235161837,90.4416276160518,91.63904000989729,91.9626005554223,93.66064020133157,88.33355678414159,87.19378535409348,82.31695784668318,75.74719618071781,72.80684787034187,83.69908437135483,87.21067422541843,91.54071011327922,87.8194154932756,91.3156108289534,77.4789998709137
Simulation,519,85.08361573623012,89.82942358990658,83.60571285342265,89.21714805618375,85.61052880673961,89.0507463954432,86.58288431307483,90.00886168221547,92.75004535971155,94.58214287711755,94.69492322969688,91.73383712096766,89.92244859087985,86.05894549757699,91.11237437123486,86.76865390261126,78.16882966216383,72.81942575366693,82.62491435371003,80.88444622085898,72.9936277740367,63.89823739595018,68.46015451998935,63.62173770759652
Simulation,520,80.54971785199642,79.07593782970253,81.66746432515805,87.99596005407386,86.1666664598767,90.12844035593515,91.77450230675605,91.29565812311832,91.75686748997562,90.11115027843215,89.77277135560337,88.15626352163606,90.21312034389247,89.90168974640423,86.68111485542907,87.23785209187119,79.56000657325146,81.84501709594271,77.59124050893301,80.85187268282112,76.94969676247243,72.39450216497673,73.57925949889646,69.2671116457665
Simulation,521,75.95897648990422,74.20932052954706,68.45944056700486,77.39239965942112,77.8254336786377,86.94956865873533,87.94512740337008,91.18399175322179,91.870328863266,92.53092242968431,95.37881158689379,95.1148117786307,93.57525359571818,93.99707730183351,92.34598280268648,91.8790293178117,85.5732551779139,86.45941484575545,86.67854556911703,90.3838286559943,89.23902710261682,87.25129096755283,84.87898836184979,73.67588597162873
Simulation,522,82.69531227895831,82.10216953564787,80.42897560492382,84.09921629242353,85.33389798968993,88.9767288141906,90.25445520570648,92.1481637794885,94.5454824671761,93.52558813561187,91.79098729937847,92.69550621140783,89.99048767047674,88.32946577175767,88.2331934302164,77.40385838349138,74.37285045420366,75.86530265285396,78.94903790778285,80.27440444085697,82.96742523229891,75.42046149158041,80.99893382165718,70.35384430960866
Simulation,523,81.06279669807063,85.59807406353868,83.10822313698807,92.24799340402133,92.59415478119614,92.81564692746043,94.1211166894427,94.56989913479148,94.81386889775658,94.66083129638633,93.71568309362239,92.11074519066914,95.0495792876222,94.83910672994013,89.90707479451633,88.54118339456372,84.64380184888171,85.14461016729555,85.48751156377239,84.73947162329176,84.06419580775207,82.4057256931022,85.04361046243564,76.66839748232687
Simulation,524,83.49451711167995,85.12444173522223,80.00876763860602,86.73165518199227,87.71972890946311,88.69704974107174,85.6030778204678,87.5911341994161,88.12518792868863,91.0569450935875,90.20704999975666,91.45640208354278,90.0339636918225,86.99723693683487,86.57801800900357,78.46680947488626,69.22485275289132,71.94029420806844,76.08067046090387,76.35123206332123,82.48533681402476,80.45061131609269,84.3346203772081,71.37738691959404
Simulation,525,77.9104911880039,78.23541431789207,78.29353509345297,79.61054234348583,81.77790671944226,80.40708143494415,82.51337248669188,86.79550830621656,88.33250856960132,90.18524990803753,89.30589483316604,90.629237592104,89.98677103061436,86.94168470824222,89.6288609005044,85.19289814055978,80.00295704231324,71.3355667419511,68.00261063189305,75.07576851757364,85.14707195103115,77.92893418101798,79.45934346944064,58.94763786714445
Simulation,526,67.29817598690217,76.9510568742355,79.16252436375407,84.37472214236637,87.81992397396472,87.56432188791895,86.8264472813274,88.71058157622302,90.90639002948657,91.82049305663567,87.8974830272012,92.2536973246585,94.45381591000668,90.8583108016007,90.00417332490136,87.76094804706467,72.84937449078856,70.83801065707196,77.00875354040005,74.2061747765667,70.8895661675695,61.041285890119966,67.98934918324727,54.58838094932737
Simulation,527,82.10766571289594,86.15715100520255,83.64641392412248,88.11793645145934,85.61616093352652,88.89012432962345,88.76842931991152,91.84883843206362,90.61084459596165,91.88130627682533,91.32182820472252,87.34705332284939,87.80240096196555,91.11327848426541,89.18232853004723,84.9187440642344,83.83093959307877,82.67095666819276,82.0664302234694,89.24940511993722,90.43875826271255,84.9050611463374,87.1449385960051,75.20886735013151
Simulation,528,87.99442443683606,84.8794592174702,80.76669815572964,87.53172547636748,89.61527016584321,91.31726102123167,92.72841666680871,93.6401895017349,93.8544546256876,92.23827171342501,89.01785446123503,88.09217529423763,87.30520238904407,86.68663584922405,89.98351612392179,88.80004301590972,83.12972362100237,85.72013276060841,86.49064147813456,87.05257741629627,84.67265434517078,80.22103191210537,78.94354450582442,70.7787086614719
Simulation,529,69.69756859556244,72.93344299771744,73.89663970994559,70.37227851006305,77.61925280585075,72.36383181353868,71.34878104334727,85.4182314146144,90.17822853061027,92.95529737050694,89.0956226274928,91.49247126911301,94.35115716433258,93.67611339959561,93.3474428667081,92.7222255199049,84.7989566208701,84.23891595966636,76.00041634008058,79.07304226470472,75.41169930462009,70.25103952777899,76.21817512623653,62.24115649195944
Simulation,530,63.13624432889917,63.378311133669214,50.33259423438311,68.40732367546707,81.3984830647169,84.88411113193044,85.39472614474181,87.63064883164239,90.38999469107901,92.55668629529644,90.54930400664979,92.42006606103232,90.98168690616949,93.57741545934353,92.19050088546824,86.70810971948444,78.1388164566151,79.29189427656644,74.00050694045495,82.69463152288027,84.35477254997099,84.07680039885629,86.22077025948128,77.58351815114516
Simulation,531,82.55926940718494,87.76826986187001,85.6438972167063,88.9567431158313,87.19193948407116,87.76182406427878,86.54118644761829,88.62906201536117,87.06276725297164,86.39551333485446,81.05333976404808,83.36267910335052,88.44947574879171,86.38976639144178,86.36464213043513,81.56600366938848,71.20712416981738,73.05642253742074,82.96083885699367,85.74066567963676,87.00848754383298,80.82949572362456,81.71826473674896,70.09355350622161
Simulation,532,79.76585403879155,78.46898586779108,77.28248195074237,83.53150433445741,86.8841916958942,87.50417827700369,85.80525371632775,90.90623375571485,94.11654784823838,93.93904386480497,90.51461544695125,92.68323894642168,93.96157663747634,91.36236748676423,92.06747588117614,88.18254890109361,88.84613053537402,91.09136515111925,90.67984269860904,91.57694307576784,92.82242645472775,87.70338126310364,79.91825740541174,70.29874640519505
Simulation,533,66.32170191031118,72.88905692930386,74.31270328674626,75.18355892367907,82.29906731405208,84.17775768579733,84.55216082648374,82.97098630076131,87.92865225427013,89.97307808151183,88.42800845707293,87.86970202971364,92.59481861886326,90.94472348482788,88.29003052030644,85.64201856821957,76.443555278465,80.04834912579082,80.80299768700186,82.18083511779143,83.55561468284358,75.66863276909608,77.98746212680737,74.10341665409777
Simulation,534,75.42317346169322,79.94964131459228,76.30373110515173,83.00518556837487,82.06969411986216,85.46144305252145,77.43929765711802,85.3268808894402,88.64205151854753,83.91595243815907,86.5839197892073,86.70681520853172,87.95811338484303,88.55286764542542,87.9098786141692,85.22460275391977,75.44828639754967,83.25697180955089,78.91267553732453,87.5419233067062,89.84376627542213,84.40746677538571,77.62350280284153,58.97166988915212
Simulation,535,70.57649407017158,78.80702413643385,75.44255914757548,76.45140730014913,82.61498512547533,86.61714789615029,77.09460493003428,83.13050847424566,86.39373981972071,88.82935255667151,90.16199469942016,85.63721249273367,83.70821714572618,84.86135844877037,85.9205660320083,83.77183344987088,75.50618987659233,75.90980114204162,71.90654489712571,72.94563522208706,73.36577968825128,60.98613888434354,70.38967121803297,64.46651485942583
Simulation,536,79.54754157571345,74.8015902495305,76.33496492642223,78.13128050109738,85.44330611946424,88.08703952344995,87.43410238793278,88.96425850927344,92.10737773477688,92.44306644220202,89.09704806362295,89.11134572169138,93.72701987792367,89.80173845323557,92.3033117478702,88.47836284725139,87.75386399864237,86.34337849286415,84.02926347820743,84.6807374296463,86.96220436649692,81.62809065195115,85.84498409867837,75.99396977529018
Simulation,537,80.33400384558843,81.84622604510514,79.63225493389513,83.94465392929669,79.07810576875174,86.72585672514677,83.77291501807814,83.91869201243776,89.14800254238237,90.73393963757695,91.18804224097809,88.20331419144594,87.51440551198654,88.14271828009194,87.81022570225728,90.14722534124783,86.93114424478563,87.5664435733876,88.17234978137175,89.04586279478255,85.8736526634802,79.55652735761731,83.09864130688393,73.79149357012831
Simulation,538,82.13748769362587,80.51051664037854,75.05584678596169,81.08342960257167,83.20016050661042,81.90971985369714,85.72072698769625,87.16798800846543,91.75099609623156,86.76493352050558,81.71963622110873,78.42490765883329,84.59924352838256,76.92278579628216,87.42517858424445,87.41213483828435,82.66284755114418,83.75162692609658,83.03945762559863,84.55856732854947,84.14948837330965,82.23883978777029,83.5565631977823,67.8556548410472
Simulation,539,74.27415621448469,72.38588301337285,76.8476741754733,85.96930618315778,88.81286435166798,85.83193195055615,81.47668734920099,88.82280139202054,93.40094175454263,93.59419047484738,92.95260212273993,89.93638697390604,89.99459815160596,86.82186560188904,87.88202345815186,87.20053483906372,85.38383004245628,83.04945091064087,82.97214965486924,74.19638822841307,76.84424572601911,68.5655107226687,78.07982868483592,70.05931502569697
Simulation,540,66.64265549050478,65.54686309291446,68.20848748709429,79.60124465558127,79.91273531364766,78.00626001715781,85.40349508022118,84.45070131618462,89.00072656911756,91.01286343461099,88.29693481237321,87.8279092586686,86.16991454566065,86.92807840448752,89.36107131480887,86.94174802074284,80.52998359586563,83.5511023560085,83.6999099719654,84.7070253145492,82.79924464679112,82.34575214436254,72.56177857557147,71.18965403318651
Simulation,541,81.15068652013571,80.32174788093515,79.54604094659595,85.71754859265835,84.94657231904726,89.66673595852694,89.47433761838336,87.84838530521581,92.69088851957824,93.48617700226941,93.4446150347811,93.5994269226524,92.7314842163591,93.0441202624506,91.48382227746825,86.96859032017808,69.13766902264277,79.42372065858626,80.50839913498547,83.3206237231379,75.68077756437071,70.15080538541567,65.89499784720986,61.66232121002699
Simulation,542,79.02680165142655,78.83112170687549,75.15388239947683,79.75680267594595,83.55200172345411,84.98636069598217,84.66733983395831,87.91685718903418,89.49544970306357,89.83028088981884,86.72142491270714,89.02117306622299,87.76943645731498,88.2505417092628,92.3815447740044,91.14181547589813,87.24065474722946,87.26343052167084,87.64320165718982,90.86956840417771,90.63009403441242,85.86954734013875,82.73600720494704,74.10146283189113
Simulation,543,81.9415150442764,81.65430345890428,81.41305904651037,89.91362906921296,92.32728764747483,92.0923762373773,92.60871607657364,91.98387230199533,93.74446350804472,94.85845560103266,92.99090432363451,89.43477266837368,91.60684580138644,87.68563490007372,89.54598450159008,87.46880702238091,82.34201093898429,82.04593805600817,84.05334528122805,84.71776377020825,83.82902069045555,79.8931898575641,82.37733292943655,67.22964384348825
Simulation,544,67.35821701786956,68.9587155345006,65.69716465154994,77.68565272256865,85.3031883981265,87.57731326416707,87.03725624979094,88.92502692842581,88.26477262937783,87.77645139871947,87.32241523080731,87.90150153122795,87.32484140924757,88.87926735511512,89.645192634038,88.19765700098283,81.39130702535742,80.99511621631768,77.14042506304247,84.87232318427222,81.41998594286342,80.24761626044767,78.53965211366658,69.05679411238984
Simulation,545,78.25579688256269,76.98481658951657,75.4657008141029,78.01101959317623,84.47544857739,84.7793313755988,75.05751866800664,77.84064341404343,88.13203660260521,87.6729688374224,83.19606748687065,77.6056847887731,81.56838036895779,85.73212090387496,84.99429765246552,79.83878688259287,68.46580315442651,76.82824569719875,80.53898858596833,84.13290096184762,83.31062064515253,68.36872483430126,66.02012538002319,69.15842926820463
Simulation,546,69.69863103907215,68.29651841274031,75.73970369538256,78.0098619340947,85.94790148133117,85.78287059138077,85.05865072712875,85.19258059838383,86.95621204693434,87.66708652006446,91.45401315444735,89.13166577770387,86.30561057792535,88.34128451791501,89.50180324406429,91.29257911808658,87.42586250240514,86.7980775990884,87.71514992141319,88.18863670396055,86.98790918290544,81.15288119914871,79.19435683598172,72.87632338894116
Simulation,547,79.50851634415862,82.27531009622183,81.61001098872454,89.06079911687213,86.3784429705598,86.502672709384,87.93089118094974,91.03976749175317,93.05239313503245,94.73468935995663,92.02800790991976,91.35806220476476,92.17304481923158,88.37854174044695,91.76889150556185,89.4163172961997,84.62681441166664,85.52328845705078,84.05383324548856,86.57573285350722,86.20222457227776,84.4213526350536,86.16312473951629,71.99379485531148
Simulation,548,79.96915709402408,78.6283931166571,72.435045137412,79.04415379640238,84.9774271701603,85.44186412128775,88.28203001142529,90.07654812011856,91.27860719836922,92.9033386224979,89.12078391019227,91.79270561602209,94.80848680413813,91.87443672259779,89.7854317513135,89.48522841421085,83.5944966728747,87.6159031508116,84.4193404649833,92.22328156426968,92.69519929085135,82.9245766757933,88.83178352878195,75.80686360679013
Simulation,549,78.12287599902986,81.80966893022773,81.11205249949498,85.95605230677822,89.13700492081807,88.58591321455951,89.86626310341981,90.43680222327399,93.42372520837954,93.79469268123522,94.12299051806647,92.19616504295867,91.59930761198451,87.17795348287937,86.73991803607052,85.81168783922666,80.92147612379392,72.99200792129254,84.30915882452256,87.84003985803777,83.33586564669423,81.63299917698201,81.01464108774076,74.81989652826329
Simulation,550,77.01034226108794,76.69806400166587,77.57331254957685,86.06180897488333,89.96256859415212,89.45626915792865,90.32560028299129,92.10234579104119,95.10425598905388,93.90357499932094,91.151912292273,89.75765197267984,91.63791157697923,87.06139742858497,89.88892345399205,86.31385488709006,75.51277134781066,79.95711307946783,82.60711687785255,80.45480746299997,75.24058787823216,67.91830231403338,77.27630607350602,58.139061947694415
Simulation,551,73.56737846164626,73.13371940227515,72.64414422800527,84.61295431281171,87.80884368233124,89.31280822882444,90.83650583036717,94.37128278440244,94.39614700117377,93.91453076710175,91.2777783339782,89.42652810904539,90.37838604264212,87.72731554729391,89.63619075104513,88.38985523009251,84.74198410826318,83.92529371694236,83.73760519227581,83.18779379960091,82.46467397256922,68.58158131485999,67.74234188524406,64.01492575081014
Simulation,552,82.68596215537491,82.12209777386265,78.2632132339432,81.8088033554745,84.37259411289048,88.13271628731856,88.87348073546019,90.22672557715848,93.04084528018413,93.83091873025086,93.29717673801406,93.32727108283588,92.80899531300916,90.52640063503512,92.14404910551504,91.87764660351837,87.29217345081085,84.37292578029775,88.18050676589229,89.84479526307672,88.89042980225766,83.30997209914318,86.01881081854147,73.34444187616155
Simulation,553,80.84970063320841,64.15891434023293,67.99047010476656,74.44512938426979,87.26606387820804,86.96096080060931,84.40174939847452,86.47616147942954,92.31377950122717,93.88483102952713,89.23212793926254,89.66367490785453,94.3761526416042,92.19291526038467,92.15820037587048,89.58301135858059,82.15625248670923,86.75171812219907,90.45611692834561,91.68617599023696,88.22611323077668,84.34636788220847,84.47333826998394,76.12643488900605
Simulation,554,81.93451560142492,81.62839671608977,80.04772273253172,87.57279072255605,87.15072690256946,91.27567682144792,89.06137584314264,90.49764163060493,93.35755863578419,93.04177160289456,91.90744924576289,86.21765235882107,86.52228803055577,85.7319989184322,87.2099464597718,86.39950977721932,70.86844434757319,82.06653318840236,78.61418909763093,89.63009102039089,86.48936050602228,83.5971870356555,73.26465408559919,66.18731323632392
Simulation,555,80.24768408524379,78.92852577308048,77.47196759865396,80.68334879125914,73.02068867487276,84.70754812713433,84.4025495455873,88.27582122876912,92.05371828560591,93.73200798587384,93.23259651779196,91.24425722233451,89.28870294634972,89.96319291397344,88.92919612514416,87.72340149498478,78.97603985119622,83.21754099522624,84.44219604971912,87.48653209743884,90.01375930162139,85.10865172257186,84.32688547757863,72.78613354010488
Simulation,556,82.26650258812671,78.25933762675666,79.63335589570072,85.11457603649434,85.93584368787768,86.33871228013784,87.05831258087775,83.36768938044258,85.98720227302542,86.75562833454619,81.69946763503634,81.89252110779508,88.72335953103371,86.45857869918379,87.78944014232665,85.85759794853803,81.87944900221771,82.50682844824587,83.8197590443831,88.16986988412376,86.87346240658574,84.37834601420958,85.01751442366636,77.46772568992168
Simulation,557,68.40782803618183,72.61473586117869,78.27246459807156,80.20891615064676,85.5538238108527,80.53700022637518,75.57358806332125,77.1483895051138,86.72748519511258,86.66674151286546,89.09718076576712,91.71845793962201,93.29157748229238,87.202952451015,89.04816798668169,88.23408158510307,82.46617615105654,83.77090436423629,79.9450174727488,84.31958080942631,85.87327631875289,85.28136091255324,86.21373083715541,73.79661224602793
Simulation,558,80.87302434420475,80.016069922568,77.28670683332209,84.2933794046864,87.25304580686192,89.27947892007712,88.75292086468056,90.40010405148674,91.82116544599589,93.98008756809249,94.39949858605654,93.16424270262056,94.85332588025707,91.69292957042941,92.36038015782077,89.72405558371594,86.93590323820762,83.76903862149518,84.07047547319961,84.83409336062972,85.3503231287619,81.2227724684815,82.31357927568483,71.92283817939241
Simulation,559,71.80291274637956,70.91109711873766,74.80637905665672,80.80896893848002,87.27386459703837,85.5368062106127,84.4017551702805,85.65574783403626,88.12617826392004,86.2319221693632,87.53829685738538,86.78392320554067,87.55423885377981,78.603451843765,78.50617461969095,71.08000742564549,67.77232207349235,83.79998282013423,82.27999493286762,86.01351226420083,87.28975515233323,83.76169262177784,84.54679763357093,79.60759347283135
Simulation,560,65.82536978023631,72.72539171929435,61.725651738821945,71.88310211442077,76.28586418530816,83.08657676055064,76.90045375529635,84.16749706360287,87.97019521442954,90.20841783771483,86.08490722282764,86.10395256059937,90.62116900983034,88.54882036877336,87.62891029189139,82.60212478777225,72.40891272595651,82.4569572154266,78.2677791912539,75.78450716549025,77.47777653602925,68.59003560273656,70.28887440640463,65.5345814372297
Simulation,561,53.05949968376896,61.95407952198859,66.83151370936808,73.47565290327773,85.07417520727537,85.88184188832275,85.56409578531581,87.28762261797098,90.34983647777982,88.21419915291612,89.32842783806308,86.19996209889695,90.4901698060016,85.46734208519526,87.78020391989132,84.81132932727903,81.3397617439437,86.45508884359408,88.08277638852687,87.6937132419853,88.44363516384789,81.72771138074518,83.12031554046676,71.06181826657472
Simulation,562,75.99283007670803,78.11158879374997,81.07916946108733,85.9827954028334,87.69599521628653,92.22468250582347,90.41032144720867,92.84152474684001,94.68111433725427,94.86120496716966,94.17094844837965,92.25256274953654,93.91283689979917,93.27422022497257,90.03793849079997,85.28222573754542,82.49369657287403,81.52129589079473,78.27017513888933,81.44697383106673,73.25316128146471,69.6780277580223,73.54607058113346,67.74241136185897
Simulation,563,81.57852055222268,76.94139197592247,71.41323041547726,78.70969898796093,88.35074789246652,88.99750050296764,91.80845294325508,91.82514692830964,91.5453675942646,92.07039444179485,92.83925955395011,91.36598457413965,90.02257097664338,87.12757827615773,86.2203919934241,79.18496792207976,81.21299096741511,81.56119914187644,71.15119432503683,81.0777868113264,83.92356978893667,70.98936716175737,71.52168782740644,66.49052178973709
Simulation,564,78.21424965681041,79.1106674165681,77.28134609949598,85.9115229932578,88.82469051000318,86.57232200976215,86.96548598267262,88.36229555324212,92.21044417302575,91.71115865258514,88.49261819528073,88.95693896894248,87.688364302828,87.99480618421448,91.09386824808139,86.69953483138387,82.5916375132969,84.83835242954547,89.62791530863916,89.8790810480582,89.50398590662265,87.1577573772978,85.15924030109974,70.73822411419023
Simulation,565,84.99265837245068,80.72314177638967,79.34833842942373,80.44545089360119,86.28903067305981,89.44002844152907,88.78340876052866,87.45826592400506,88.44744722466567,90.24897891778829,86.31405127578556,83.83909952694442,87.41569410912999,88.05979829850718,89.28962646893112,84.96447092768304,75.26215366829207,84.05698807180104,82.61811802836958,86.84314518955483,84.93030503566919,85.12165604967035,82.32867681689285,69.36073368408007
Simulation,566,80.36504159324875,76.78979406580386,77.05227676035022,87.21134803383163,91.02302173295831,89.66249052564784,91.27666482795904,92.83475886816629,90.30484905894572,91.9168640123446,92.93892595334555,92.20971930534489,92.89238501050487,91.84843737908373,89.89811868256349,84.25117922356493,84.68329580304818,84.61512003471516,85.9010771111771,88.12915662580498,88.4545055280177,82.5027418971957,82.6204129070695,73.78692195432205
Simulation,567,78.79941405788968,78.64360454014506,75.74773214497385,80.2093528293006,79.03513913696983,83.74533300163006,84.63585253268985,90.65036638248901,89.38913750738378,89.00034307333149,89.5223634703055,89.42504106152577,90.24218786873061,89.60146242093808,88.98885869272361,87.0357544678274,79.49737524741012,77.69157111888936,81.71078443498615,85.92845437771594,86.38889962448792,84.46099150569675,90.66052578558204,82.29064307048611
Simulation,568,76.19922543983638,78.09796717663038,76.88587505314528,75.07284825974003,72.30343476355954,74.94246981693792,76.89018067494722,84.30422709903914,89.58577970359987,89.06639230767244,89.70681572374238,87.95302390681599,88.40133683624283,83.07160755943688,89.28647900744075,83.65127874368005,80.7371210220246,83.92183804030847,84.6034685948981,87.36501544759297,84.73575406411959,76.47822627988609,74.72006186075178,63.07156067327282
Simulation,569,69.09363661359372,76.2433275436019,80.28233938946326,82.91847254250757,80.25970561185748,76.13291983752377,83.71303670764225,88.18367176634284,89.25601740654095,90.95809767622778,87.53728464631651,89.05563316306637,86.29881603353128,80.24249170442812,78.33561375475296,75.44171901215091,78.68920590921462,76.99875088809003,71.11139291729891,68.83468640604833,76.85457941627986,71.58842358855033,81.82614802897393,68.03697139502093
Simulation,570,79.09488069194904,81.07284897299071,80.41708572838888,83.77201565249614,86.23168427208351,86.94540834868593,84.48215001540147,82.11939698995099,87.35804721915756,89.437744631277,89.08239463214335,88.03662434595844,87.52153248512468,89.00704660664404,91.8715107606866,89.49156192545907,84.44766881258087,84.8065318296376,88.56032009185347,90.6108807844536,93.40445948187934,87.16026390214903,86.825217954023,79.66752324918866
Simulation,571,76.49943987018486,79.94474648833881,75.08798914060364,79.27420081303698,83.7683588061245,88.81199815453783,88.01915521560547,88.40316909559608,91.73804578766763,94.31958706030574,93.3838879042521,93.1986598641991,93.91246904235379,91.90276488612558,87.11514563264609,84.9176548065533,79.45857404107187,74.92174212017912,67.95222772132338,75.1074800680192,83.74097497555948,82.9906252019026,81.55370419719131,75.86884965738747
Simulation,572,79.03405001260899,78.28963508020568,77.80603311379744,77.38846449930679,80.22046929257515,80.72525622435569,75.58157468758611,84.20757560316186,88.10475918354928,86.14895589499847,86.65705640687831,87.0038374223016,87.04143284549356,86.40089899651534,87.60952971733886,85.30284015957233,81.93502449397073,82.52930024906787,84.44418243923728,85.6981490388462,84.64115012585553,81.67113332291655,73.54002011273334,73.14217817596948
Simulation,573,79.11536037783446,76.65196472396764,78.71254840291483,83.53975536316423,85.11044023957919,82.32758224310356,78.93953809274936,85.81172598836837,87.64992814685198,87.0494410892671,85.23823308835223,87.49137736128606,83.77014558168405,78.30069208425782,84.32377604251307,86.51445355452807,69.28739826572274,67.61735950158547,79.66848554730723,81.2551053453291,75.5104365116961,70.71056249385592,68.00727186113475,69.91583307658709
Simulation,574,63.08410509487992,62.02130466153297,69.93468584377491,79.68033509104951,84.01497703912445,82.11518270656772,85.85116009479448,85.02020106730957,90.37959388001647,92.83953874077571,88.70908477726289,89.42993586907083,91.76241338017921,91.97446250132077,91.64995340411943,93.51554419185592,87.28200313224707,86.07511190828059,88.01084195997345,88.2546998109093,85.1422936736839,85.01413490424244,87.20791505532436,85.04059258738022
Simulation,575,66.03519370920725,75.91046785051967,68.90487958806126,74.62492749392919,84.19132044031937,83.31036714281139,83.30121152601029,82.48758591975655,92.08133022596648,92.9246622348554,91.4741358620611,89.13031952908722,88.35371244485897,89.4612963171805,88.40157736898927,86.09606417906906,75.80402180980427,77.711093357981,76.43083419029345,76.68568517123332,78.68164783809374,66.06386226071609,75.75298005631623,70.37641221154966
Simulation,576,74.6457480969127,73.59674353928716,76.95722473533269,78.31823549998933,83.74405603721385,85.56023365240155,86.01934012529436,86.61870951696802,88.99503153295795,92.14989353019484,89.60262416022256,87.9847414104812,91.24272022014321,89.16653500746324,91.1772120336726,84.75398716335312,80.43255670221932,70.7691592917722,81.9655601987064,85.51088202230723,85.91091561404657,81.23896639241609,85.04448386470688,74.81381528181106
Simulation,577,83.16049505031361,80.94456606084204,79.38505685098524,84.71861455796136,87.64363668870307,88.56723320475515,88.05188446228402,91.98805532885477,93.64026410122086,93.67212787020948,89.20566562575478,87.78615608316686,91.39198238104493,92.54067127244487,87.60011043467887,83.24123499384922,78.32443446382852,82.88819725560863,83.59825411530721,86.51910023097639,87.74083582712186,87.28060371496835,86.21141714236163,74.1197369571027
Simulation,578,72.98430484050172,68.11663342356346,72.46698132204575,80.80630820439063,87.02631496803382,86.33850159183126,86.5857103985902,87.3711331537099,87.96536326129029,88.22132676686473,89.57203236785841,90.10272094511632,89.13157273630188,89.22241234999164,87.11990581103154,86.04928108143463,84.0805129785528,86.77007709940278,87.4094265889037,88.13027472511516,86.68206742820394,84.18433156620142,83.61296068869034,75.10635706544248
Simulation,579,79.59103259346438,76.75835492067912,68.4400990169686,83.72277285233623,90.24218208872634,91.93284269504299,91.24850211121192,94.19978152288883,90.57008972631984,86.6660587376135,84.57603648419557,82.90729198502243,89.79740502539005,86.64633603007582,90.36541448618283,85.07338732124666,83.24963061886119,86.90722662013776,85.03202033165228,89.67140574443086,87.46424127120646,72.46528664768553,78.32938022357631,68.23462245130435
Simulation,580,69.75396034630042,80.05989924269736,76.38945870133591,76.40998099111714,82.70815099155224,90.87650517752196,88.5004315342989,87.60651269191082,92.52723553369147,90.02097916999283,90.31033884397303,90.07287891227277,90.79923346653365,85.74728962170555,83.68794394374447,82.5426914995373,68.45807520241293,80.84831863408145,81.97856830418918,87.89171713871305,86.70442838425598,78.58098852730012,82.48309811884526,71.47052210306273
Simulation,581,77.00534067944936,81.01485912124468,76.63747633637026,79.60104903209609,80.94784710831874,83.9145359311038,77.80848331171178,87.73286937594314,91.42740331967697,89.1937537941882,88.8339012204166,89.27248249128085,86.50195221418383,83.18771311833702,83.3833794886464,77.32330709474289,67.38082544588396,78.44262093683093,72.0649501850315,88.92968873551655,86.63086300517557,80.83950388338361,75.17709166242254,70.32850045754986
Simulation,582,79.7872488285509,81.65211389789401,80.26061406093814,83.2274606846202,83.21883816311984,82.82195231563827,74.81701596744225,80.80840901423022,83.57959555820207,89.93664385320305,88.86269050444037,90.24406454088593,88.8999592236607,89.04961613479354,86.73998511617617,86.73466011399373,81.67388926433713,84.80515525686016,79.88923935368662,88.11382506425981,85.31194378595234,84.81392823868273,86.15600845789295,77.15533846939505
Simulation,583,86.40271976192143,83.13396218913815,77.80571844683075,77.17921009043688,80.91326614790742,85.50048805346898,86.159846360187,87.43577210050975,90.02434111150288,90.45796642327528,87.44212340375715,88.5588392022789,89.83138357992564,88.3731847030023,87.88456770068832,90.04213637432699,84.08090574760419,82.67208079562607,85.86238815568342,90.42475347749692,89.03682942897383,84.04891800958956,84.33631068973159,73.63191043189967
Simulation,584,80.84799184045683,76.13133789037309,67.7396908854227,73.68603030873341,81.55340715313335,85.84544731004087,85.29776707306678,82.55991070897008,88.34797427442648,89.9320580629696,89.14238495536506,90.0794894949817,87.0465199723254,88.79183256759492,89.28926265338151,84.71105839173664,75.45203509856631,71.73814363128655,77.41359664356946,76.94013912612455,78.98313811820887,74.08342227551223,83.2924338370154,75.07743347633178
Simulation,585,75.08948681685506,78.36871305040782,76.59760297865138,79.99357296959887,81.91405152224425,86.92348204533974,88.60257677941944,88.6786826957358,91.51843485541222,94.04319368970322,91.92001204779815,92.95931110604793,90.10030846421428,91.54798843467643,89.65672633119219,84.39297340581773,77.0327353764307,82.92786043985231,85.98176234399376,85.30423251638776,83.60124737779373,80.34205283424575,83.24748841607233,71.37420601397007
Simulation,586,68.91730980069592,75.02483978461348,68.93158781999239,82.13292589495107,85.68535365101174,80.67696592344751,82.19876292802321,84.64059620990281,89.18107661793324,91.93503190669655,91.60117660820583,90.76348850644271,94.45284202392,90.42147754411863,89.10733544918818,84.03502476909426,75.8056578088354,76.192770619474,84.56969928815732,88.28283904093786,87.0205061224669,79.19457153955523,83.98809406874113,68.00396562713699
Simulation,587,74.58968033237011,69.24671821303842,63.52761098593479,67.7913941077053,75.45796764218767,87.55887497622864,87.24581626105882,81.75417639140187,86.36000954993517,90.51544838008343,91.00481821605085,91.52994340538383,91.76538771562389,87.05493062730405,86.58447747942087,87.07161757431916,84.83146508876325,85.41371299961565,83.96922679246651,89.55974258069813,87.73616640050807,82.34686248104634,84.09425376672466,73.74106294122312
Simulation,588,78.25395205745146,79.31039571062419,80.01347759890405,85.37771041579019,87.5693870893132,88.04068234234738,88.33571595351995,87.242736464275,88.15291535334636,88.14013001590097,89.4738952137866,87.9622972577744,88.4200534058155,87.06075538687311,80.6977225165607,72.59034937050677,61.488852693241036,65.63017047318398,76.2111725661778,86.51844738908488,84.93768614281365,78.84560788814125,82.00986071694058,73.0751535159322
Simulation,589,78.18466489165114,78.36932060789638,77.99635778055269,83.72123665095569,85.95095816813712,85.00215767975044,84.33130462723376,90.61323296369576,91.09282562210586,91.42290478788391,93.38778290243872,93.30611839269054,93.48150294414856,89.76355943314435,91.71945989997613,89.15943346935441,82.4092728636999,90.22772495466799,90.47978087911429,90.91301336872698,91.7445315277557,88.85982615421607,85.84641527896167,79.64946581452816
Simulation,590,79.87370146725242,77.42657180768981,75.30303489921342,85.79074451192358,84.61127910858723,88.04335737361139,86.92813097977469,88.11406576879645,91.76528005984329,92.44734319892868,91.99223285945251,87.41817651896129,90.203386023056,89.48332063982043,86.15317370289947,75.44856666007311,75.50243468632382,82.72825520803765,82.93876108225139,87.03359311421585,78.06452049719944,82.34484828198146,87.48342142384588,79.67777836787084
Simulation,591,79.64652064875156,80.58931406631548,81.25920614820302,86.8763954907119,86.33788001144451,89.65728506639805,90.78039064772187,92.1024201559943,95.32134466786094,94.91020786702329,93.79991342583503,91.36120331093653,93.909323963934,91.74192839838258,90.45350188399134,89.86606646579239,84.88141449740526,89.43137313899835,91.66052319097929,91.43635998608718,88.7566793476156,81.59417318120748,82.64743025884579,73.15688379322779
Simulation,592,77.21190773719559,80.51962541371302,80.01303513379565,82.34319799794547,85.65142405771448,84.16112913954993,84.02949721095035,86.54927073986423,88.64641405261877,87.23204478296563,86.36628751377874,87.41763927054235,88.48023968177479,88.05434144396456,89.6277168016016,88.62429362536983,84.61397250666583,85.17132743736575,79.94357618795907,86.41644057305717,90.2144486894054,81.23562945342668,83.70763592654272,71.97806795256082
Simulation,593,79.8838398406204,80.94531775907168,76.95722973863813,86.08271554208268,87.12428222869593,87.51312484345624,85.59259863598662,87.0974838403333,91.17509603711753,90.78068254843544,93.4613848178317,92.34453451421284,93.81653519386346,92.11602337300477,90.39691551358494,89.24327691687562,86.29982619003121,86.45685648700164,86.33633922595936,84.89550501805222,81.86322742494575,68.19280874796962,78.60865283538445,63.09566700262424
Simulation,594,77.82301581100289,80.49303740759981,77.33344371977387,82.29879155719226,80.77812429814966,87.25174421643571,87.73746906095086,87.02408809460326,91.67094217545807,92.15048882781937,89.32851760907562,91.65257067530708,92.60155163068815,92.57739854921705,93.42117606943134,86.31246640302999,76.01628159098219,82.45433988225565,81.2554843470912,89.30403695975093,89.05781728802542,86.81384781573819,84.95408276129287,69.91612046641103
Simulation,595,74.87440038148031,74.48949895413126,72.5889572604765,72.58357108976006,74.55155381980134,75.66462441167586,74.52949986666582,78.23324853543535,84.82963283784278,82.31684744474798,86.4207724060766,90.21328666356877,91.50949501353085,92.95215001791998,91.16961769961003,87.77996695369082,85.8548592191931,84.74171260682095,79.08640616617916,87.20234945992783,88.45083224187958,80.8292029612262,81.13452926865816,73.37589872248658
Simulation,596,80.45374975790702,84.21467656353603,77.0510474767354,81.08481532593628,75.27538968224003,81.77577246071223,83.63661174906257,87.08881753065425,91.66131717774307,92.90023780747245,92.89876712139869,88.58846064464531,87.34169011275597,80.94460432682064,87.22603432019456,83.40675185407704,76.31182056607285,83.92535877018963,86.94514644415625,88.2827056850684,89.41356575344211,87.73195623846144,85.91530435055782,74.22847912216648
Simulation,597,65.50990757915699,67.93166400168545,65.39773728318201,63.356809154124555,67.18977540228349,72.51427223522938,73.96504204234799,87.09380843829506,86.47350906416538,86.93143483345303,87.42371822255842,86.58266388274916,88.31951682959242,89.06998545340895,86.92998894750309,85.85022501077742,79.86822242020807,85.74632726044635,83.93301398094071,87.80361756192217,90.5975008091357,87.12341948494571,86.47719993573858,74.36040364644049
Simulation,598,74.70897207072333,77.65393315632335,75.73007676114605,84.71055622165245,88.47792631342637,88.03148454922292,87.25869357299015,91.12775377045917,93.35443392867583,94.81018716815694,95.33912738338597,95.02117261681389,94.98234691050686,92.4058460452917,92.30363237700826,90.12168085284677,85.32192457061032,85.34218673320947,88.38973509941161,87.81307207120739,89.05159535400713,90.61270639515894,90.15381591983416,78.58918922560581
Simulation,599,77.21077423382205,66.1112411818006,67.71084532500588,81.49286382173605,82.59004871687986,89.29214367721703,86.90883513831452,91.83218466261458,93.20647120015963,93.82787481558168,91.9806420669965,89.48327792099666,87.00471141573678,81.2733216564239,79.07176819592006,75.47140403598816,69.88203764110048,71.48221375487726,75.52536067150545,75.0579314785444,80.86031221907125,68.51259219450817,68.81137452894075,60.82446049386518
Simulation,600,67.88931825016596,73.85778425947298,71.01961948656376,70.66345984564762,85.27210184450442,84.3736057720264,83.71916830197684,88.8497895189725,89.9230804695807,90.6878752370897,88.74115296036088,87.41763595007333,90.83920359327657,86.94937820750788,89.69107597489719,87.07774153554888,82.86211140376263,85.55431750715752,85.28818526637829,75.46736931503125,75.83765381747104,70.96237336484357,80.52169487875418,73.9410310332075
Simulation,601,76.76757003408544,79.29912601936287,76.13765989763498,83.17267173398947,89.63423182903708,89.34418915953394,85.95758805384745,87.4538751570337,88.57517178129629,89.42590156862416,89.53887286737849,90.2392603514886,90.48891387707405,90.23149899085143,87.4290154019601,84.95025088027437,80.84093496159339,74.70745581156719,80.12977990561356,82.14698505853667,85.29686884089189,81.23012332207007,77.58356101775183,67.38179908016589
Simulation,602,78.70563746805834,77.64195186879023,71.0149517327613,72.58453575441303,85.2681597787403,86.39720497956617,84.40566632946582,86.6922864820026,87.2527187947573,89.67977630038901,91.91828226153713,87.78623899362216,89.99292976526066,85.63963996967917,80.5212588716489,65.44808710138663,61.494785904594096,65.46307986482118,67.81654581328098,77.02366608570813,77.61818777925717,75.7956651997667,76.31630175398448,52.93133506558553
Simulation,603,77.82146544156605,79.74851332116285,76.18259950797923,81.42310390816802,81.50663120450449,87.21158342008084,85.81708062320297,87.58719811715353,94.27345702494381,93.31685855467272,92.38514347493829,91.5261044055789,88.71380214034235,93.35193805064071,93.51862991500121,90.7874578645081,85.51728311395996,84.855596864349,85.9046268977396,85.44583922129617,87.65358097590111,83.58896287735378,86.06786666462529,75.49005978013025
Simulation,604,78.41455231499937,79.65520185897986,72.99255303603132,72.47207452913607,76.1555693770802,85.2635400425924,83.13067015927054,85.17265001780248,92.09180821511481,91.52250244755831,91.96552012483392,90.5469360311428,87.35811626855481,89.30888534176857,92.68219841833192,90.74276838290825,81.48718289703802,77.38361187167298,72.64627063528414,76.99375324559692,81.87445606443127,79.48505435053823,79.91461338638045,61.27999470475046
Simulation,605,73.03038405811833,66.49359068789315,60.309874429719216,69.56654008510101,71.65433185352046,72.62520887153633,83.50796786376677,91.39011131082346,92.23215633006548,90.64723525530788,87.7159058245861,87.85593386816095,87.96008675947688,87.73224639602415,86.90112055772532,83.31424387627366,82.41378577721983,83.92513352914585,83.36142773285992,84.11630447147434,86.3982650450491,78.33644493975439,84.50610150337579,74.98537864075409
Simulation,606,83.85102137529542,82.24877748615732,78.36298661358924,86.57728438251702,89.6971082179101,91.73390893222273,89.48587361102996,91.24458116219542,92.97264537482519,93.60261275902297,89.53820209477705,88.66249742114572,91.70141068212575,92.25536293346991,91.01374184833236,90.5425672136306,83.23407600636033,85.688304546146,81.95092095462033,83.33683245527867,74.89580953180953,81.40592900242258,72.47177014624255,69.35756210246353
Simulation,607,77.93871474081152,80.37914278926927,78.28695882482626,82.37440139572027,87.28502526898482,89.34884549428948,83.92702341322664,85.34002396661467,88.1424929841002,93.79566438715396,91.87710025082905,91.26868956943278,93.55138652422818,91.70567682462664,85.77823963767712,86.94786692773496,84.79288512108694,84.67231332193006,84.31009725567958,87.3288370717253,87.95287144119783,81.86733751404634,75.72182439803379,68.72580924673649
Simulation,608,79.55260631873261,73.19091486979457,69.57771403221152,73.4771766379131,81.55333470955894,75.04265716154478,82.50573343638925,77.10291277504595,85.95530239405541,88.41591047287451,91.67593524567516,91.7932631316804,89.55051200322785,91.51233868184838,90.2481190781088,88.97013285844719,81.0617643927153,83.90828660854122,83.61156023248587,84.88116859748902,78.02159722957745,74.70107121870741,76.26139639971291,74.26712301978884
Simulation,609,79.09482417050621,79.29903955094419,76.29229886057026,84.65644495874554,87.05651285270872,88.57546658726051,87.605464905407,83.90151127855032,87.9260900640752,88.5585289982379,89.74703394013487,92.09178286373837,91.5022482317928,91.03617895201774,90.47706291793573,88.22519708229109,83.42510200222596,85.72762654343518,82.97070980243484,88.63361369357804,87.84605117495582,85.38302052147763,86.27219394643227,74.06001341913087
Simulation,610,74.6570906373216,78.85500665478155,75.739704226279,82.09331415821497,81.83900246979928,84.9299005036946,82.51113912501933,88.78184955515013,92.24667060041297,88.53759574347465,87.67076150261803,88.57777053538527,87.28795832037399,83.969316788595,84.72309751160712,88.2253120702549,84.98535972065406,89.63704424511354,89.67494247423889,90.1078806944269,87.02463622108255,80.55197529944658,80.60160860060851,70.09711659014349
Simulation,611,74.34361129646257,77.95513809279605,71.00742742597843,80.66988766808197,84.76945863537784,85.7263083118699,83.28180216927754,81.26515384383785,87.6998270025257,91.25163774339167,88.86862107230037,91.00270924277163,89.2236843314317,88.96967462423488,90.00829298204175,84.69263582345353,81.10875522722236,73.04553520955318,79.57187111422944,76.19409099012447,74.47288773159818,78.58830968791081,72.55929293140389,73.6032374754982
Simulation,612,81.9309814990706,79.75480569094294,77.09538207059168,83.29522205353064,86.83330450188868,87.9164714773908,86.57474675223602,85.32505328681846,84.82744741302446,89.18658790336713,90.04038014368071,90.11790791096688,93.6625044593585,89.97627114254045,90.14657758001248,88.18487476199309,82.66312536520053,85.74380547406439,86.27865305736006,85.50097970601576,87.29473143993766,84.5016702853289,83.15805517690222,71.64544987323946
Simulation,613,67.92952114519599,69.25527530660591,63.821283886858296,70.15371983955079,74.90551948558817,78.73408474751137,83.96279544587915,87.15293460502485,92.52679901782467,92.54830687581631,90.63786811636726,91.25154393886919,83.26606788289513,85.09786766534332,81.12809480630139,87.78123345605567,73.50315252056433,78.00157181629491,81.56277498558399,82.0185292289957,77.09601171150035,75.42214257202156,79.93157834159089,68.73614506707139
Simulation,614,84.08200016533019,80.2800310310828,80.59424905516784,85.40376105752198,87.33181935989363,86.48232730052916,87.81955580583158,85.31972726931352,88.77610653653852,90.00203125901007,88.36818632862594,91.27529029293795,89.36120743717902,87.59532013430858,86.26173184682591,88.95733213083955,83.03486030907327,83.75364720359559,85.92992612063752,86.36491043393445,86.96360863214522,87.42697761034,86.0277810828312,76.67087145588157
Simulation,615,82.148141766919,83.92557929292899,81.51570603582304,87.73907265313554,89.27813706721716,91.95439233212764,88.58953682381802,89.44006119278801,91.22830454875377,93.63337334099288,94.16157010099833,92.42999561397191,90.96347883074708,85.81658092230793,86.56892672853176,83.55421224859782,80.25210834236013,82.09823494211894,81.96052315047724,83.9128779227788,84.0851731013671,80.7057958590642,81.62295144154791,66.34189134006519
Simulation,616,75.44892335744777,77.658236003621,75.32383911421385,82.7271471151296,86.66052763395892,87.4072858651426,74.80390443440015,80.31367976453679,90.35355331929313,89.13165091296834,91.36095573964775,89.25626467954184,88.70457577414544,87.18153584341401,88.01749954999268,84.29171937600658,83.75326457217436,86.15921478157382,81.54505692489286,84.63174055451645,89.81718785740316,87.16973229509526,85.89433106490365,71.97432233728495
Simulation,617,65.35199512010378,68.22137646517092,59.477393966380205,72.30130215098103,72.2914503742089,73.71585995871085,84.37439648898547,87.69810976858119,91.74254105964485,88.81525362497555,89.587010082123,87.65331082223688,86.50826223235457,82.09349400248237,85.55775619302602,85.04008732860692,69.82532799643415,76.3591886713586,79.03139684912927,86.8184706925388,85.511053839091,81.15951054125051,83.2884722116301,72.57601214367594
Simulation,618,80.05362633780932,79.90618185139539,79.63253941644173,86.42463495445364,89.80690511719517,91.02642380235419,88.2921299934844,90.06874264981056,93.09120726574604,92.70574857589463,91.80033605733702,92.72545361315973,93.2022337182473,88.76659935893153,87.48487213012571,87.36046728416126,85.26252228034073,84.99097186645588,87.71400969625729,89.85491303902478,85.72891189426755,83.14148893369929,79.24230117382638,69.87793767364644
Simulation,619,81.37164690845215,82.18197463528469,78.26015461957094,89.42060735332808,92.44892891098262,87.56512954927781,87.22743270726595,90.05675950124497,92.5826395378459,92.5531395947199,92.37527397717253,88.89582936067008,91.05690028720696,91.82978249666549,89.10924175679521,86.73439811543389,84.80402446105529,89.4257683129781,84.31566961352804,81.3412169921421,83.74064835014808,75.82675545381406,82.65423556919332,69.20397284791126
Simulation,620,80.20519897698235,83.98184585305476,78.34336438185825,84.75221254285285,87.05694757703151,87.42954093430481,85.95796275090149,90.20815448548578,89.57019458829991,88.69493815582732,84.40336699393376,86.49010184158136,87.95989846563279,86.03600978371784,91.86661591798904,88.20548641445502,85.39633282283572,87.47969483210424,90.57597439876264,88.59857470140096,91.35699034833739,88.87336448261593,89.54505881162655,75.85692714694645
Simulation,621,82.61156381628675,80.65249318874594,78.34806212958816,82.11965089471175,82.19776829336365,85.0194798899588,82.88138831432445,87.19987249690664,89.61726904892852,93.48546099509183,90.73429627824714,90.52923863516503,89.65299754714086,88.76424443532402,85.9644454784462,85.22848713864072,77.38097664657946,73.1333891460826,81.60904501284759,75.08846713756435,74.90450351401918,63.55175313480263,69.69801054450411,55.74837514393125
Simulation,622,83.69209083383018,81.86466864084092,89.59525415162716,90.47523338319172,91.08465888379699,89.4485560655771,84.54814966735029,84.98354842274185,88.6050276953736,88.28652625366675,81.88805379710476,79.2095249234835,83.01908714240504,74.19904183691817,76.31407499472358,71.10135858178984,67.01858727308938,78.64950214995686,84.94617818906545,93.71042761608774,91.14140337840107,90.57127610065152,90.54740957809575,72.86132275630804
Simulation,623,81.72114496053814,80.5024779935986,74.79959852984223,87.78965968383099,86.73808642534705,87.77705997247486,87.06617197400692,89.47592857373711,90.34096966714215,87.55558560523514,82.41130411635287,88.05083466823447,88.26761548014532,86.80288371259762,86.91410585647111,87.18939428750565,81.45627260733359,82.86263603195707,86.44208511318999,86.52619010875048,82.47394268552938,74.70741377830645,70.96956008788,58.171881824041854
Simulation,624,81.48385181755219,82.12341098824825,80.24082780008571,84.28828952453993,87.74027956934452,90.1345997797995,86.97088860377042,86.85678034525601,91.64938256562144,92.91094323434719,90.67850985506729,89.02296094602863,93.69985971991387,93.02163020104771,93.42640865265224,91.44526570177015,86.5211944002604,83.57454566815406,88.07125112998463,85.05271678365831,85.72081613540746,78.19605787134904,83.55275454273502,71.99579199302761
Simulation,625,80.34393316901107,83.27199399861108,76.09981245318312,84.99059100963935,88.47930727946405,86.37929281315357,85.83112669443484,86.69686975820174,88.00675544439085,92.49352803553307,92.00703754091921,88.81469960878394,91.54403782073096,86.17693756951559,84.33529991717833,83.68046521850073,76.34788939308683,79.32074074059186,87.0069624262386,88.36825601571137,90.32230707258242,87.42218774977647,85.51426498593074,78.6911189474252
Simulation,626,77.97041066977174,69.91525963436929,66.44015594625141,64.98069617329085,82.1964849308005,86.92382637462971,83.17281405453247,84.68814256773058,87.24712062314298,90.31861911700832,94.06407320917715,93.31066744789452,90.94739261922666,91.1090050911222,90.46750833706602,87.92045991501686,82.52654125935665,81.60471431134617,83.69817229742296,88.54865736776267,87.8011160113305,82.4807926855664,84.61409477757641,72.19788195679655
Simulation,627,80.34489277225774,81.96268728480514,79.30271363370403,86.34830710610925,87.57051401897554,90.37624528631,86.86697734586255,89.64437743785714,91.72337435778766,88.9125001432675,89.7725211484534,90.23738086241471,90.51185732657542,86.1168566516577,88.79482921174417,88.02633457682828,83.70192832675892,86.36382061678123,84.66809788058572,83.92517123562932,83.26638976431597,79.13027989447659,87.12790390725765,76.41130858290974
Simulation,628,81.80660590715462,81.07272381390922,80.30642730612361,83.10178032640616,87.05884880167201,89.80529896546274,87.18933954528757,90.23041933194105,92.89476276413389,93.76190930127645,93.65920781330884,94.85296447939709,94.81214534764896,89.5815647519658,90.88600298973249,88.2033479231893,77.52140089021742,79.21457297508229,83.48715684658629,72.10420219289647,72.66401759263425,77.80819552912118,80.4219070669395,72.61679955640105
Simulation,629,88.50172796843918,85.15485775472109,83.50932526673837,87.1405042391536,90.0705055104986,88.24284666897557,87.68454172940895,88.52716323870727,88.34750110925069,90.91008787192246,91.28865049146286,92.29082077438936,93.65040013560174,89.37051645569326,86.68466422812484,86.97712802225018,81.66647835611069,78.69810385787912,85.6273746787997,84.86380356369406,83.76308824879352,70.02041836881227,68.81162479750564,64.89358199001038
Simulation,630,79.66696864509383,78.514188248412,81.40233369005941,85.89383538433829,86.46854007423221,89.31361996106702,87.1359305173359,90.21678139377252,90.35342187243647,90.24971298703096,90.12457135545976,90.13821240700712,88.50126734047915,87.85888280841417,89.05041913160488,90.8057011667231,84.72248733085851,85.88651292153426,82.53353685549749,85.52167681464428,86.93459620916762,83.57596204779752,84.9101960535319,76.30302241137443
Simulation,631,79.56559211896064,80.32672256340071,80.10326167651286,83.46186397859117,76.4909098922862,74.50857511679379,75.12272700239755,76.72768908925042,86.12578286404589,87.26517842842328,86.39868009849943,86.46830097009757,86.58094048062536,81.42575321718911,78.57839437596773,73.02668236411105,70.35311390008137,78.29678302434077,74.50638928604985,78.10492069925321,77.6633003931458,84.1963709458736,82.91715149506106,74.25053629886762
Simulation,632,79.36428543513192,79.79994406845829,76.02979142705244,80.20709441297491,78.87278116462493,85.6322497088115,88.3719961660287,90.54672859129066,89.7695777105496,91.64766724529571,89.17958385808551,89.33902978013488,91.08430463482169,89.222612749188,88.0920465655606,78.15036766077532,71.70422051413905,69.20361273012895,79.94007061787937,85.34975459116427,78.97210850494814,74.30460194739453,72.60272675551906,68.59276889234584
Simulation,633,81.9486239530411,80.5466218660197,78.63465545627815,83.99804006773883,85.94704587194835,89.5069325544238,88.58868100520311,89.71272603146463,92.54422298252116,93.36970276840871,94.52156175896846,94.82969394387048,95.102099888504,93.14587548527034,91.70874816023198,86.32266994022001,77.35851929101473,83.91307168591003,84.98797014057513,88.60561629673441,85.91844911158348,80.40765563005051,82.88655627787955,68.4931703195675
Simulation,634,78.11790433204347,76.6795578752396,71.6590053203619,73.13907803763477,84.34222912778117,86.27009466909514,77.73185177946733,80.47782051955137,87.92590649960087,85.619889504111,84.70403209771263,85.33278176159057,85.43418899342893,80.38722707958654,81.16378126166947,83.60183845026334,78.92453150475052,84.50615867300442,86.08769063202892,89.9290870863885,93.40736767555313,87.70425527823807,88.67004033071156,75.38016067963981
Simulation,635,76.50995186132502,76.25509777639594,67.51428458983347,74.28133137559529,84.31395627726901,84.79021864488159,85.1823325333139,87.86936064008158,92.01108027664327,92.67506261859118,90.58158161568174,87.70856434774323,87.76098690118322,90.71791744472863,88.45420660137799,80.96903323525208,75.75209984493058,71.74757921158536,67.98852475264276,72.85957542007282,76.22658172429314,70.75919283627752,75.82537077277773,72.20046038157929
Simulation,636,78.5957703221945,81.97931570389419,77.78761303402537,84.41274593027295,86.0233436293447,86.48090790219803,88.33921016175826,87.88909937726483,90.40464854933742,93.48555382251008,92.10568024599394,89.66630285528396,93.8408050961782,89.95137927558929,89.1847153109403,87.77337486652466,84.0969030747689,78.73015064611897,76.66987190514969,86.65151305527596,89.51550728504738,82.45012836757454,83.28427070709633,73.02841779051406
Simulation,637,81.59921586119768,84.31192930391087,81.5915007402431,84.87846899207567,87.06960986163374,89.62955365198049,89.22097913606504,88.85694819018136,90.91550679442759,90.4188783584336,90.8943501316421,93.61850319397419,90.48582057407191,89.64307434061497,89.42680445333892,80.88047292600933,67.14161509374723,71.44611866271916,76.8957501685256,87.35594497284227,90.24042785031847,83.39800872325296,80.7489211802666,73.00909151678688
Simulation,638,84.52402172453563,86.31901899503791,81.98428759885445,88.71586532657852,88.63620751494277,90.55874516481744,87.77925535248744,87.76243363493874,89.84832782408685,87.3891428059793,89.76688351634826,92.35062202408447,93.49598561561109,89.2492088552562,88.26326393152897,87.66779601715517,79.80595170987311,82.92178552200076,71.91509109008881,74.23307580308071,74.17335183840959,66.96641257890944,65.7153498491119,63.63870088867221
Simulation,639,77.18183900395063,65.84196716616952,70.87820211958056,81.68650687086122,84.60446956686101,85.7640594223738,88.64992366419906,91.09262646219558,90.30214588065438,93.13526886155297,89.31905143788944,88.09480881695374,89.89052500052485,91.09732271205229,88.45644140499371,85.31028741543993,78.9821914208893,86.4556930377106,90.20721711436413,93.86637398840773,93.37941249684772,86.39036069976471,86.35501411525354,74.28381506205183
Simulation,640,76.60389160205148,76.65296830999579,74.86835998144765,78.00810554286369,85.6461792103862,87.09959673891592,87.95178858936825,85.32724588513038,86.76365189742239,84.48195835973125,82.33630793350679,87.86747351081871,91.2790708968427,86.49361710958122,87.50841796827405,84.28648782342404,81.22102027049019,87.5348626690393,85.26866704207384,85.98135570667789,80.88987311392775,75.73033023866346,81.7502654915415,69.92688394181268
Simulation,641,79.70462313800493,80.35297250798065,77.13701821039871,76.765750820991,83.99094548469921,77.03716349511868,74.78164603963985,86.42594242134692,92.66659851769259,93.6675145750967,89.51820752505587,88.10115964924866,91.53731343480115,87.61606816041642,87.50602608182963,78.60417929013353,83.20654496132387,83.22496895594334,83.60394686398588,85.55101121611604,87.81254955863518,82.11183693197755,81.72821640420032,67.08942951940634
Simulation,642,71.81984630339275,75.3605840299277,75.98381939674451,84.41976093836202,85.67141843092128,85.39380394657894,85.61498169520956,87.57908312231255,91.66268212367524,92.40352476025681,89.7547385968633,86.80264493830492,85.87760805068609,86.55270460666848,83.8936037140956,78.8705917528264,80.19695818010464,85.11222929102942,87.4461620697205,90.09404817986358,90.07893990985197,85.33984236041556,86.20898344598018,71.07637957521601
Simulation,643,79.52337515117455,80.35333368313584,81.54173501307388,83.9972541724152,86.87004937677966,87.9546960522596,88.50152340531244,88.81682157778911,91.522490713647,91.82007281497518,92.39226746543369,91.02706852805777,90.24426364922881,87.74807741627461,90.58347706059392,87.24792415803174,80.66142791357304,86.89080844420016,87.11696459171259,86.95487727630501,83.04718754187796,81.0323724414129,83.10834919674609,72.2799906203105
Simulation,644,80.35026345132763,81.03569965377217,76.02595562727362,78.60165781495515,76.62116984010281,82.44235429398036,85.9581856192641,87.34519869600345,90.54411693196202,93.60093441892947,92.18158470209181,92.25898119537115,93.65497393961796,92.32854228476917,92.13729819248931,89.0005404702226,84.19510449815087,81.75755892268532,79.58182833116375,83.75873600461591,87.08593682557478,81.47128070554984,83.90006804959113,72.64936455277874
Simulation,645,83.82169083435114,81.56056707335851,75.86747291244744,81.68231733143833,89.1407371322651,88.86449986557409,90.2622258114812,87.90641075184027,88.2637097962362,89.3774850432572,89.53883255634433,92.09179327118304,90.83928310721538,89.36500190757177,89.28746591547761,86.46747661283317,75.56473664635556,82.55392690786573,83.82818424620942,88.11410599353616,90.60735273150493,90.64610751720018,89.95468025246024,80.30806992850466
Simulation,646,83.87099557583394,80.17754963703784,75.03071996039765,80.28944203781433,85.68980395043822,85.26803635436262,85.15238770422397,86.02015866361162,89.24530970509532,92.56530975323426,89.1623619702813,89.48247930960389,92.30746767912562,92.18790939172888,92.03093682948713,89.54463236660828,88.25974540801678,87.61244696043929,90.87487091607616,91.72180992071148,90.21586922711161,83.78791357158343,85.27047255622647,74.4556014210525
Simulation,647,78.12744556297403,80.28689647083138,77.7578556823234,84.5103267229201,87.28547794668549,86.78171499763482,86.00133911424679,88.82718836030001,91.46996446225675,90.99637154959753,83.28478761538618,86.80137333630277,88.74280149800575,87.86699251493174,89.39798249305571,85.05605956674987,69.93080017392265,73.87077429873294,71.84265973841114,79.11778318495483,74.4123286025089,77.76860820490393,79.50700845004,70.0916729854477
Simulation,648,78.09845841408944,81.0405116427539,81.06464391243571,85.79022375292824,85.66675347998866,89.2884829849129,87.06047796647027,89.583086213408,95.00752488577973,92.47391389530337,88.49768113244916,88.95273844036674,88.90793973423351,80.10492693054478,85.85385914432626,86.66073338644641,82.94429459419358,84.48613974120876,86.77162090472595,90.23750097457794,88.08361922410222,85.04068180574625,83.2960806592001,67.6866275940436
Simulation,649,79.84060668285457,80.82851277807546,73.66078984271674,82.54052666147263,86.70864118479518,84.88372882444261,75.96006004948661,78.81825537604776,89.34485196073226,91.06785773454597,91.78231873200437,94.50662216535999,92.97498513020174,93.30283394461308,92.78928770544046,87.14582869074931,84.20805231840244,86.8924380070674,86.86271811312976,94.40008207398019,93.41429786527112,87.48532742436507,86.22402482220384,75.5454670491694
Simulation,650,71.52348614885774,63.378149581891726,75.74324570924801,77.71240756376002,85.55081416822453,88.58167580658954,86.58373091776433,83.60687266025852,88.00669052898697,92.59015413842114,92.3501630167736,93.53815566481526,91.07520204499772,81.31148193033079,86.08240014898377,81.69560668250166,74.56135622150632,81.44945231165477,82.25918658353092,76.69280368224311,84.96422235701021,80.96122198092644,81.3878270586048,70.10211563331897
Simulation,651,81.9253344910702,80.19569363683524,81.46158561328353,89.12503165196404,87.85653433044286,88.03428091062095,89.41025505544816,92.8464852965689,94.29862751547917,94.6423255482641,93.19372495158115,92.92513097170811,95.10038329476686,93.71569917135047,92.14478357948973,91.26215395803342,87.38552218709795,87.6555498083471,87.41219972376936,86.77230450107876,78.13533249487202,79.19304416564016,75.76268868452632,68.06280074589881
Simulation,652,73.46703474962831,72.33236730872645,73.2572952755587,80.00646953495134,86.3498849549452,88.13160579899122,84.80419931601531,86.83820997216512,92.32859737064345,89.44321001401067,89.32173713925168,89.50518146790641,87.89072458066782,86.84961548025595,86.34699886870638,84.84504726841958,84.07980656899207,84.50888435570316,83.20127128979018,81.15984482655183,82.7314955863255,80.18848274408127,83.10828089561431,73.62468789227579
Simulation,653,82.30280415970888,82.26798807525297,86.16877745772186,89.08050444025498,86.7682301927665,87.40637353445197,85.57263585230798,87.4609071431916,89.81346139640841,89.05621993138782,88.90593460852857,89.39931608865966,91.42441371296988,90.67862246711398,87.80866291113692,85.82789163975566,82.72135156352059,84.29167369404111,86.1339105240343,89.28076016039451,89.38757044123128,85.25570927445813,85.99044982808385,76.13476822115513
Simulation,654,79.46676183326683,81.31073175073307,78.27502525504994,82.89104190133045,86.02892549220829,84.76642534692384,86.18501782575291,84.76580802243176,87.09292006882174,87.53687061695952,81.9389254411929,81.08027847632457,85.50254532981546,87.62996157877141,86.3665965453328,77.24767610733502,77.0930833621571,80.08237824933964,82.35273962246542,84.8621401726881,82.85734310470069,73.19838248890414,82.04814168746478,71.70283087795335
Simulation,655,70.58713566685057,69.25243643693067,61.15845240618131,70.47845151344893,69.05212121311858,77.01707903719311,82.64971523656335,86.47251854064399,89.61699033387829,91.0110945081916,89.07121926270034,87.91995188599162,90.23726013819213,91.58076930039296,89.50446439767778,88.55168865285654,80.90130144040228,81.05699901723722,81.36493778352326,85.85810539319593,83.46805223105471,77.0118823865275,83.47677024702068,71.10112546875483
Simulation,656,80.33918066020243,79.03256394608775,75.70010920940267,72.02897609708485,81.21823585858483,75.00926383170668,83.1700285069041,86.48764935877,91.65066309241229,91.90220076839773,91.63899643317255,87.5582203861382,87.64679174016183,86.34523626564359,87.35169031976008,88.10732055100729,83.08430562066248,87.64892645634825,84.91506950259696,84.33012744384799,86.68001428099474,82.11848906104647,84.34429382476732,75.91491469905247
Simulation,657,81.39795844818664,83.7614680825888,85.44561781473236,87.5503924827073,84.34083895161318,83.63458391312211,85.02430340424176,86.8549021806924,88.35228165282787,89.07303987754096,91.00518020791718,89.92656734722183,87.37859291700073,87.27140414329095,85.86579802294966,85.34851627236438,71.74988254351564,81.81193864346807,82.31886714223916,87.03815449519797,88.81173764366109,83.41569313584561,84.68048225780382,72.2153520731366
Simulation,658,62.549715125238414,64.23123136576132,67.00550383940565,72.7612720644351,82.29602137384447,84.48182294271089,86.90515919160833,87.3599058963511,79.3314615221336,85.11202848714188,85.97359997526128,83.88084444861958,87.71916026504871,86.343068458214,85.97494121349915,86.48257399342529,72.60386615714285,81.52806284616382,84.99034666107869,88.60436443366848,88.73883895684477,84.45458796360592,82.00993637515383,73.49217251758125
Simulation,659,80.55165764770632,82.69835029655005,78.42952730677234,79.98896346812163,81.54362218792673,83.53340507265497,83.25503457566518,84.40504509646371,89.58424623928747,88.29123903168214,87.4426614699158,89.85762053577254,92.20136955671846,89.41812031502653,92.00212229534779,86.8802468337334,84.08938832625124,74.26238686999781,78.52095380198284,85.85526040780297,85.9593243965525,77.87413834841057,80.65934586373803,67.52144773848792
Simulation,660,78.98792676088019,75.16616149147865,75.04027819672916,74.4395948750318,82.88196821942805,89.54573476189978,90.25758936274428,94.63752657563552,95.25994121378318,93.06990559122448,93.03890180154586,92.5533130494128,94.3761563789325,89.82113056526806,90.02236979730733,86.75307221933433,84.20726626322435,82.54981271835885,83.38728846390886,86.43933382810681,87.25194692435089,84.52441201019846,87.30450522966889,72.58170539276439
Simulation,661,75.43290904335059,79.85155722068225,76.82605257257065,86.7613716114593,86.36263880065326,80.40362237259785,83.36651906134666,86.18346617329345,84.86543984109807,80.8305782335199,77.47428507688448,81.78146778452111,83.09461932966903,85.57815448386752,83.65874631719998,83.06228169519774,83.10655764893545,84.22037009067472,82.23431161635565,84.25444705710254,82.85086050662603,77.59592944098375,84.22417251586353,75.80603864484448
Simulation,662,78.94114592595425,79.07735167429797,81.02751191590687,89.27768570667457,89.3353294859715,86.16994204955238,85.89212959210964,87.44508902735926,92.05378014616862,92.30698887777577,91.27022256183618,89.66461609539756,91.62788347011647,87.61569760233894,81.07269147649389,74.56739821561253,71.19067698915342,72.0266948753236,73.63917076275135,85.97547703212021,86.63507450460602,79.26655571443075,80.16277587005813,63.638248937516906
Simulation,663,70.64125001364091,76.30801537150549,68.6975156424574,82.20461931567732,85.87070177213478,85.10180867251069,84.55968433072175,85.73211115999295,86.3225960701518,89.43715979857178,88.59208037800674,88.21544227754245,86.58784273488061,87.33294838056233,87.4238054426986,86.73601525826184,78.12131521240123,83.57468369078418,81.9939214539193,86.37185547275135,86.4302372282639,79.17535271321286,81.24157999390788,75.01895738318775
Simulation,664,77.20504061948999,76.67802980256572,75.36399319651866,81.83764607854822,86.86832702853386,88.31349885628933,87.96149228606859,89.73383800544381,90.98579723805278,93.67484131296251,94.23188918526469,93.7192158175996,92.49347779105275,89.8975058818515,88.60693775170914,87.19864213457265,82.21418675268161,84.46832291409173,84.22911886870484,84.38987960033413,88.74543053329637,82.84629177544839,81.3522393747671,73.4958603849438
Simulation,665,78.39090857704778,77.43793564479331,75.62482538449309,83.95588719281415,85.13873100542378,80.52135030895228,79.51639877914816,78.22795949711606,87.56614815314754,88.2008536089934,91.26703801625894,92.36297592061231,91.44827532190035,92.57449565352493,93.52292918732425,87.44735297535827,77.40774073530665,78.3061706796967,76.25918081531191,86.57722836694512,78.91304793117557,68.54032603578315,70.12291001790615,57.107629809530295
Simulation,666,63.9756654094257,63.37535866595056,58.590269403900145,68.87932718528485,76.25575140069269,87.4139782603782,87.19793234454917,90.56695065052443,90.87248507866062,92.10900401434772,89.08107374493284,88.27145534432678,87.04184869851979,86.0681789729052,84.71579207967842,86.73179065478026,80.93366011709057,79.78154020686324,79.21823597490997,87.83208624814753,86.84579454652224,77.93039913031465,83.67645228300569,73.02856177499261
Simulation,667,74.85015005580127,74.81238747537039,71.00783742586184,71.19217754044207,80.00060922098055,85.64764584719673,83.39088528850722,84.98274759462397,87.25171305287049,86.68276223252887,88.91312431445401,91.36445725467138,93.65570681914257,89.34226411805453,81.0762050833926,82.68245953241912,80.41412537137646,84.7308885264912,89.34265860439507,91.14435710224456,91.50232964595602,84.32493065362061,85.67826306692942,75.0684819489554
Simulation,668,80.86474460946805,76.97528136662086,75.8407935744552,82.13803094545668,87.13981262620311,89.78041059544924,89.51413153037302,89.81630729623168,89.7709000755519,90.4001549284101,90.81114618543067,92.10205331904348,92.0467901086688,89.20866128384004,86.37605494577286,78.00930124630216,75.5158945780802,76.60376825561431,76.68462728905509,84.23263684008981,83.28079312075792,78.13656238343273,83.16807337004532,68.89503871780954
Simulation,669,81.73492545189748,76.94627942892915,69.97872964129945,80.74072331278809,86.38459048105106,84.5573092268551,73.95390985596963,77.48865182031335,84.6841992582312,90.5134086577155,91.90971408790958,92.78565650841264,88.83790020065702,90.75412643782077,89.11498312308964,89.19213932123635,82.19101703942638,80.95413882558906,80.8010430613343,82.2736797724634,82.12667524052758,80.57424286364666,85.33870927837955,68.46300586000831
Simulation,670,82.44440976484401,79.0778024129262,76.46937293118467,84.34382877494261,85.23221944169964,86.77496741527148,87.21489411253447,91.19679621754081,93.17386208264269,93.11079927083978,87.35718213836637,88.1138017059193,87.00539120655498,89.26094930235541,83.27551038408588,87.19637747570835,82.93813287752165,87.79039525092267,91.9798317387297,91.29198162960209,93.23120063672415,82.96786848937516,84.02572722129959,71.64386486900514
Simulation,671,74.32093078038413,76.13995400128027,73.60850961177468,73.04349812859161,79.99929725269944,74.23667873189602,75.06109079531878,86.11196415524934,84.70974400904831,87.99459740485838,85.60948952337148,85.62904704166826,83.93559601467939,80.15373593629498,77.24840542335798,74.06196433037293,67.45619836506184,74.64052926642293,83.57819579507044,85.30415243838638,84.41865495214182,82.48080534826465,82.05569127708165,70.71227337050252
Simulation,672,59.25389871278928,63.40393892324917,67.77220903595767,71.74265011480898,69.50799383961308,71.13151619005508,74.35498669271426,79.41304398209273,88.02185107510033,90.64631515552982,86.65723743380552,88.87637964945978,89.46787833875007,87.04929587661529,88.27715300280238,82.38676002565386,81.3826915312408,73.8650594193115,73.58327837385401,78.20709685310754,80.8217713771576,81.213898764113,72.5676735200168,70.70895284038076
Simulation,673,73.05066186275914,65.32078443059534,70.1527504122333,82.60625925565023,82.58069206255574,88.2490140627448,87.9544759865743,86.6372259135351,91.74731188689383,92.17368652101362,90.74897262168967,90.03947881567804,91.57911356877722,88.37827083612746,91.8808124644358,90.09272905217935,80.79447770654903,85.56616174505646,82.97023704819844,85.350216444046,85.16073560458274,83.22506937636297,86.70901245972755,74.2410497995226
Simulation,674,80.88392938725403,72.92177772697904,72.04797957692075,78.333571757725,77.78901759297518,83.52698063845874,83.88176067623981,86.54828389076103,90.35354309888956,88.15739315686425,86.25421177212621,86.0362309988465,87.46087639172708,78.58836526872659,78.32573080185163,74.54363330898866,68.54187786109536,70.08710957730476,72.2923577288721,71.43570843624852,75.67315475793158,72.37135743416877,77.33002206386897,67.85857611048505
Simulation,675,63.253981724434546,65.82052575834771,68.66716124180208,68.50850889672392,73.21857614770266,82.7197480666878,85.34426659665434,83.81342173688468,87.04890907997076,80.5216355982394,83.40400832153888,87.8690632389525,87.9603021706678,88.65877436719506,89.23924118695167,87.69438638646379,84.95876742953932,83.91990205586649,86.88051617475014,87.16193981380327,85.30503595225414,82.36518256599652,78.8714097271828,64.88882036078763
Simulation,676,82.31572057984101,78.36762846358069,76.25269115071484,83.28360373405265,81.55146488121896,84.37611310609019,85.04289193745903,87.37747127326415,89.64656732971788,91.78815799841797,87.42381431666702,90.65645684383234,92.49378564303773,90.1474740630022,91.939573397832,87.37971434135585,86.55596590425355,86.34182542293411,87.00366292834957,87.80602447331799,88.22404058016903,78.62499383081668,76.39189294291505,70.73205603236605
Simulation,677,75.48006276201708,78.28671751928186,77.06106652862866,85.67245618367087,86.48916080125258,89.43057951743005,88.44972194090816,88.9025676016845,92.59122657265975,93.4990971030224,89.84723993135084,86.28177212400912,86.31597878153991,86.04836091291308,88.0742455284691,83.64255329561,79.2123634985654,76.73019735297416,68.78367732672253,82.14911707141569,76.93314393939129,79.90818899689208,70.34864506992494,61.465218197162706
Simulation,678,83.15546258367272,81.9439433945988,81.74257470033487,87.73393383957762,88.64625210550818,88.31843065399555,86.96425799485857,85.67866578176894,89.1781071388952,88.35466741353058,86.7494145782065,85.85232246488333,87.1492442162019,90.40492325432484,88.54458899225668,86.28346890551687,76.3100166581492,72.34990690136097,77.3393215188081,83.6774975198378,88.0355954866805,83.3484417876522,87.14759503805527,74.87114310121937
Simulation,679,75.08402554140557,69.92133194007664,58.43935508022422,69.55220279565434,77.46088262209271,86.3140103480011,86.96120237544774,87.88708315488248,92.13868886539187,87.50577132538608,87.68609845508072,86.41594113991015,90.17947555056574,91.58977233155046,93.22703045655255,93.49132005415281,85.02018046931859,89.64183134613307,87.32468983722744,87.86503054695171,86.51056336919197,83.06095466776138,85.91873651145018,70.73335479417828
Simulation,680,74.67532381482631,66.03134139013295,70.32464452686739,72.58721142069633,73.50256856754648,75.58365134746445,80.91769612890243,90.10758593343819,92.45442001307062,90.78536944083426,89.06599857450367,87.73473606893765,86.99634628157935,84.58829069072131,85.44740195320203,77.65005889123023,77.42534066277696,69.13454017261708,80.35448015679872,83.10780204543435,80.86192366944431,69.08818999234454,81.62335398838296,71.11307879319072
Simulation,681,79.52905060585266,76.67288020378626,80.52490857445932,83.15177260557034,85.86963499180726,87.59120345853808,86.91776576543444,86.43423397007659,87.93751288384934,87.25221681402053,88.91325175826243,87.97519460191027,90.61362623450921,90.29221625345593,84.72434814580004,74.88574698522075,74.08634250939346,84.77169170621487,83.675811022289,83.25961726717237,85.15518046353718,82.58559698478477,83.44554859691048,68.78302483974878
Simulation,682,67.34979049111058,73.09329504399224,71.47530529430568,80.01186024816495,86.68594612141854,88.3320021711734,89.70258914854887,92.06164081095093,94.1895325508879,93.62756805678572,92.3545942597124,90.28621639242405,93.48556268509181,92.02620297843964,90.26872458243732,86.48304817868612,80.8384832278885,84.99148790528086,87.61762714250949,88.96027334764919,89.23600399553663,81.76710889817393,84.66679759189896,78.5662098390693
Simulation,683,80.37715447035825,83.55653651842043,82.65238836206633,84.34890169230825,85.55120493285666,86.96568162288008,83.1266430550773,87.02301872902692,93.05205855297324,91.992465927415,90.30545557231459,89.06089776642106,92.04887663835105,93.72583604623418,92.76974981636283,90.53453612910181,82.42008916462444,82.08197168876008,75.22378128076828,82.31852422663268,86.22608720717467,79.51303511424582,82.46253858466818,70.73700361779683
Simulation,684,59.42950240331034,73.24942947638304,69.5258037983537,75.87946504615428,84.18370404636265,88.1150185345477,86.00957156840974,88.6326249158432,93.42685495064063,92.13023410772816,92.43418965666339,90.00517667488288,91.35890755418833,90.89376392084753,88.03701652549474,86.84833878584011,85.26505341352546,86.10571275079258,83.66712063568214,85.44086515955703,87.18327599374439,82.86874032948289,82.12875567824615,70.80003647372739
Simulation,685,67.55898473215208,75.22455564365212,66.45084077517626,76.64149285622526,70.67877443909403,72.52322270271608,71.22253552334377,85.7178302078846,90.35318615298607,93.03052236064346,92.59259242545279,91.96868583943854,90.47229092032659,93.08010543633293,92.63217870554952,93.7140092293199,87.57241769664745,86.34225070733505,85.98459510658563,83.98194092825403,87.15898169425567,81.28301611971898,83.46321964159148,73.3533705568967
Simulation,686,83.58679665200222,80.27322072974196,75.90399006659274,71.31675866380111,81.70093229129463,75.70883792809248,86.5918749288774,84.8999066230828,86.33943816779124,87.0521763833877,86.22164924858258,81.18232606328267,82.9188956149581,76.02643738675066,79.01860794276375,83.77155933712538,80.77655768849209,84.6723704458313,84.98337631462869,83.01385126209428,83.33484076269869,69.30135750646474,81.02621615979317,71.21352060964891
Simulation,687,80.18483085051004,81.98486382453002,80.2305961261973,86.26342437019706,88.03357666297909,91.5446737283204,94.16252104764523,93.36171770940355,93.79856516618062,94.96270156985814,94.68968206357249,94.33549251477116,94.38034941815845,92.46944909264361,93.31733139162796,89.7576495965912,85.37769767579374,84.71513363127276,86.24007834100343,88.91869056949727,87.75112044132821,80.80895616682119,82.86906824182583,70.17007339660319
Simulation,688,77.96086022180948,81.86364758945076,80.23803779704612,85.1050002714607,86.33946699127245,84.62079695592044,88.59473142607827,90.71807046373848,94.59401842000278,93.92815744830561,87.09488974842532,88.58691651561367,87.70361444463805,87.37070413180773,88.13017868063692,84.65856548999275,72.89729292836346,77.18814695619342,84.85719819771262,89.17901870917802,89.22646147404592,87.08060712849307,84.63976564212257,78.87999481050048
Simulation,689,74.52532383771289,67.53387655634467,63.27759053319724,66.07804277910816,59.847116235995145,64.60393949028418,76.18556918328402,78.53665114735234,86.75046981476319,87.98760511597214,88.43277612611172,89.30547659163385,90.14442904742468,88.48948689146019,92.86228164440783,87.24920074130007,85.94679018864885,88.3411636880191,84.05280956506085,87.33087107419766,82.69396308554929,74.58824552558266,71.331861182448,65.59170046553028
Simulation,690,78.1221360023211,82.91430600511748,81.12578745732381,88.71728235869729,89.48750792724805,88.9029323268777,89.7699785512752,91.75537130033385,92.39542821445593,88.45836409998444,86.94141641517109,89.36633427414432,90.90124455777641,89.34945305011557,85.80652731973763,83.06253828075226,80.51024380372205,82.5223740089931,82.76404820045744,86.05619003386433,85.32187748389985,82.53634840352719,85.72377524227458,74.70134042617381
Simulation,691,82.69328728972462,80.38842621998896,82.18404149378267,87.10977983490639,88.87469810999607,88.80728686713509,86.14303254438224,87.09150396466582,87.11587294798528,88.28396087959719,84.22838402503612,78.37401330474836,81.15798951284326,85.2963707575042,82.33989361544657,87.84429196341894,84.06723912302114,89.9371494267758,86.98941258876646,86.22076203791744,85.14135201716861,75.3867711128467,79.55267231388456,71.97526289942803
Simulation,692,82.27255380663591,81.91954537305556,77.47814097872892,80.01714406095572,79.88606490457171,83.79168960907433,84.09691153944989,84.74651147072098,90.60879970913271,94.71430147777598,93.37117939322495,92.33905851013542,92.56779020631852,93.60711065729076,91.91380938327798,89.22291301924352,82.21689169200084,84.38659079889871,85.15373624126781,85.95805473010985,85.18196815654456,82.40143812325212,84.49747416883937,76.60691883581632
Simulation,693,69.94559418441071,78.7028971867513,71.55603156273098,79.6172952612323,84.60558381527073,88.23243178198659,87.26397399215466,86.02278798103697,89.54531462075227,89.19504295635677,86.65570742194384,89.32637750860466,87.31622113023515,81.31860456841616,86.3240381627863,74.98647515849493,73.6324919451167,74.66537257390019,81.557699453823,82.84386571776564,84.92621244047432,78.6796561189202,82.73361013860438,71.19169466948014
Simulation,694,79.14384425887303,79.51375098146475,80.61865516955956,86.42111978341741,87.90076506269679,90.19702326928038,89.30132803512154,89.43948759147902,93.04010032706852,93.4215068928925,88.54647292170995,87.70150575297308,86.31985755074939,86.32814688922716,84.73038419529055,76.70542334343844,68.5292050614848,73.86474290402191,72.46493159622987,84.86015091210145,85.94870112778318,84.52185697797458,85.93046898243162,71.23341849368418
Simulation,695,65.25196945065032,67.69572231724912,69.82065462718111,70.29789501534711,84.96965146921904,86.76250949139386,87.92794625968357,87.63243848438722,89.22518981737285,89.21907072356771,88.92584262708901,88.59097524585917,89.82669820672422,87.83884043745401,91.80351510064966,87.19787677751314,81.17066330118794,83.60748700487372,86.88814378906875,89.52871755569728,89.23361709372422,85.61050481524552,89.56880093552871,80.20642797337896
Simulation,696,65.80168457318636,73.13524367685764,65.57500514093037,71.92459329682282,77.08819664188815,84.6416928184548,81.62421309128547,89.41854256238759,87.46451091358159,91.34498893785694,89.77226968804591,89.39543285583936,90.83229528477193,90.33497274574268,89.95447245607558,86.89811975382702,83.3241451038502,82.07591428845731,86.98181569182788,88.15818693686299,83.88617123271138,68.58744293185404,67.02435527214033,57.21133902274871
Simulation,697,79.70295117342744,69.85166812806294,73.67449826978894,81.37370144910832,84.24848826351595,83.56157554072561,76.30238279249544,78.3166444782714,88.93825619500615,89.78561271271295,89.17121547872998,88.50633730317658,91.53926048969021,91.59117843647981,90.45828773309654,87.26914839201152,82.54483990010918,76.02881791146027,84.91284016490111,84.59062325291768,85.43675004594135,75.20367312832957,81.82460218035749,71.18222248278808
Simulation,698,79.69752413792946,82.51161388444771,74.0260758015236,81.65867057059141,88.55220493581355,89.5991027040347,90.56356405877497,90.54918305030158,92.85271132083712,93.54970593580461,92.17948404729286,89.39898663005505,91.81276183826365,86.91734025492784,88.61633515088008,85.32450671026633,81.63184723921196,83.60392811839857,84.24662415743255,88.17618998004349,88.97648321981288,83.49034697401143,86.59547021886365,74.41577661984786
Simulation,699,81.43913062040323,82.39981072005088,78.0531842067543,83.93119326454672,83.16315321396216,87.24204054783377,86.87575412389145,87.26467251371847,92.09016799118265,88.1085968043094,89.32842589245621,87.65614312049648,90.03471900857471,81.30663630424323,84.99704727942665,82.88161645728984,81.37342446316484,82.5207760412708,85.70760265543551,84.36584527253531,85.05691794056244,83.2277662797666,82.0746055204389,73.775993241583
Simulation,700,80.92067962226935,79.98223886375817,74.53351116585333,80.00089652689388,86.37853307495693,75.66665299628006,75.57868164180776,80.31688593016838,87.9416774677936,88.60487454633,89.19897394417144,89.3904320266602,87.24283456506481,79.98653594385256,89.48334055119153,88.78092056061553,80.83595777288977,81.42363693858108,77.35325099675298,82.27048960006373,82.38017431762974,68.95289101140031,69.91668868274196,62.239800999473424
Simulation,701,80.84881820707847,81.86376661741274,81.4699208499102,89.18925011477,90.99243374789432,90.39301908114014,88.71895783750003,87.1744382643093,93.79841106505347,93.41703681736897,90.04370979371302,91.00242332759869,91.31257113354326,93.02755510456588,93.15185107617718,85.4680373380311,80.25723473849715,82.76154548171667,80.14530468978114,84.83418407336757,85.14295750757509,74.69607333598184,83.55183942492417,72.47612317812403
Simulation,702,74.57617690202665,70.20777119692731,74.89539728273368,81.67428098889091,86.20143501994765,88.90088503714591,88.66253318246507,90.2292138780139,89.44839634298715,91.25516210745143,92.43128017298693,90.1008078025266,87.95784608918088,87.86340655867062,88.9659379446539,85.19830719492666,73.26073621361678,79.93158876722018,73.80249334141007,81.17284100595862,85.1827789589644,82.55739539561955,84.6625109843565,74.27700708984938
Simulation,703,75.7374798989787,75.23000929896264,73.77911669940706,82.77511144209221,81.6288821886088,85.80927985765362,82.75621040763995,85.79938653240956,92.11440060794763,91.75832342853866,93.64966054718901,93.01407561158211,91.62906622439031,89.47214801037214,89.04519309797588,87.172810349261,84.43281891956875,84.80887870022565,87.78161870955691,88.1795196230866,86.45121958886948,83.37508206503875,77.67547629755798,69.23427935830966
Simulation,704,73.38390126704117,75.09626865800027,78.25759470725806,86.57230690367345,89.09216763425611,87.48461292554951,87.38803342296693,89.55277803705415,92.00731634452012,92.69568467345445,92.46995400018558,94.41074833577947,94.93903579619565,90.45449378603881,93.40714822712772,88.54548570970213,85.02404342991306,86.629603778811,81.56266097155624,84.89601710645329,85.91163449202747,71.14378210089234,72.54729213225006,69.02612092468371
Simulation,705,80.23862425354906,78.95837078546685,75.69421414805757,83.73333371505616,86.41872070915716,87.30669656461262,85.50917144989182,87.45229768398929,92.47083255210356,89.87944230729289,90.30540516427197,89.2532732424621,89.66703511289107,89.99148948271288,89.5766080122792,85.80845279106082,83.6124042859651,85.76154536160388,77.33404513693459,73.40489507274305,85.93495193312602,79.81899632954652,80.15754332370781,73.64350333012781
Simulation,706,76.78731350972966,72.7473759965084,76.2939733527142,79.11518247275392,85.4844215267896,88.2924687066113,88.2773273677412,89.69062611227423,92.6990411712718,91.78902332826118,92.61032530259288,93.2433458667694,94.02989638874062,92.69592799780143,91.03339745640076,85.46238810508086,81.56724572671742,82.520425023669,78.9136070153679,82.6969316570895,82.73272804473706,80.6552595410844,77.1605035200215,60.739377682291526
Simulation,707,80.92015943023104,80.58702279837743,75.90717276224501,84.20007358686544,84.64375677771922,85.49409102499814,86.13255226426747,88.81941242487764,92.69355960364155,93.61519595216492,92.16733450682568,90.62467626435657,90.38204206880958,90.6745600989905,91.02959377660055,88.65770077549182,80.42071304192447,80.00686325079548,81.95488907826011,87.9708417921328,86.08208102789993,84.09404633842217,81.36484751362438,57.81786531844522
Simulation,708,73.04677135777915,76.24670021212896,69.32374711731067,64.58275963483771,70.99964024344234,85.63443499799153,76.30521975738594,75.01508983155914,86.32587208342213,88.70012978211935,88.79687969206086,91.20127970312113,89.9061801767838,89.83911189489788,87.5993758111318,83.20831531141428,78.79873697245228,80.8213911672113,82.35766824294437,83.78756960156696,79.0043010080171,76.90547226947454,74.28521900737734,72.8284288489746
Simulation,709,67.37543853297964,59.83331576811538,68.86867734540223,73.5702957678187,74.54361531261274,76.51967814465478,79.5827537615112,79.49053648070674,85.98112010188068,87.04721059189701,86.46620408874384,80.89844473551625,82.27216865861743,86.5084517750523,86.15826943709314,84.94806509735038,78.81928670977416,79.0570674771358,72.27883061812814,82.51040601715353,83.76710274997554,80.49694613301232,79.46521683345193,70.80484016816207
Simulation,710,63.22430145452619,74.56138027847075,68.42150901827894,68.57295009833214,75.42508795558142,74.879979215029,80.31068914410888,82.35883708766026,87.75016357887603,90.78542623649604,86.06979685209733,84.62056996075725,91.41357372341244,89.7559664667051,86.571316547929,80.7808777329574,76.2869666122159,81.20299958366354,85.24612203754117,87.45540277086178,83.82255992352812,79.97732441245381,82.07167019390508,71.31525505574848
Simulation,711,78.18791948227535,65.59483247494246,67.69162191810489,81.87722286371154,79.91986041960257,78.45779513952368,74.63299595553869,79.41495255439055,84.83270310542521,88.85321272861763,89.18279761905859,90.59034145619364,88.97320118085015,86.84282041254907,86.3849878062689,81.70265449083912,78.1352672478252,80.38566196618014,86.2125193330686,85.01663807083733,77.92503241088144,69.9984268193962,72.69244449203799,69.19629170797448
Simulation,712,73.60296378258248,78.67388834180385,74.45857404809807,83.34864860610975,83.86471552513869,87.92401898840032,82.57917941799295,86.12006412560233,91.5219999101617,91.51379546908261,90.63796705596606,90.76422341904623,90.39593710043644,92.09419496087193,88.96553994204002,76.71650360289095,75.10695041596219,72.1540096600805,68.95856971003069,74.2326742547179,86.48623906505577,80.05931096282822,83.47679703898767,72.10538140390956
Simulation,713,84.54751384410704,82.50357737737558,78.2677383254201,83.23064290853951,88.56030885664237,89.50058717230122,88.47088354646571,92.24536656097727,94.8442866598881,92.52389765313544,90.49808988206107,89.1391536300896,90.53092625163846,91.30208330901725,91.07304597130293,87.44492561673226,80.00992824962759,86.63484358859115,81.37083754252285,78.0950653555908,83.30790684330108,79.5363511565934,79.0806089868598,71.3513832037676
Simulation,714,72.27061339203775,71.67851109083408,63.847904913318274,78.00237094472065,79.96440953894128,76.5201441329853,86.14910924418075,86.61858856680884,87.1541243414142,91.8655066610413,89.78049966341419,86.89537898236544,86.74555452783167,89.94902555300007,86.06082652223262,82.69788080904246,77.90423192484506,85.8979736298413,87.12298344475929,91.17547082693753,89.3698799986932,86.61770848536614,88.4416577388615,73.26253847943953
Simulation,715,82.66549245197452,81.21076606303592,77.78142303672294,84.02252560263318,85.55077202967114,89.6058984812802,86.47449262077112,87.3669374511314,90.39710985127402,86.28396589066263,81.00162552545974,86.27888742843018,87.3020757100362,81.28636079667345,84.80721918631968,81.23897298101312,73.06509605632839,81.87004318539687,78.93068573117975,85.85568794297455,85.90934060513304,75.79450325716826,72.56118870595529,62.33252274878802
Simulation,716,81.98418859481731,84.59512853481816,81.59841191298204,84.41411913515333,88.29439842462023,88.93560704156002,86.96839523814309,91.8285427342563,93.44793519801455,93.78543121451335,93.32240487490336,92.63303312665909,90.53018261103801,89.37400809206044,90.41855206410969,90.14553992311049,84.8426133777719,80.06825263605322,77.27555172063597,87.82606303345783,86.27009141301124,84.06836372258115,80.29408860078522,69.36192047867395
Simulation,717,80.8564500010069,79.1216623595711,78.15808567851411,83.60230576689408,87.93207818139396,91.66215800227289,89.71169929554613,88.37872558353021,94.10641662886135,94.59127992023487,93.10103531492422,94.58032324426324,94.9138657976886,93.82378010010714,93.01707519293734,94.09879306339683,88.10838233361892,77.1745324948085,86.13647075675229,86.29988798577455,81.86655904271528,83.2910476580992,83.04547065244523,71.30621839891286
Simulation,718,65.90250967731615,73.24943656376276,65.35384353315452,81.70736625566423,85.23805181332293,83.8034558957332,80.81665581131931,84.44993380440471,89.44356230664027,87.49594116376635,85.45691403491597,86.28254123679604,88.65652416814378,87.42189611060923,87.29764046290539,85.49458338524211,76.79234628028905,81.03437935054895,84.4102718077992,89.12070987063021,86.87240715456049,84.81674121718355,84.66463707937032,72.27449407755995
Simulation,719,73.60251866135053,76.36714537888305,75.87837341249103,83.62705289697773,84.33858169832,87.63188604591873,90.8846764843756,88.66397238617283,91.30062981693648,90.47570957418415,86.04312811190427,88.52655894117238,88.96662144650837,84.20913896448124,89.99494761019395,84.69182201051127,70.84169948470598,70.36843358942254,64.41161461115227,76.02895741630876,76.86751267590716,71.2647756721556,69.79592230664288,67.9664832133292
Simulation,720,76.59975887217061,82.52640435888466,77.05538978479615,79.13913310774436,86.33253466609831,87.15978591689134,87.85797341097212,90.54657527536342,91.7507308089841,91.04461256023144,88.95541742750859,90.22987953884922,94.03378581900677,92.32245984286672,92.13787874533756,89.26687026023158,83.04237825311945,83.92466652378525,85.99036702801486,89.12050791779602,85.55533021258316,79.54610569286476,75.20718398559315,70.07550709147047
Simulation,721,80.00037160048964,67.69676705777775,71.26951242257894,77.68208846030848,85.27640147938435,88.54945905961063,89.51053054624354,92.23760010905428,94.90988608435923,93.69819378243082,90.48351710197625,88.42284156024459,88.98315302886364,87.20052219711991,88.75059841120307,87.19744756623301,83.50274696646628,87.586299309406,86.73592820527959,91.52803089730227,90.16146461959377,83.00471848651853,85.0205705597264,77.12863600729149
Simulation,722,75.59569172632077,75.38296712938491,77.9995874140629,83.10498561400611,82.29806269328466,88.31202617933945,88.6543850608992,92.53305278617948,93.40149932676601,92.24124211958926,93.62045368038254,92.43426343697045,93.87815501683217,92.69915245455829,92.19510536875133,89.29151981853772,82.0165551612408,76.56800294576469,83.7337067194709,88.60496264097458,85.53245716667438,71.15444181907961,72.01561784421112,61.48538546854457
Simulation,723,78.26819763606571,77.07548291313138,74.42135243696092,81.67970328386957,87.61477421108441,89.59980738428652,91.37483795676532,89.30282027389968,90.68391819087239,88.69893338856598,93.79575751183926,90.94286277206827,93.65375129274895,88.94984922419039,86.80048131279776,86.97705022539871,78.37092373433453,79.32405362475585,85.37303130858754,88.80500257694868,90.21462331655412,85.31412723578654,87.12307300857421,75.03983410700361
Simulation,724,79.68596192592882,81.05274896014137,78.33665374015273,82.8162913181234,86.35113877630192,90.47627700935391,90.95169542761181,92.2012680261696,95.04617490758964,93.17573240177154,91.64458863847516,94.60129616136157,95.17013557445345,93.90956892320209,93.82513518520055,93.90984738885808,90.18128839967086,89.81216027205741,86.19811726676815,89.11489952425796,86.862235048118,84.18725368562117,83.09020725076584,69.19869154044464
Simulation,725,81.75447388120261,78.73429337396469,78.80435660434246,83.99638235237015,83.77248292459744,87.78989778879632,88.33980048392895,87.04620779911191,90.50119059910921,92.09517752094992,92.16886051362388,92.74063860086787,92.79765461394184,92.08452318731405,91.59146698306256,87.02026343730455,81.1034957114502,86.07134752599259,85.84715144592522,82.14759258337213,76.93161847239763,77.79872627734234,77.64434292268433,64.47391537731492
Simulation,726,78.49538081936275,78.2168033455241,74.31309050476591,86.28576425169885,88.65778561148589,88.70983003250221,87.30699672208652,84.24656927029943,90.30564814614236,93.32564102345563,90.51084274746788,88.50467743265511,90.36968541007309,86.67117065009472,87.35756655009871,86.23532993459357,74.66675111014776,82.45483245845696,83.52738255075568,76.34943671914394,84.97715589661506,82.58049518612853,89.03174653238145,79.61166571638415
Simulation,727,82.68333902320055,83.1812987594842,78.81944253091697,86.00108642649313,86.86062140382224,87.25080315362545,89.54606339824456,88.51930778777536,90.32388037400973,89.95699487273858,90.05553953579727,90.5492680281439,87.15199662141534,85.75407280325054,80.67888308113804,74.57786480049627,69.70855517570727,68.19932005606466,71.84217441372512,70.88723559201395,73.16266968002058,61.02729062900332,67.3027604420971,63.14432209045769
Simulation,728,73.62107141099195,70.6767690925662,60.684362899694506,71.10310949586918,72.80349334361104,73.99422714687799,75.04849916663439,78.53663671024755,84.34604489492146,85.26220614438974,81.9491475849108,88.96342876975773,91.82981302112849,89.0746395699199,89.28958143873541,87.37256827050001,84.63192273374604,89.11118083448068,84.85748124758085,89.12075170476469,90.25757037691604,86.8685537220964,84.31168760545566,70.64528455732922
Simulation,729,51.63684222105862,58.70388585549003,56.0925164322169,79.13966943499364,82.19231846326497,85.25567292497256,81.5976581795628,88.34869156721635,87.4131039073591,87.68524373248138,81.97274003896916,86.04502797509241,87.75363424560177,90.25966974662204,91.76765782190772,88.05972772118774,80.25036013411815,83.90182759783026,82.51576891394208,86.36498866195458,82.60920318487484,68.7829275674252,80.30559324362474,67.36194477273341
Simulation,730,78.71236170148667,79.71509774648696,78.09011965079534,75.80998131552701,76.2668773289333,86.57658789195594,87.92575787793851,85.51694472948631,86.19526854053505,87.0483855074043,86.09853031489321,87.96415974945236,87.5542135523957,85.76937299167048,83.70524775402791,86.386385657615,83.6975843479675,80.11098796011558,80.50237603885411,82.2868109549534,78.9256365442261,76.29939636678726,73.92626289230417,69.88829120198373
Simulation,731,67.90081205649095,63.38014570149302,65.97962615594177,78.43396543994014,86.17036309642543,86.6654517444315,85.97602921297799,87.60217996356921,88.22764992633178,83.91330762241505,89.9695750271589,90.32109080735503,92.7613694512993,87.02238049469706,90.68086151627598,90.0281580661658,83.85663487505498,86.35012396503093,87.01679301951661,88.62033485249162,89.30701196200081,82.64996843526474,82.31398540073253,70.81015692212134
Simulation,732,75.06405156571255,77.95731550270149,73.35092489120233,73.55222992445557,73.2281459752781,86.38195471262215,87.08735152475298,87.58458183137502,87.70816173681484,90.30231282606717,92.3704465056993,91.80178645496899,93.65071371624681,93.11295022138185,91.43993777361086,89.59693867206167,80.39005013574935,73.10639231443247,80.50332207763837,82.51481059499162,77.7700836792195,69.99845763247626,78.58527516774777,67.49360383665861
Simulation,733,86.08226005741686,85.34039842577215,84.94364337411696,87.25852821771659,88.18475602201184,91.67068583005431,85.17104386794676,87.69099212324296,87.23477666681133,90.17918418773507,87.95983081817961,88.27060490023919,91.79241412811238,91.73647199704772,87.49790111057494,88.18264285367133,81.57392851794448,84.80701705624975,80.95114322122765,86.5837194493157,78.68596319942121,69.80693655560322,79.13537716883914,70.21624337450675
Simulation,734,78.30350120815963,78.78112808227725,76.77551510628021,79.81966560329843,85.64927900373539,82.87695217861273,85.45644259956254,85.0782268885475,87.60362142885037,89.58000160319996,88.55442689400711,87.31439046798431,90.08723415720678,88.31347759589569,89.95049462228688,84.84346514453212,82.48426603960507,85.42733097333662,82.77922652457737,85.41615451401289,86.35635115465816,81.79986549736381,82.89722600969979,73.08308365681732
Simulation,735,59.67850079144907,58.71680207291419,63.88999708331627,65.9111991903884,76.03111754026489,80.23747038137047,76.04397263854722,88.62551973004001,92.23603016302211,91.85822621150365,91.51426610966665,92.51428083606297,91.9825325932045,90.37057593253883,89.18590408191606,88.54144008814977,85.19468026127915,89.43143606463842,88.85945343939952,90.59212134351037,92.58230356548817,85.42783219153381,85.92264853258696,73.37111330960474
Simulation,736,74.9141188136013,77.36709249970515,71.24007041956126,70.42791335249925,77.48360128062635,85.69909369339845,85.91671015434945,86.11233587178366,91.84061531499407,88.06085990001712,88.52517670951445,86.46632126119768,87.96253866917148,87.07188812711587,88.96770961003104,88.05117444596056,82.52757279394979,84.72251526503237,85.59165572120838,87.97140499599834,86.84248936446012,78.83213312537508,81.887872961877,74.25523663463323
Simulation,737,79.0182711663184,81.90460495532339,74.30173988819809,80.6883027702154,86.73047672423509,85.54517521006646,87.80209637954073,90.33227218009333,93.06245044441773,93.66926367823797,88.87524929386313,89.26444331640107,91.48698067717734,91.13007039005676,88.75087391389746,87.69491501203314,81.2311416322533,84.93554860959577,79.21242521269009,78.75728177677266,83.50648308894515,79.91438355776368,77.97549283588499,68.77349872230988
Simulation,738,75.7831924897563,78.75050609107893,78.1726339377127,85.43684380876175,87.28477228060508,87.22372505438472,86.84426047078631,87.15116933769588,92.21179379630428,91.63075466275956,87.58870172284958,88.44875979263483,87.37821360858734,86.61259722363428,86.06625008114871,81.40831771103907,81.17054030163288,83.7610406302327,84.905951806096,88.64831357047406,88.5022718770374,86.83238504478899,85.12117531380841,73.08998972906721
Simulation,739,66.92736449200808,69.07580522354823,70.97997967884159,81.42247826151927,87.09518180579438,91.5056553303059,91.41895677243727,94.02302982439245,94.38467094584648,93.64861661851955,92.60962645241975,90.03968549250999,90.03541703810278,88.44667905781537,91.75866671051847,89.02896427370808,82.7710732158555,86.1504326659816,84.44232513704293,86.26648600178915,85.55439307491307,77.1694399023436,70.86577447303752,64.4595227222628
Simulation,740,78.93339254873749,71.09590595207057,71.0081321973846,73.63239059404232,85.50813033391631,84.55783390270422,87.81260970708635,88.03329986866433,88.62073136398034,89.81957189030331,87.41869725661903,87.03572825827331,86.66566411179244,89.14564015570168,89.19344166548187,89.76654916021789,83.85651105201786,82.51186387962373,83.02901935863235,87.7357567391283,86.41112637595496,85.66709620368094,83.93700350057146,72.28040128045242
Simulation,741,85.00753265528682,85.09095744119766,78.69802491257596,87.04473430780476,87.01841232192734,88.70275182464161,87.95458229047316,92.98743177192483,95.07090861818848,94.7914494602243,94.53468545671937,93.52937706019148,93.6469628854191,91.1874850681228,88.9334517856186,83.83502867677606,78.97561954868908,86.15869130312018,86.21636956551214,85.08643593188235,78.95166687179729,74.26114359664736,77.79132715658056,72.56672406217461
Simulation,742,77.11472536988816,76.95460917099916,70.8770574653377,80.20889897593906,86.2253414488077,89.75961612963,91.2772448174406,93.34716450762986,94.99006610007811,93.41542606861748,88.52100446214907,91.27110193576276,92.17648252237065,86.84193256336232,86.1454634514074,84.73529234044804,81.40706390178724,83.31052784958354,82.6317037617973,75.83699444347157,73.97548276407684,68.35453576920915,70.88662324554792,63.86140882543571
Simulation,743,77.4832949122395,73.58971658109701,66.44343754614552,76.42474846401389,84.34187426141045,83.51677981767693,83.79143385123112,87.91813985046663,92.46383352144316,91.95043832887144,90.64079697853263,88.6636511599431,89.89469892811749,85.79098181490411,85.2914872767817,77.09032557204061,69.31076251572087,80.95808487968645,71.92341248333811,78.38812426427317,83.13673693933886,73.98715901428085,67.73877329981669,50.56797251166228
Simulation,744,65.73309079390569,63.4199330220159,57.02155725459948,68.37174347690973,73.25264688258595,85.20272836291511,82.26071085977779,85.29957006802144,87.77975363489816,87.01242175656968,88.69089377732702,88.11065602985994,91.07372750327987,90.04042101803475,89.06555384826723,83.67149687529101,80.19571288708389,83.53634133976183,78.91242725797022,86.13709775919803,77.60243572728338,68.3183103788552,71.33160134150275,57.742199881598474
Simulation,745,91.11650120303617,91.38706964045657,87.5344516858328,90.08635255412031,89.88840883419095,86.35764396043628,85.77939279851604,87.31552019965953,89.0821027352118,87.68225345360909,85.47071543900496,88.54940840693936,84.5705772487791,79.21493867066545,79.87341719698172,83.4942103445368,78.17609122325369,83.89264344203595,86.8575824783478,91.16220275329569,90.34982902640182,84.07548014414445,81.82914942981044,71.78633541726758
Simulation,746,68.64904291971246,72.83768242846524,74.32315827143736,80.2179217308394,80.9352667965628,76.05357329172703,75.59610618403195,77.82921259859255,86.57728030250314,86.80857106621842,83.28117712020659,79.82316874997063,79.20945102147348,75.9137046593631,76.64845455454876,70.74906130474012,67.70757030128665,72.24151349745969,73.90999376421891,78.28107080125972,85.57041416169913,67.44240496820113,67.73412556658697,61.655639376698
Simulation,747,84.70468613881545,83.25928361130244,78.41439435024613,86.35827077299334,84.62184337093726,88.2431495023983,90.36195518569386,91.04268517602057,90.62158115757224,88.64593874161777,87.39518818764039,88.10115291710477,87.90196298917657,86.06831296313351,87.0872652487662,84.69389120228352,82.83469497806921,83.88475026728239,81.63092042472577,84.29076343078214,85.79305462198545,77.06337546028645,80.51401812371861,66.55950646111327
Simulation,748,81.27779813086252,83.83257167157568,80.04849020615111,85.55674589548937,88.64307973367481,88.06312751559875,86.90995543678962,87.42547145380281,90.33171883464867,92.45508896124869,90.68055513899694,92.65136121403586,94.3638796546895,89.8943067717236,92.99340990696602,88.33807348060539,74.01742135773046,74.66443856892526,83.5851009723609,85.77265042512211,81.88487063003461,73.62024246545576,69.5950338620809,62.90784132340458
Simulation,749,80.06404918121468,80.39241531463021,77.72068768018717,85.03118675498334,85.10593718328596,87.84212081741765,86.2649666860614,86.60854018518985,88.9353016414229,92.44280660664838,89.57714170658338,86.79990512557103,89.01288108536393,86.53645883123636,86.21840301938538,86.43913288941323,78.76158945105044,71.38770485008858,73.96203439539482,79.06378843763821,84.36750665117054,76.1621784565953,71.91545213435445,70.2693059494845
Simulation,750,88.04402337704087,85.76673455323697,85.44926321819034,90.05834057329102,90.07257220952305,89.45448345522546,88.52874241444019,90.75896665631412,92.53162428720124,91.78920445167971,92.60603086421659,90.64941589618586,88.79942782526338,87.55732629107958,85.72581122206233,84.52891293982799,85.39995748193643,83.96080213617908,72.25828822550433,75.57794399132983,84.16558729426583,78.08718969569799,73.0446207686932,63.025970885319545
Simulation,751,67.48510146224875,65.22078374633253,63.809868969627765,75.64615092531776,82.86386842813141,85.70482392046642,83.11374603022217,87.90428297779714,87.06248246907013,89.35794484939582,82.23661713121322,79.12837725314353,85.32519429654032,81.27189951368364,88.68561177687923,84.5466715674104,86.9772963641843,86.61447036892409,80.88477485341673,85.10700306617862,83.60423450055157,82.35132547357317,85.01759679699921,73.932371104585
Simulation,752,84.12507040675408,83.38831919709288,78.13239389919823,84.29100894890014,87.96692599578341,89.36394700796266,88.44858065132853,91.56368663496276,92.96882790666776,93.13575985459711,88.94274487362438,86.29823538644582,86.76936839145237,86.0615809025318,81.17004867339028,78.0532775814352,68.5898634727102,80.49566709437298,83.51846385332215,88.69291658370625,87.96163067939771,78.7589446797633,77.70005080252199,70.80659256100799
Simulation,753,78.92446902696013,82.85425191114489,79.68012612156247,86.07921819982049,90.29436673230063,91.67662925573211,90.86733678922245,91.29233933136373,93.32714302687529,91.36571411837124,90.75043074558086,91.69661528687948,92.48004232652683,91.30135479225069,91.92464226263569,91.18992180904294,83.57022104482753,83.82961982001166,84.08372744319365,86.04652722997275,86.70824157872525,82.83464132669268,86.78958550654606,78.6652360501592
Simulation,754,84.7065359446612,81.97473111684099,82.19468053380147,85.09383993952028,92.31462464536037,90.99783249598515,93.61857070497507,91.15855667584232,92.73905266492801,91.04181803050126,89.15244453642833,89.60389786877468,88.62535356657297,88.94368866805159,86.62945753921348,86.30689498789546,84.41910983164979,86.55036626081595,90.18660437165234,90.46653765228355,88.75475129968588,82.45395316023989,85.42266254778534,76.2469631038281
Simulation,755,73.10145572370503,72.97594282577572,77.78219360875497,83.52996286145373,83.24746194537504,77.92108514654225,77.27889438210973,86.53723373375152,90.10421110138252,91.52525984147935,92.16285448527002,92.11242308826243,91.82497635540372,92.5811305239548,89.0480087556881,86.57103586557625,83.07882209803294,80.39292468328374,84.87357593318221,86.38571697076037,81.6972549696479,79.4913740207466,81.1743997325187,67.8600823195794
Simulation,756,72.7525721590062,72.91328759083392,67.93131326337284,74.28032702434767,82.57031572623919,78.1613310990362,76.1446147657912,91.3047783310027,92.3717689086429,91.34996006501885,85.45152696763796,86.1985786698613,89.47428541133476,89.26657480916427,88.1767251468402,81.26744267268646,81.62285491108169,70.04268909369416,75.12116362754898,75.11812814681326,84.96652236811849,85.8465921048278,90.40799434619201,82.14890579547111
Simulation,757,62.63477089311271,67.52961248858323,66.2290994913535,73.33823292176953,85.15852186826055,85.20690128287312,82.90596299270324,87.77100640646306,89.98297636075979,92.20520525761995,92.49926713631588,93.33430801376198,93.43151467156049,90.67154766590858,89.73071769878669,84.91390351463833,72.39352401680756,73.6480621863641,72.91658155822098,83.13329217559638,71.57105418983036,70.41555331486961,70.21203889748102,57.73856528916291
Simulation,758,80.1245660758092,81.65370833447342,76.13562020738607,85.10418754738292,85.99855907947017,88.8078388196853,87.68549817916364,90.68303746867005,91.64965180561943,94.0031043008493,90.27616533103131,87.85376154545627,90.24421338394508,93.01970987294567,91.04423634547014,86.61859828730567,82.99595874690552,89.6674075831059,90.64258020641645,90.57603759103756,88.51180686875367,85.01944039129681,83.89255657910206,73.64885426843833
Simulation,759,59.37413952651672,69.24600870845576,72.08534363097624,72.01209616044,83.22103487658542,85.65483042480281,88.65176042961198,86.31260942916373,91.7788197036519,90.96950872196854,89.0894331030074,91.27561678321067,91.00475920332616,88.62111288215883,90.6159958332648,85.27812302238141,78.67569066656169,76.83551712438778,81.97601347783028,83.44070067883668,86.20524616934688,82.61043700894305,81.62704224566826,69.20396592968659
Simulation,760,75.7005418175431,78.06937640770776,76.96493877806,79.24967699320655,83.25796346123464,84.26622302024188,85.27571884172859,85.67104968831306,87.58626682743315,87.0799039846987,81.75493328520844,86.41280771360786,87.1884262473328,87.68581359202176,90.07346575865401,87.25600618392477,81.25409443955635,84.10152017096699,84.40846474044974,81.02150067430095,80.95804476972626,81.22692790870327,82.07579863498451,75.78803931220904
Simulation,761,69.91823290366787,72.70146482192557,71.01846333431645,83.73860185397747,87.13621894045906,89.34440544735597,91.39037548080907,92.90895259256364,94.18283176223689,93.60217526669268,92.89305027130358,94.34031629235005,95.04923583019092,92.8655019702171,92.76133842309423,89.40318535388744,82.83337512660998,83.0994849221923,83.74315637936273,89.39444096063566,87.73218193345437,82.11044071210371,82.28832532501578,72.57439629014893
Simulation,762,79.50832170697844,79.0084161551055,78.2967416447668,86.23338608133292,86.13981091663837,90.82218673541115,88.65364120228877,90.67803423232735,94.41977670839186,93.96570471923808,93.33129822290829,94.4409683143258,94.35074340652763,89.58304792444486,93.32932689438513,87.7613418538128,84.16837531593822,86.01007819053683,84.31053144841293,75.04218777738376,65.76915517803985,68.10012859745089,75.04106955314182,64.7474897065488
Simulation,763,71.05229616753537,79.90827504886131,77.78197020409807,84.13592448220638,86.6570683310291,86.1673441597606,87.47550031432442,86.21713710041423,89.44550050308254,88.57553311037564,89.08657235748746,87.91442827701239,86.63919678408675,84.31468732386124,86.85736396982038,83.16151749679045,70.94752065913981,76.76219819659033,84.47621661512963,82.72847470122848,76.02823852280493,75.21516200167328,82.22919508464791,74.02152593302388
Simulation,764,81.69023069161612,80.55241742138668,76.82577226095756,80.01132347723814,77.44477075300895,87.63751238539699,86.60754361792014,88.50422474633287,93.32751710547947,91.95425183341067,90.30591189429566,88.69099101548802,92.521437506563,92.25464074554007,93.65819305992272,91.42262539288575,87.68372170491175,83.80843135824651,85.09852322654503,85.48323256191784,87.16869200068142,84.79880319440437,86.22040547623268,75.57515532429335
Simulation,765,67.16865053077132,76.65320678473238,68.18437911215206,82.07050099539828,82.22677992476606,86.94979584649573,85.9284151236293,87.86947823966152,93.80505458040328,93.88703418642373,92.42378653460122,94.7825599319921,94.92962561925694,93.13693794627576,91.00212415116995,90.94598791101025,80.84066988022266,80.36722570528511,81.36128637540803,85.92474802512349,86.86773651633544,83.04298933625279,84.81888584239512,75.15093587694588
Simulation,766,81.71008308764172,80.51104230414347,79.61496560137678,84.33178992073235,84.3398744707736,80.55390842510988,77.84358107800017,88.84551969796186,90.05572073256049,93.09163145170103,89.5880421633342,88.96278037024085,91.53734212298582,92.02935770337564,91.81276238169377,88.96936509917282,82.77254058315391,86.79814081268157,86.93049902136698,91.49717222425471,93.81020648571108,88.12521054727816,90.72768086945909,85.55988083704563
Simulation,767,81.75029452653197,82.84273451789936,82.39246652808416,88.71452914526884,87.79553997229313,86.37486185365265,87.12627727918918,90.11009730944328,90.35482529296637,90.25947310436383,86.98898545726904,81.59473722068216,86.32583104387245,80.23630112512248,79.23952209668411,70.36230519917619,68.57517026785271,81.89096122652164,82.97195818896529,85.265095238568,78.79419700314116,70.17173685210882,81.6225752984508,67.99972464511204
Simulation,768,77.50835389684123,80.13572394670202,78.74633128322827,86.25081070033028,87.85291843809149,88.31724359696702,85.37129897881951,87.36660570201127,88.42710255767942,87.6892799718281,87.44367829530917,86.32541250655567,86.70547457208787,89.45169108753508,89.75998102998574,86.13798781107744,75.45943989495316,83.52283959420261,86.19602909442462,88.17503505350932,87.22178225106653,82.3125347987613,84.8115294611461,71.66238170474132
Simulation,769,78.54436617786496,78.44679117213751,73.33274163275033,71.91041595358654,76.70841248039133,88.91565357098337,87.02885233599139,86.21064906952324,87.71537851390153,90.2765570567329,87.98093537097037,87.95509562544085,88.5870678878508,86.61794570352701,86.21642101609375,86.74827602726269,77.51561339338838,85.10617405300735,84.43614617319881,85.0948299881194,83.86071657513477,80.16281589277745,81.32171623587716,71.24346573727978
Simulation,770,79.50967960013168,76.31792662773013,77.71735665982067,84.92597113382372,86.43929588353099,87.20032268927181,85.34067322667275,85.89302073558179,88.69556549237969,87.5376956902781,88.5546345294989,87.05251587880245,90.42022076676983,89.74240043501558,85.55074233612177,78.20363214365004,70.73167475471047,82.09763340665519,87.7675854422009,89.85197109202213,85.91677375357813,84.4737040552165,84.17974434613465,76.97362084830868
Simulation,771,75.23278523554852,76.9411201614924,76.07226546012996,84.69780315523232,89.45743292886479,85.81845512783354,86.46593780066058,87.17995646543437,92.36096203409,92.13837173065286,89.35976576494168,94.16676950378691,93.910678336003,92.13083564997356,89.55916147966694,88.68149458950687,84.08203460106193,90.27889130424109,90.62008307734585,88.15654006690357,88.12798389684133,77.05074343763063,84.95729437767075,72.48166362018094
Simulation,772,79.09500442705179,80.71820068436955,76.88743881350707,80.72245232596369,86.46935330265075,89.84443935762181,90.32876975977129,91.04386061611375,94.95740392178118,93.88310167806397,90.11537101781067,88.66297884554524,88.70455526616048,90.22281674815802,89.2246458243902,86.85687863655039,78.1330103768941,76.65853515111678,80.28980105296534,82.51846400264142,75.66057893088075,68.82056744162192,67.07303455215126,57.73762166414237
Simulation,773,78.18691143252721,78.78958985441179,78.16114860015148,81.3673458196632,84.95647595441989,85.24200820301421,85.02984388802433,86.24959596998734,91.69909311722674,88.21377644635912,87.98814212497454,90.76874714659004,89.64899734687546,87.37103363847581,88.78359017886025,87.84286572445039,85.49060684230167,89.08797126300504,90.35331705434939,88.31146780545852,86.67049891979875,79.91517748144408,85.35395744671727,73.98339065225223
Simulation,774,81.26329155253119,81.91048895611975,75.19257499476764,85.26147358853143,89.34310607743058,88.80883792329162,89.40768957904788,91.11964701026743,90.44370494510343,93.3567121091135,92.4341346868446,91.71501582416758,93.63883912585592,90.68492791208816,90.15750884955834,85.85863556270345,80.63882613005275,84.67798626306734,79.84273698465427,77.89184514085399,81.87071056725408,77.79329226826536,84.3067714690824,69.23731624244144
Simulation,775,79.67545419786723,78.76151179412997,74.05647348431894,83.07063058177347,86.73145080883585,87.41698220806937,83.60936346204409,85.82736535003794,87.95993301948378,86.926883566196,87.07081023476543,87.70732058672928,90.17369860647473,86.47502748782466,88.1256328979512,84.7797186522947,76.55273312286778,78.68935899688962,81.512719578256,82.3110539454861,85.54857840746091,82.40993124599916,85.93101873070538,75.0558341062298
Simulation,776,79.61077951891463,75.5488168973733,63.443664841277936,76.78296667164575,75.96335318511743,78.4351256620904,82.26616012698274,89.29475492164556,93.3853483965838,92.97720376065229,92.34918954329726,88.15577921217344,88.7275145424386,89.14240624442154,88.60894654021669,81.43302304109956,82.6638515478707,84.85566089262834,81.1179356340407,84.85141748096424,82.84946311295054,68.3189210999881,78.31573296967616,71.01146604935035
Simulation,777,74.60985410521572,78.7557180585105,70.95996596044914,76.79057789865075,80.89837520920587,83.8027266280098,87.8382570858947,86.10867209730016,89.98312309669866,88.72751547275227,88.56585763299832,90.83604023377495,88.23751432352978,86.30514204764796,79.66884536896265,83.26230241332367,78.79722923024195,81.17850888899295,71.03531230535754,77.2738815019356,78.5609341569709,61.38514909320758,63.08896606213142,46.868664589788665
Simulation,778,81.13089327984976,81.62561476400145,74.47355644911431,84.40252188763084,88.41289967536053,86.9624771909877,88.72064163557793,90.09434134899908,93.23260534196689,91.31835646713118,87.69561181786418,82.40917896953832,87.03851600326334,88.92868655682808,91.71115797446156,89.21804214227164,84.53582613606955,84.8670857388942,80.58168669670059,81.16073239829208,82.01953346866468,78.31254404014824,77.37033385290421,67.48932893507818
Simulation,779,74.75502862478672,76.98137370037861,69.59368113163748,78.03395964678474,88.40877953048789,85.45440032608178,84.59549903542991,83.67596902559708,81.14025147413365,87.19434217052168,89.66434162769303,90.64469718991373,89.93612547351533,92.40451990049226,92.17344454723924,88.3872701990187,84.67660407877861,87.32630218823446,86.03598985815427,90.31285786206126,89.48154865895982,83.49740815053062,79.53556746920714,61.51240375186826
Simulation,780,74.92320506959528,69.31407040299342,67.16179433315196,67.35446613576428,74.41118568629386,69.46173789266066,71.40125569244249,73.90758959916457,83.5828443862886,85.13389813794748,79.02135263318208,76.26302267764571,78.0748065189302,79.32896702872328,79.35183955886615,74.46684770896579,78.56105241837264,78.08869543574325,85.26868599707417,86.51885981433796,78.97174630852072,75.46183270612644,70.0405024202142,68.02495304197073
Simulation,781,74.10404416925135,76.93631341857522,68.03620103944012,65.79651929230067,73.41579381958195,74.3152789558986,85.59938255148732,90.33035535807149,93.41283334136821,94.81485318845581,92.18634321860694,89.6634165514236,91.95340274141329,91.09926994981139,91.0702171685682,87.19386460068155,82.8327571131907,83.8905236401762,85.48599108264044,89.34965416021191,89.56431748917726,82.91322648948707,87.20469339071728,76.94651548174842
Simulation,782,80.54876797572314,81.78037458009476,76.30323821748601,82.65986309828303,85.4428544870378,85.28939453060846,85.31202594323707,89.3744392297323,90.00271909432155,92.96340984133197,90.74500422778296,93.70189488754119,94.13218626558688,93.08842708766332,93.4133189524805,88.23943851008667,74.50003606720537,69.37634216058194,68.03918730655124,75.725515348675,83.56096458895315,76.38798305558475,78.27118046825605,66.16805076279766
Simulation,783,78.35026694279917,79.59023914229384,77.63416570357208,83.5447059457728,86.23406320967803,85.16198617914915,87.58593399763686,93.72441542526305,94.96485747850612,94.24708051408396,93.65419419820319,88.95081333918225,90.82499908179703,86.53503134568399,88.37470712583969,82.40294081926882,81.63305888040836,83.18911540949128,82.68165110548968,85.46103792907022,82.99121022747615,71.34369279412093,74.37924811403482,68.15752938882747
Simulation,784,79.04083170999762,82.50753082190984,77.02925434024326,83.16914199360039,86.4981382789227,85.79962240116596,84.78936002814439,91.26428804879528,90.36159908835508,92.50191998198666,90.34137930572848,90.66599085836339,88.36322085755695,82.17402990863982,79.35174673159098,75.46064994003868,62.999451754198645,68.43189950862717,73.35296261837486,75.08487503941106,81.85744075003738,75.74098614023707,81.6716683830087,71.673897188961
Simulation,785,80.54914324146736,82.68937560401763,77.6248986224398,86.22113650396116,87.7804204847327,86.69818814333698,86.83502973783125,88.28975558405197,89.15314641735499,89.27000276333447,86.46358318839579,88.78017307135009,85.81151514418849,88.41053077376658,87.98464139952507,91.29387173772852,86.75878701631835,86.98183902006863,89.2103695694748,90.38744359283795,90.37158602326937,83.86005556884376,86.2893807400022,73.79704414560125
Simulation,786,68.4989724346054,59.407254181459066,58.14413721493172,69.5366898269385,68.75374112281358,82.20455314572402,84.2803947961792,87.02393460288602,88.13811549801324,87.5460088613956,87.34050952028119,82.34418358864312,86.24209358023722,79.91563253748089,82.39419886308826,85.20098180510705,78.94221428315599,82.6774652953696,84.39605238581166,86.58112122144561,84.74534865428188,70.94484403697591,71.12331611784705,67.8786941443437
Simulation,787,76.50490395638013,79.09474370689028,81.14805771995248,84.79351098450209,93.497288114242,92.75045367449975,91.38500594365,92.54854734011818,92.0624258397685,94.10777764408427,92.88598965159836,93.15840416725479,94.42104298066994,92.15031880037604,91.93608052723357,86.28338172154332,75.21739627786015,83.2516125273355,76.0536701708831,83.94560338520384,82.79026257329411,80.65127788024157,74.21973525927012,63.018231375224715
Simulation,788,75.49829444100229,78.39064859558513,78.2990410113838,83.93532692373317,85.98955950608476,88.14096692969318,82.75435564070871,87.91816957794974,89.34712196929586,88.30385485127033,91.63498184365304,89.9374064546532,87.38876211605209,87.51081495203267,86.0933874020418,81.26189172011439,82.38834685146665,82.13666142989155,64.07914846988687,77.40299525263059,82.73229822750234,81.22078004295065,83.60157824090228,72.84090726737514
Simulation,789,79.03400410904376,68.43852704072789,70.96872869845448,80.4550640579346,81.59608815030768,87.34272850233862,87.18062817431647,89.78363879758993,90.94565568253515,90.44696717691592,88.55857457547731,91.25825364969448,90.06450016033514,89.90497942929905,89.35342513855142,84.45009451274817,82.16716707611536,83.91416314941752,85.24342621247135,87.79712474086763,88.82364436893728,82.19805283509336,83.10845779354091,71.48716627364247
Simulation,790,73.0987666445628,67.76709600723062,65.18181198044184,78.00371433432173,82.72303602462057,87.43664210083088,85.30854374080661,90.16963004865663,93.50158607931083,93.549238632487,89.19526754785181,88.67334131491563,93.48896874839339,91.54467333422356,93.3441508709007,90.60626406740147,82.48963816154476,83.60626149123505,83.30678628272825,86.02553259583482,89.0541937266112,81.35283995139156,79.54279400612256,66.74401961126928
Simulation,791,74.4429226338458,76.30920254780716,72.35420335095002,70.98124768380423,79.73064838501877,85.80443309260022,81.54304672265177,85.02125202978705,84.82219996453155,87.81713859038511,87.84326470391655,86.31599039045227,91.42501352898847,89.53523182471484,87.05636667004057,83.28779095890211,77.65041366250624,69.3236779921153,67.04286853626758,71.69651757802606,70.64512107428565,72.88391032220768,78.9363656307356,62.64609263257981
Simulation,792,80.62312783304995,82.74468758190653,78.38456892636736,83.19419667326818,81.8862244148681,86.82990789048817,86.22629940729107,87.82545578105635,88.70729232147588,90.05490117897874,87.70418942426429,84.8115877832161,86.83573002536473,86.00490325333509,88.67323897172842,85.92235326884142,80.47628011628245,79.06283140812859,73.24793589499832,82.51584143871733,83.76707136495446,75.732695052044,77.56203438792114,67.87181005691696
Simulation,793,84.84048483709358,85.26887661444312,83.63135458376131,88.69559127090344,92.5044963522889,88.93076199231783,84.79585175991873,88.50861984826925,89.00644127449588,91.80195502069107,89.36533954888311,87.77695121959977,89.69614422760617,86.86229549072824,86.18118958542925,82.98723339403747,70.31718142864109,80.92425194695608,81.36878488686777,85.30591296084614,83.76918018638916,80.43902447106831,83.41624326929286,70.63852631146933
Simulation,794,77.8016038788643,77.64994600220022,74.30957507956845,82.24395153885891,84.37494788369374,84.30662894313491,82.70376497093926,84.7638533790386,91.72883792121173,93.21757222136613,92.72264278161673,94.31422831493985,91.78303323822908,86.67564286310947,88.37338181924589,84.359697028067,83.58333303136624,85.77078478938182,87.97866993645259,87.20775716783997,87.6433771149234,86.57868890289643,84.54358044382738,76.28248566548568
Simulation,795,76.78826647070375,79.7255426949623,74.4192223224266,74.8167377367853,77.53934467163504,84.26862759111062,85.92356382466595,85.74824957374724,93.29325719291431,93.48704796287711,92.71347544033723,93.29576632338245,94.02825936167723,93.81839864373906,94.98988268111928,91.29692434470338,85.45625038402015,88.26701679553688,89.83020977294153,89.70843182207071,89.00421522940717,85.03410231361977,85.3168239056683,73.60251838084048
Simulation,796,80.88712398427904,76.30623094219355,64.97470339223824,71.35168303422188,77.02548869042118,87.51284181790804,87.7067188057745,88.85654691867015,91.51480465717327,92.1095962340372,94.36394461295613,93.85047440494083,92.95542084056844,92.62111547925115,91.71030219086788,88.6161591178306,87.40948365803024,85.7066977412574,85.23710692926413,88.13227825452554,88.8203052073328,84.66110572370391,86.17114367680102,73.727768417328
Simulation,797,79.04015035471643,72.59209084148861,71.9195035281371,75.11345814447075,77.99568247261587,86.33871024273824,83.78554136359809,87.85243997318582,89.44619883040562,90.97790576536289,90.19980692431822,89.34099322794958,90.21503532743438,88.17043250013208,88.69546890008709,87.49458886619466,72.98987719580856,84.91974254876635,84.44277202330024,88.60745340526157,89.59245249409949,82.31963227813358,84.35712695624159,77.77673296005825
Simulation,798,82.55574444528632,80.28447100175894,78.79253705546813,79.4781680064001,84.5989080285647,87.47584154032869,85.59895645857581,87.74938829862248,91.55054132457687,93.66662031092953,93.24578048693603,90.74396053614872,90.36079934062658,89.96314993792562,87.90935634423754,87.38798493747723,85.73215924015756,87.88709984841873,86.9700335940847,88.15710888816263,87.7089211658532,80.60704541782349,77.94132110030945,70.93573618488304
Simulation,799,79.9640909191819,78.67709927799788,77.61987271953954,84.10383798582683,86.73809316690597,88.90905590737704,88.88855267867558,88.4046592651705,92.12340371392705,93.40713075194958,92.61069312978667,89.2690629118369,88.55945462983621,80.15739020427856,86.3898344576619,72.27034218362041,58.999310397929236,71.32284581042121,84.64755790710353,86.4769742878369,85.570752543169,81.55036069399557,79.61955138022238,74.65807955989122
Simulation,800,80.84521864810604,78.72289858931829,79.39564568273718,83.16901355266339,85.48146641414996,89.56773376599358,88.78477200886431,92.21727622508817,93.98425259984762,92.44161243198613,89.59829698338031,90.23196120177778,89.85472503500907,86.60339845973624,86.68853411076579,84.95104963981112,79.17262062147907,85.00481011067593,85.99647195247714,89.9758058212953,89.50753027204087,82.70576127069481,79.28528116831242,67.52593458691719
Simulation,801,75.39333197672116,75.60379741482926,71.83070514276328,73.28157941555368,80.00013381047218,80.65817489232197,78.98575489017766,85.04855318803817,88.39633943852445,88.43097326985185,78.90130943846128,81.07250555220777,82.57853099133331,79.2161611024777,84.2435376521866,74.49872345588159,61.58710023876113,70.62590949779802,70.96920665940347,77.0980753382732,70.56546914505714,66.88395397447538,76.67895703199888,71.0918006766032
Simulation,802,83.39514483773381,83.74270392257301,77.05367991790777,84.47134963155997,85.28696009856098,85.83137549237055,88.78490683543083,89.98547587333115,91.36964907836033,91.96406590540708,92.83700693665403,93.2191221329627,91.03012750526891,90.40021844729037,92.13207531274186,93.48413427725006,82.74577413338099,85.20235657985478,85.64658821979312,86.54329394928922,86.31231921655903,73.92513308017377,86.94062016795272,75.64717949228813
Simulation,803,76.10331633527376,79.11544116136393,72.90287375771807,80.33143577784922,84.62738799453348,79.9797354756615,82.5388569345769,85.8937908889305,92.23379982107133,91.95251443690374,90.27997863890558,91.54245501296626,92.3057268534737,89.94697056384221,89.34802004586328,82.3988906312638,71.13914861401938,73.50350505335024,72.81069791982804,73.92332030683565,76.36488089421775,75.4952816518559,82.73809252124815,73.08037246555908
Simulation,804,74.48655687843475,69.98748720997986,69.81355564338547,80.69819624390736,85.26823304890826,84.06793888681325,82.93293158731773,87.50945907946158,91.35543052544097,92.27421126817792,88.35575980515152,87.59216015137817,91.83023510743823,87.59529353184429,87.36275751813618,83.36273896212346,83.31894601053511,89.25878645538734,82.48324921957143,87.33917233714055,88.44456748962425,84.41086577102374,89.72274829157197,80.84993600885036
Simulation,805,78.89230718378361,82.28433344234239,81.64890435570607,85.01941213286592,90.30930290857887,90.22755740936901,91.05862602005703,90.15546585889234,93.81403125584025,92.44221860403933,92.18439468570293,91.70858849672817,94.67109107774579,92.09987236363638,90.26952208038773,87.11695729577124,73.64730875090468,80.40025409665344,80.2953260709192,83.09689535639971,86.0936208305111,82.34367275012177,81.39202812316513,72.40955798134931
Simulation,806,79.0417691285878,81.07447666351312,79.94090645500151,82.05443640179121,86.71662540887765,88.04826557134041,87.28248013981091,90.27543642981479,93.53488757074825,94.06905620799492,93.38586115085337,91.89619205687735,91.5375493707843,92.14380041906303,90.26952045828168,90.34048746842879,82.43003639799232,87.4965558679811,88.35572587373846,85.71321907081045,82.37975819796584,78.66997250745561,76.21125032828263,68.88999155618362
Simulation,807,78.60328618682614,74.93739541318327,73.66755848937905,75.85716367726971,72.76190983583146,72.21243809732029,71.79471931517406,80.31214616284656,89.39463820842836,87.77415623378846,86.65077564688768,86.48437155794915,88.17205947722665,85.81539885872705,87.01587184113522,77.28187784036422,81.63493362060807,80.1181233700603,82.70389767714187,86.50705885589325,85.81075147342094,76.1487390980634,70.34476593509072,71.93169567953551
Simulation,808,79.22293999794921,78.72741880284947,77.1349167679942,84.53824809949434,84.58061745261486,87.84317338830971,89.47819566502457,90.79572351334254,94.19737847409573,92.89498167117027,93.57707582151852,90.62476620987542,93.91506838603118,91.89685981319775,92.32103936683123,90.21728000873804,85.324332665971,79.63214087169894,79.25708571855039,81.82399174508095,83.32841547600414,74.6356454434814,80.14835056173244,70.31701281143305
Simulation,809,79.99458754394391,79.86461956126097,75.43753361005805,80.18971168672644,83.84726274852432,86.33770690510332,86.4362832266017,86.66553572757553,92.12224219814287,93.27406607031597,88.10818249124263,87.98559547723136,85.77664703483731,85.91051034278965,84.22368750807091,75.87107011084012,79.64608016936846,77.24876466015823,87.12538163019681,90.65770682158599,91.59222523733773,89.74320032055371,90.72524965259045,81.51232368855008
Simulation,810,80.3298379404588,75.03009299783211,77.33613035096715,81.04017050672189,88.07920505230183,89.34958027556388,88.88310087511648,90.89733920586073,93.4567903067707,92.25620257519282,90.87882914025364,91.22820070401639,90.2154207613491,91.05120442729908,91.12417656927013,78.85971440932879,69.63071557698689,69.19889900501516,72.76175897420416,77.3709235282774,83.1375886644104,69.74554581231543,80.1762106216877,73.24430478495748
Simulation,811,76.46806773192503,74.65293922088078,76.00912091140218,80.4397964465881,85.46612709908021,86.87292575259437,88.60351053768704,92.29926469290696,92.65373727692342,94.09393360133325,90.64118383667059,91.26708032670327,93.8412139176965,89.93061340264059,89.16834643850252,82.99519278238633,77.91811561493448,71.38867964711366,75.27721103884059,75.53400617615144,83.23585311976082,81.09963584826657,83.46139030319551,74.4723926276268
Simulation,812,78.55892592469817,80.52901080192837,79.32424562252027,85.70442234260857,80.94546415129699,84.75996709293904,82.89678034599697,82.59236784891748,89.31021897003859,88.36736890153571,87.10287547689865,90.23359872577038,88.58754517862641,80.14538329892217,85.34508161069282,83.21452799433382,86.42279376831236,89.14325237620685,86.37030050859981,91.54397451826456,89.10216085042491,82.65464918779469,84.5457972639384,72.40974947009211
Simulation,813,77.0973711002146,81.86457319815332,77.34552658808036,84.99715897829503,83.08972727889967,80.20926781645305,79.5990814245386,84.34039272648943,88.5590116711338,87.49614010380668,86.5108021246556,82.663351193195,85.95843787349122,80.5343751199997,88.40481686971837,75.89581756171309,74.50765790207318,69.13189615415577,73.90096534869731,77.31164591296928,82.78750096999221,68.56706234610228,80.14869731618602,68.93044548006559
Simulation,814,87.59074643254412,86.32216065778735,81.72880557303215,84.52523079882573,85.71619623054086,89.2497689838498,84.8097454363666,87.50983111800295,92.23213574299946,93.8636812168774,86.9404155146183,86.51680672518377,87.31645300380919,86.39412089891064,89.4673921691595,81.38129922957472,70.73038882162564,70.49028231064965,82.44731981138284,83.84441780254916,85.13670430453449,79.82573146679184,77.6563305506585,69.00381648897049
Simulation,815,76.01733920073977,73.8898115752029,65.3805511963475,72.82025654067195,77.44112513176297,79.553910091221,78.9295052807024,86.51723584840961,87.77969790658284,86.41567387657882,87.0817019216061,84.61850637196801,86.48321889206474,87.70612725919261,84.86422594625799,81.50749461008441,75.8471393922014,80.9491766847334,81.18739717002913,87.97137367166113,86.93186312531728,82.9354077338391,85.82039960146695,73.40052151077691
Simulation,816,74.66271366842155,75.17644460000646,76.9343107128924,84.70758403366278,84.37836738547378,85.64026948324265,85.91899085102294,85.93247241411287,89.94099583966482,89.09049311501798,88.3215377426284,89.99736437134484,92.9016697446937,86.90446857012853,90.41840570916787,87.81963613764285,77.73751309049399,81.83459435901935,83.73944321346877,89.10429423534953,86.45120862203525,76.65432790860793,71.12707561320029,67.6564592521135
Simulation,817,73.49695846069513,71.9267030520983,75.49195534655608,81.48749578620773,80.88604848302239,78.42769274748761,86.20404354482822,85.53897204070944,87.69447373009439,87.58671453723511,89.0849639836051,89.08805609068524,89.81604631427992,87.54889055092474,90.41721674931588,85.51521500303716,79.9879751430779,73.9907882352702,71.3358912601771,83.2996954601644,77.94764176550584,83.04140355358219,84.51626706725669,72.04097256829336
Simulation,818,77.91271275073805,78.27509258910136,73.78580961162051,73.32581975628032,73.75010178544306,73.19711657514573,81.61717349981998,86.85135958076096,88.57571865539602,85.12558527838546,82.9226402617347,87.46509694134744,91.47216919242645,86.39185438693687,85.92487177019963,84.02766830170461,70.5378031662532,73.51035598613204,74.47329196489811,78.41975891285082,74.50694464659811,76.99041423591845,82.81764908292325,69.84236217635183
Simulation,819,72.73572415439729,72.90296221782278,74.71074395412845,80.80992974722564,85.004797923388,87.21157471461999,84.86200567121439,86.30748011855269,89.71292869528531,90.45697551483474,91.5090245741987,94.2221434592253,92.57004438969373,91.31006780976645,86.94508529051754,86.64896569815522,78.47090536281463,76.58364918311176,78.22004611474172,86.77658044616301,80.8601041350303,77.65440493952869,79.50853091595573,72.6178279199438
Simulation,820,80.32328842114488,76.6409101652964,75.45973421398878,78.309093586584,80.90176827587683,87.01454329055946,87.60564586090061,87.37066183350944,88.21165207736871,87.71248110590544,80.66092971227437,78.64076036790289,79.44032725853594,75.70610775191938,78.9272975390269,74.69179672208537,66.22692012262297,74.79036437974703,81.93107320224226,86.61467607508843,85.28171905452011,70.86965307248224,72.94131978055229,58.21698022266297
Simulation,821,75.42513399632125,78.06974978572785,77.05765495258417,81.74106980545227,83.69020442741383,85.75943491572751,81.34831621300009,77.76207646472582,87.11929679015934,86.79253887119218,85.36662028219865,81.27501563277133,90.49578671338395,90.47437620677043,90.80793937379227,87.483883137345,88.04596704977106,91.43694990244579,91.20785285444737,89.9844192437367,91.14136087530551,83.84532402976517,86.70213498511653,74.82946129884202
Simulation,822,82.55604081273624,83.10322347497927,80.02017084507645,90.17915539996889,92.91019304197701,92.976510681959,92.1981884815651,93.3654271278975,95.29155250879143,95.028115270699,94.18197136576654,94.07411479182431,92.58715574956875,86.60028933928447,87.87943570765684,87.56692280068438,84.0294182125344,85.43420331680079,75.18157729148305,79.3052977633036,83.30451051811869,82.23943665567721,88.12805783015422,77.94692899019367
Simulation,823,74.13475007342456,78.11036551656957,69.45344446729952,72.71876973583785,81.54532738243346,87.85101819209302,87.05836612118595,90.33577285214147,89.89497603241085,87.14576943604392,86.43703853387915,88.40154575782884,86.33178982330531,87.03571248180097,88.97527622317689,87.70968930028539,81.2940982373239,83.32869155506094,85.80423887222996,88.91497083504602,88.92697978628223,84.406615409236,85.99349310117675,76.64807423897798
Simulation,824,76.60801709262998,77.62739937807498,78.03608607872665,86.02813161557987,87.71398307881097,88.3005096229005,87.56147527548639,87.93941186831653,91.55941455635885,88.5580720289848,89.51370656446211,86.05543188705148,88.65753114541992,85.59442270953981,87.35914802049189,85.47177691181781,81.28419240005393,85.10853100114876,85.60151498103863,87.07112977540575,83.7676658601469,83.20306100027466,84.81223849636778,71.30305112392303
Simulation,825,66.90162145565361,72.53618789916423,72.78304969358983,72.98819276736332,77.2090926161293,88.96116124829283,89.62371001403389,90.56697858959096,94.62681884459431,93.82490477568903,92.90060793131079,93.01994532277686,93.37586257785198,91.30421144441554,90.42574215110261,86.78180566246364,81.64810933920836,79.84197643100728,79.22601129641588,82.72250645690505,82.62883404661619,81.0472510419661,83.1036154156908,73.05700435497658
Simulation,826,78.98575940086427,79.29714973874964,79.08865416881488,85.23506208137351,87.99722109818745,86.3703667140329,82.17913551432324,85.02989644310523,88.13205241777355,89.44372822759284,87.1446181377953,86.80605604067334,87.74090204955247,81.37477639138002,86.3784210732159,83.26144920118847,70.51579750297286,85.08282987862395,82.69184773008541,85.0929972225143,84.17928264066533,84.78224655019675,87.06888059082675,74.84264417626181
Simulation,827,76.64668907395172,82.45850260806412,76.02774978199238,72.69482741988506,82.61785823510183,85.55397113220957,86.69517845874356,88.04663606093031,94.77335182155628,94.53495467968044,92.36035651274062,93.72766786440022,94.38176895362142,93.41151998624235,93.01900643445641,89.44413194055242,85.01761143703118,88.52448257138188,87.4031713166533,90.97003051701692,89.80443904944788,86.48321957925977,87.8461985267158,75.04435610902621
Simulation,828,79.0432356489693,78.34195884306665,78.64097523225429,85.87207100414406,88.97627717428739,87.85297381047842,88.31259743597232,88.82828417946189,92.70236462628529,88.82935892056156,90.64050122883167,92.20997678687154,93.74300890952766,93.23076271808756,94.35133969415476,93.16300465178908,83.85390972548161,84.40667000906406,84.50126263096709,84.69947349982718,86.29339261718022,84.0683956074746,84.03797666470255,71.21114941647767
Simulation,829,79.24809908321178,79.86468385411722,77.36835441063637,81.70778817419426,85.2805381092828,85.63829620276775,87.55198215584743,87.49309012460323,88.9977889085655,90.77615574486798,87.42567550079974,86.35034928392211,88.55708678303365,86.94920048840193,88.8374740103809,86.06599171316674,78.86313790396956,87.53988289580313,84.02222319702908,86.18450112862642,88.2523386813199,79.49270781834198,85.31631271220948,77.75186087254568
Simulation,830,82.14297034663852,81.77798332905596,82.19632979999096,85.48942659673197,89.80973862680528,89.05041321723195,86.49161980220386,90.33044729782631,92.45509839248294,93.13504790475598,89.95015488858996,88.5092389080923,90.53026310053573,90.91027913815557,92.34362026769958,91.26916169757692,88.36384990958128,88.72252997821144,85.90309878628901,87.57142651080869,87.63465042388829,82.71153604545474,82.65478598703467,76.69033144227313
Simulation,831,86.28219699647477,88.21653928724886,81.59183334974057,88.51092497077533,87.66704069758003,90.2806318744272,90.28929743837344,89.9374384031439,91.15040970919331,93.10741026764147,89.36050136650286,89.75856129697361,89.20018296223688,87.37286125879491,91.14036230727034,88.22824209388646,82.49395070543461,82.16973732903858,83.36767134173114,86.71495766591036,83.50587964234462,74.32224667633365,78.25786744634465,70.60472887639015
Simulation,832,78.70605155870248,80.59598591377241,77.44429523224535,84.02245860188481,90.36315799415928,92.06686198567817,87.95402353691394,90.39406186625104,91.44946343440473,91.24086291820588,88.21380474468884,89.54492800162684,92.30669813973098,89.77181090235031,87.05905190701252,89.48535905187626,82.21613874171246,83.90977473567713,84.2926445981601,90.37869263464809,90.24457560179552,85.17858311385083,85.67934255042852,76.30196363781954
Simulation,833,65.16529985589702,63.48307655447135,61.72870364336262,72.58643852278894,79.91000705535414,86.51771722331279,85.66568514998276,86.50956055869656,89.15447096276853,84.48953534915859,86.77656134393088,87.23862138445682,88.75113191031176,87.7935750166167,86.26017965373286,75.86412942115864,76.43368950778013,78.99591138633016,81.95177083968787,79.89507214547044,84.13836839120138,82.57936766835861,83.11107240682136,71.64082695028645
Simulation,834,77.12202631632688,70.07681220209032,74.89080952128018,77.2580852045191,80.9736224800381,85.82430806415127,85.77097991135608,87.34224174839703,86.95580993933471,90.32943679411757,87.14857545572677,86.80129500261359,88.43420637657903,87.51477614602459,87.8868010210851,84.52736417056289,81.71778330304736,82.33335740658418,78.43169938393909,82.03801882840611,85.3176758035841,81.214789644933,82.63648869062371,72.27591962013466
Simulation,835,80.7799928383111,81.81790849687015,81.750155497966,84.23169032088668,83.04654767596605,86.80369836852246,85.78115173483064,91.23518019114312,92.7024707281115,94.13956964929547,88.9058047468051,87.320013774889,86.97829337368248,87.18358970683535,85.80240987031482,78.38772916964051,69.74625843182892,67.48224418067522,76.49754548960375,78.38835107701375,88.01459343760658,84.79201790579123,87.42265889862318,78.75809261414473
Simulation,836,79.79260148435242,80.87205599042258,79.63435767619596,82.13760084895904,78.00837202066454,87.98987333881206,85.40711777786342,82.47403501282939,86.87979497170062,89.3815591771645,88.5931928038544,90.54793578730587,91.79961720790234,86.92827691342532,89.3586417465408,85.03997383169173,78.97076301059957,71.98313023729055,81.25133390977172,82.65631607956699,81.87565153151948,81.04544001416296,80.77495368757263,72.1989211342669
Simulation,837,82.71734237747188,77.21429081935054,74.20418014425518,83.7383037820303,84.64151245432994,87.60142011719219,85.34191256197266,86.68960573304317,90.87674143349805,89.10316953232814,86.51050987459165,79.23643185763514,84.0679774080299,79.1965570532074,78.30140799596522,72.1421229170218,73.37712652120258,75.86144712281221,73.658159480411,80.20756743880762,81.8829368052336,81.4695292396889,87.51016239285248,74.90532632088404
Simulation,838,80.83788158009104,78.88367443719041,79.75186014826923,88.13530981925526,85.4115628939394,89.01743400943873,90.29799630990271,92.08560511378107,92.94887708923589,93.44451429926204,93.80412159408041,93.20872221180332,92.80916165387359,90.31406539157192,92.23754116507267,86.05887349196297,82.41458065884584,84.3941375914269,85.47025636583652,86.50933348188832,86.10788098269336,69.7417998153214,68.56736307711142,71.67787953648099
Simulation,839,78.5231796609488,78.06908331278512,78.64171657063747,84.85902611463735,85.54817532177137,78.77533208588532,83.77330193040964,88.98575694476988,90.37256867529621,90.88652012494194,88.86044915641726,89.36233078230397,87.88820372689831,85.90944260130155,79.41599014984153,76.86850628596122,78.17158014714825,69.91444321536797,72.9053042652285,82.6625178878502,77.49762827929769,71.60076137488524,79.86518210409606,61.66297594518785
Simulation,840,81.50717763945542,81.86401442010835,88.02199581998792,88.75707226810374,88.88402805220308,83.49841300183164,85.31882951838077,83.18439329313314,87.60254846814236,92.05611938667471,92.00636575154536,88.47780075632257,92.97103569284539,88.10458237104642,91.76770840216375,89.98838517071411,86.49339175966837,89.63886067625133,90.6914273474221,94.4833442013587,90.60237842579745,87.3947409825821,88.63847382318042,76.64917976575347
Simulation,841,72.53876213234763,76.65232162147394,75.08508945014728,74.38519817012869,80.26714425115247,76.08984056303964,76.57299564993693,82.93678837681502,87.92029660836181,88.2208966753182,90.78295047020595,90.53886612315608,88.9515698601182,90.66224351030317,92.87404764649,90.31590352840394,84.00501546491228,85.37530535752907,82.61506870991923,86.14924009214363,87.57553209774828,85.39391658912965,85.89661055344841,79.36949140066817
Simulation,842,80.71947016481664,81.97850778209008,78.24715974047538,87.11919370556174,86.73846012366626,90.32165993383082,85.83575902628365,89.6858967286071,92.45281452966792,91.15193787704645,91.79805575933237,90.6294493319213,90.44673789068392,92.1883321232757,93.54506375220282,87.49461055683327,82.83225905600003,85.18167594883494,87.80708074310851,87.12267194276889,86.52482602341638,85.01538599044879,87.05545857000297,76.11034663948557
Simulation,843,76.09202070622469,67.86954841485434,71.07213180131679,70.40733953829447,83.29292993901223,82.53762693177904,83.20316332341451,85.06308358261892,87.2340537935964,91.4219269778945,89.63254738634457,92.90386026680332,88.35465835403967,87.55372675157115,86.69144720336035,88.47811713578977,82.412960802846,84.38519969877687,81.70991285447752,85.6889945268184,84.36125319446975,80.82872738703901,82.62196185283901,68.32650526962752
Simulation,844,83.54261284355408,88.12917072231923,89.54364994362629,88.70067812173481,92.3945634563264,92.68211564486039,94.38253010050718,92.54494732789482,93.19935652989977,94.06097273269226,89.190021457752,90.11241314768402,90.60925602205728,87.06503627031165,89.11401064977349,88.90092768620498,83.85697132482738,83.55514100980656,84.86102269387949,88.14312468813414,88.64185808771211,85.27083087316376,86.48256039307012,78.35762131664112
Simulation,845,79.14114210894724,79.99578511254597,72.89687540296894,71.87812590680764,83.70342331934705,84.51881399597232,85.34033299741307,89.74512550092354,90.42235648069257,93.6662342909462,88.84723319939903,83.28926448833076,86.58370763601295,88.71332754630428,88.6101494606472,86.73482100754264,81.29049324450878,83.71167411944465,85.24890485783257,85.73271560323816,82.49414519962669,71.57794838802212,77.5775271719424,70.29250254524207
Simulation,846,77.91260929207287,79.08012042186844,75.01980326139126,80.13104724168677,85.61138514999601,85.53009796176195,85.7703580045303,87.69707309990787,90.01891773447984,89.43632817537059,90.81346239099375,88.94833274280123,92.73865532021959,92.28524134052233,93.42842274310378,92.3050041181976,90.64284663592377,86.92930547640628,87.11682791377724,87.0714683161035,84.52354357268085,78.67862701360954,81.00245593288803,66.58808539216517
Simulation,847,75.22562243829515,81.98271669451053,79.4171947434285,84.68229722696498,82.584992942008,85.16232034032548,81.827798706479,85.89819404154467,89.284661956286,90.79764757432832,90.70120921557734,91.71579054740326,90.35817471646142,86.99705617410375,86.27848056424757,70.46922383090163,63.187688834791956,72.79678606031314,70.08933790737986,75.04526270142183,82.53641379647317,70.32912566206507,73.42336248495047,71.0125533953452
Simulation,848,78.48309904060343,76.29537195179154,78.26597552726709,82.97127498872266,87.49750053096324,88.98389961821026,85.94402637350773,85.53012758541617,88.1729781168778,87.62552603667785,83.30360992221792,89.95349845074557,91.12536200142212,90.71903113388178,87.84373947896809,86.27725629184114,77.19225586047935,82.4545931476234,82.63708102579935,85.20919451678374,86.77940616225364,78.14312618391199,82.77590634278411,73.63056243326821
Simulation,849,65.75643006680447,71.96100968379686,74.69851542607768,79.84473220186077,86.24104093635273,86.95351046856615,83.15190635729142,88.80671819164948,91.73449297467273,91.71085566399636,91.47108805135777,89.3959362387043,88.23887177058603,89.86145538616036,86.69166870602028,83.14546442907606,73.63476785862244,85.01649883970316,84.93852293094736,87.19961827688313,88.76432886754561,85.9565931176311,81.68426274755213,67.51886954824201
Simulation,850,65.76487308368665,70.3421825393133,73.49909990086117,73.33141268735736,75.4596658877707,74.82919439236453,77.72793671360732,78.13273698357224,85.94587470074593,86.04920484978084,84.41667136905308,86.70321649068332,87.88865614464434,87.87686303651164,88.98793581057126,85.18757239019945,83.23958490631226,81.9022431168813,83.38023053628598,86.31020602687514,87.74283919326734,77.27064542043377,79.94559845920477,70.3710022092334
Simulation,851,67.3581612214057,79.37944526574177,81.1930812633887,87.5688665566764,90.42569318006431,92.99046251154905,92.97177706536664,94.54805889537647,95.22083194701005,94.58205430031862,92.71202394187024,92.64717722596012,88.500036503431,90.9078067396013,88.74988318167429,84.19453748277945,79.8555302205082,84.40758393835193,84.09174756142525,89.40088024536207,88.26958218537757,82.34303163046494,81.0328476373426,57.96833137258362
Simulation,852,80.2095501763492,77.76047080373111,77.77656571528084,84.40211756842267,90.29993546035816,87.91646719986073,84.37685730139248,84.7467947237463,90.37184780362828,88.84213908643166,86.94116589245313,88.0802841774656,81.74809593617773,78.587452314642,80.18634529928919,86.57103342466013,67.52826709306828,71.94174302919394,76.73611699712934,81.2360418441221,86.28979478196617,83.45383983931892,84.22525420035693,78.6755262191911
Simulation,853,62.95629839418167,63.393433887200715,66.94276557595201,80.5047178774571,84.76375729174269,87.91646906928045,87.89173694717104,89.24685260320504,90.06179047542514,93.92944136971995,92.84847367636651,92.09179089988847,92.48142837766092,89.61560576016285,88.07301174848043,89.75366210356887,84.09167687328608,85.88166631079584,84.999989687413,87.09960564145408,84.16714603722644,77.87849696036201,84.0223462016724,63.22976068100263
Simulation,854,79.78190007196459,77.40631775110282,78.28739245757173,81.63548451222346,81.90947089850862,86.96273291972828,85.18277968571833,88.01115787684907,89.51975236705947,89.95632414544552,89.92953700211642,92.38158396673239,91.34620664835683,86.50603871703895,88.62570905601743,85.33322948829688,80.19597580311635,84.77283317379032,86.32085166625919,88.37052701909266,88.64739106945783,80.53225441910668,84.52179380835915,72.61595827687604
Simulation,855,79.69595574558842,80.5817800804658,76.89193155369901,85.31950343857126,86.71029811667879,89.70468605127694,90.00327702843737,92.83988382902126,92.96414575644377,93.39661007503732,89.42322462336062,91.8514453807934,89.6719274251346,90.20775214605706,89.05555933763064,85.53061883494348,81.50037784486348,82.61445144149067,87.79980377658113,85.73772798838245,87.6648387586125,80.65024960075914,83.0277651966548,71.24164133601344
Simulation,856,79.60247393475741,74.47193370883113,71.01948184109357,79.68032069713023,85.8442642879152,85.86458893378219,86.8859872980136,88.62533156766426,91.94976271654575,90.39151077508248,89.1396102304491,87.25464608066068,86.31537680096989,85.35842266692268,87.88203852482988,87.15188982779623,84.6327562754832,83.55940352991524,86.36637115318999,85.49149797918372,87.1632310158424,84.11385995376418,80.85023564255472,73.61907386295997
Simulation,857,52.76085176180454,58.85070192001185,61.27026187680175,73.05383055598982,77.19079146271459,75.2709031601371,75.10890786083921,79.65808691766804,86.38334920404385,87.69830466571477,90.44347742773522,84.62640715014557,87.13170966340442,90.66340742533455,88.84589408587081,84.50700744834842,71.73031566962443,79.52745886093369,85.5737281872787,80.35768412859062,85.8779783847192,81.65517986073492,86.83690033731209,77.07416197332194
Simulation,858,75.43303283359883,77.44428315809492,76.95740285058854,84.42525855541071,87.56858731923853,88.33463854886945,87.08204718749923,92.20617699176387,94.23046230269888,94.73734540090284,93.3837641683854,89.08763989958709,90.83917164901891,88.16654103155825,89.10739162129167,87.69608274206027,77.92650781088994,80.6338785151011,85.01076658306135,89.22354278808042,82.62559554483042,69.06595621953,76.35446481394303,67.35833185483509
Simulation,859,82.7609943497267,85.01444025666736,80.61308701525004,88.34777495828081,89.50331642672823,86.3415819810052,81.4830418821435,78.1875609495644,87.66007824765269,90.2777257529142,90.51932953134002,88.23152419323205,91.69184729397917,89.65070297184853,87.8102211435753,83.26100546789861,74.91950443002685,71.57559003895506,70.89543732415935,85.09061144108304,84.70756959908715,73.16562795920625,69.92523501890828,62.883991454781466
Simulation,860,76.12808833112898,70.34500989817539,63.81433266520144,84.1305244140271,86.85226409866787,88.88251663416095,88.49718443028932,90.44766754053785,92.13825281721256,93.08187341726271,91.30221958070761,94.48687974070462,94.55276630484823,94.73070986105036,92.76350615219877,89.55342776650748,84.65174264223552,84.48419449451418,82.54352613276556,86.6744950112945,87.047037350762,80.25925213412305,82.92696425170182,70.02797640642562
Simulation,861,84.73782630072044,82.27243846945198,77.44200510454267,85.78328025791629,87.92171883844264,87.91565186351774,87.61117464168647,90.67685990411819,94.0459667151729,93.4785220551288,92.35977390207853,91.69024636079027,90.96414290677667,86.41022501734304,81.91625509501962,75.49050071714687,70.08033979407038,79.46548085295345,72.9262808444497,74.7797031453543,73.45443062279308,60.84185079460438,63.324906923115016,57.61509273787985
Simulation,862,80.40416306141071,82.77233559147601,80.20654203877966,85.2930931621269,88.68913469553227,90.45393710529807,87.60674892041466,90.40102369288567,90.91103051954173,93.54242048519234,93.16828593878598,91.27968793329379,92.1707740956998,88.33054360837387,85.555243767005,83.6686362018186,81.41910721274435,81.53725145379401,84.07021750355038,83.29954546512505,77.37564482536693,78.30219382181212,87.07644591295849,79.39081341540646
Simulation,863,79.35047395284259,78.67779616618844,75.62425712669913,82.48488203283596,87.8095409616273,88.84936672788913,88.57527750495802,87.51144806817499,89.59098887050715,91.5756254234904,90.68303364245317,85.26462089320765,87.2649601908471,89.3118440265515,87.45261862761936,87.66723418503855,88.44771670363536,91.17177461907752,87.7845591215202,87.81860588518457,83.46442758044006,70.72720478514422,69.0649370967873,62.32981999044443
Simulation,864,83.73747924249673,86.11861819924931,85.75787540578483,87.1386892088514,90.31682373816743,89.71627266034022,89.70818318165979,92.08167430699173,94.40559806116863,90.63891907060359,89.95921085845377,87.71424149989898,90.8406572434813,89.90306200461023,91.68781927756008,86.264925904924,83.23222137497123,83.3578836135007,78.42956235048092,74.65200749842795,82.10407797693368,68.98556637516778,71.4596924748981,56.63372583807909
Simulation,865,71.87416042972755,60.42624440465135,64.85833167232269,68.4967629437446,77.892445346637,84.44019782307808,85.35930111181733,84.32922513051943,87.34314708313977,88.21409444810803,89.79552549799577,87.09811842373968,86.75717262728766,84.47177278827982,82.90387374304541,71.08241458935305,79.20888855876058,82.78347230217622,81.40376278271214,85.45791887941427,86.24546728615982,79.67902823527488,80.67082633239751,70.53843988170028
Simulation,866,80.24081732327194,81.20368203310183,77.28744273273449,82.80281165487646,85.3350365470633,88.67897365668966,88.58837175409481,89.88772360314339,89.51553059105353,93.0937992017516,89.30520165856518,90.78302280304891,88.21473529326572,86.58765303142214,87.08013754392512,84.27986108520327,84.19450724806997,88.0073963179756,83.38712959151486,87.48967666294305,86.58322809450674,83.07690109573414,84.2334346285504,75.1061082897058
Simulation,867,78.70788894423708,78.84642287673525,76.8197726749897,79.94776804660052,85.00689716839533,85.23938841665074,76.48270150341146,83.93854345929287,89.39660795674354,88.53278637713449,88.06299883186864,88.67108790053227,88.1935569646023,87.83797943909373,87.33015415100388,87.56933731890962,70.02894882762355,83.3764401032924,82.34589534748913,83.60468643444922,86.22228487530568,82.71790237273014,85.24092056897224,75.68752129911984
Simulation,868,77.74122602471954,78.41405007776203,75.81635439559119,80.6875387215812,84.67144478049792,86.22307685224365,81.42392363855507,87.1532237238212,92.70078174452077,91.78933786005561,89.73011682437298,90.84206403598823,92.1347875545249,89.14239723804502,86.88303902118659,82.67866841648045,82.14030603910902,80.3640480604115,82.98057333426918,85.8676842846867,84.6852261997211,78.61372900242382,82.86525656561403,71.21179817312158
Simulation,869,81.91746123286651,84.6444044505811,78.64603831261519,85.0823824022052,86.702989218428,88.28342893277858,88.58873381786366,89.73526977084522,92.24213473523463,90.9716598462132,88.43471837207984,85.82267108159664,86.73312922418727,85.8497447488165,82.86380762083526,77.33677582000634,77.08352128110947,81.04942328152468,84.5358264800303,90.55180812721223,87.41009001694276,80.18135177212106,83.05959943075484,72.19759768156729
Simulation,870,70.41581012456173,78.83523627762023,76.89468989659719,82.49167636991439,75.52210344872962,82.65626307109022,81.9433913958453,86.65894660709706,88.55730494439788,88.6454697671228,86.91089551091588,88.10123285268334,88.41699071045655,86.51369152159197,86.38976215060711,80.87025257567244,82.66011069313588,82.86244878356061,84.63932339888927,78.8327130469399,85.30560092088706,81.09090449697747,75.09604158197567,65.88195432692159
Simulation,871,77.2494031373114,77.83540527351613,72.34325234059165,82.70194756241455,87.14488671058851,85.70238701298967,85.68966870034565,85.02807870870345,88.65386296509183,86.36296318010452,82.41692430858949,89.9285874045583,90.96350290650598,87.10485749109515,88.60743300397519,83.40939491556786,72.48914773028936,84.36117085524742,84.99699241550161,87.99405238414354,87.4236001130193,81.63405812200092,85.89812363463466,72.00106638530232
Simulation,872,78.07681796753366,78.53521028813019,77.55056218805382,84.41219070814624,88.48283334603437,90.47717767132276,89.08307835205146,90.11127991477606,91.78875058065202,90.78288732043302,88.86622085405732,91.9402909084366,90.03421239118308,92.43142204483063,90.89316923862847,90.71227549586358,87.24006103354606,83.57417691419145,71.56220197515489,70.72627557277401,71.8488958262641,61.595920559513374,65.84588461358258,61.763931336858036
Simulation,873,78.92328689312818,75.97860747392318,73.2821705077074,73.66629642695828,81.41061318585955,82.58694313207768,90.58583059563847,92.50604191064745,94.83833190397641,93.89973698597434,93.31713245993129,92.12122637397047,92.29109188289783,93.28523802871928,92.20790875303567,87.92068761415389,80.66434123777489,81.43061823976869,82.96888512006447,86.44067179227324,86.8480144125317,84.06870040243446,82.29054129465018,72.63939386543368
Simulation,874,72.41028698579223,73.5928940817712,70.54433293561914,71.95135599594028,82.45924891236052,85.17285769064142,75.61002231252321,80.46359622421394,88.64213746173318,87.9442797064335,85.47140660406396,86.6312330042814,87.61839617791645,89.00036168026071,88.77562244980737,86.97289968615767,81.17066116698619,81.11493633780758,84.42742433024762,86.14356393368003,87.31550454049076,74.59428713158552,68.32431086991302,55.15765638765709
Simulation,875,77.9535264707592,76.920767687987,68.87709853270844,75.77611816005984,82.6211598139824,84.65725484443777,85.33257089977538,91.70668527319313,91.08489163801013,87.81552498309213,87.53694339234839,89.54742642523617,89.96634702951371,85.815368125141,86.55220911101847,86.03031023073854,81.06175945153774,79.28600578217535,80.80399782616269,82.08917840053417,77.82587831936891,70.69573017277936,83.30841128404005,74.65264437922202
Simulation,876,75.3155108110948,76.25788612074189,78.29573497095294,81.34918745142043,82.26353191553352,84.13304538654965,74.67450438029934,81.76908555994207,90.05775484211475,91.36828815439283,89.23494050428397,88.45772260965758,91.54550061933473,86.84705326546448,87.6811463690799,87.90313010967539,84.01961676881501,84.84926578956737,86.78112572873766,84.75350827822123,85.2964472127924,75.29135401102924,80.14908304263132,71.17566772984098
Simulation,877,74.36657115600974,77.037538566719,77.06187086612681,84.00454512407815,86.91949944569424,91.7245074681681,92.00506456144677,88.90349508144222,89.15686670091647,91.68436658935083,89.358395817078,88.98758917399736,87.66232898436603,86.99752115576533,86.30674407527586,87.35775808312076,87.89258672385702,87.38570894203323,88.03607571109484,89.03258354870681,86.55719872420497,82.54686162294485,86.50123730685544,76.00450885038654
Simulation,878,77.92081655874357,78.22665341617959,75.14791850598715,85.19811484516663,86.6813720548393,84.13251003941924,85.16907770199316,91.3662847751672,91.74295200238855,92.22223621310981,91.19001698429427,90.63902541163333,91.02107914642787,90.14489370719501,91.31559813585535,87.93566366123017,83.20979198305973,82.00021126741338,72.91318805606316,83.07756570372624,86.35440819106941,82.7970038329108,84.52484602662406,70.06495206760755
Simulation,879,83.98600104798675,82.4768817579538,80.47723485925128,86.28033789050968,89.51204248986618,90.37703102797619,91.92624618007281,94.2231015880808,93.80823013802134,94.97749103733632,92.61411351121953,89.05567939871062,89.72801862413233,88.06521458939262,87.25492228144694,85.15708211876569,79.22644798757804,75.52137145393638,79.20883985937829,83.2979395395195,86.27522215364745,76.49648814210092,84.03251443784384,73.49167459476388
Simulation,880,83.69883804816232,81.67998319967536,77.04989214554293,79.38645780982579,84.58451210712172,86.37599024439373,84.46226012376106,80.50951871981094,86.2761990868202,89.40628827851667,89.96200751742401,88.89734825399806,91.08462521447848,86.01653388464419,87.01618148704898,78.88828587867593,72.39404390084435,79.16230106141177,72.48585578903231,81.06669409589331,84.13775741145263,79.96973235168838,75.65322279757746,62.953311896546424
Simulation,881,81.10154070566604,80.17343272501313,77.01742740139017,78.32778317285164,73.08588386865004,76.05331912269337,74.83192684622261,79.12233582274006,86.89985572867819,88.98155005563511,86.5052535708518,89.43456571690372,90.46340012783988,89.90009205097812,91.29316799246266,88.16765843052094,71.5865194196688,84.95405946992128,87.38331921704311,89.07987981877511,86.68064836610162,82.38488605999426,82.19905314712852,73.1543996605123
Simulation,882,82.74200368279428,79.78580606935749,72.60689495364774,80.69623701614412,80.52171020891295,86.2705281107127,83.21710412494602,84.70697960890291,88.12445697182835,86.79474141970174,85.44582449979747,86.32886497072677,86.35818539496883,84.62810114794961,87.25500789507227,86.40179097662305,72.40621648367951,83.80230279397827,84.8575107267526,85.30776667594547,84.80137853851393,80.14009714986925,81.31559048801729,72.57560283813427
Simulation,883,76.15069533921337,76.70430845057837,72.02078240416427,83.19062664195526,83.22788012674464,80.88863641362896,75.56513791147906,77.73602571710893,87.11205866612289,89.93567209902868,90.88142460179347,89.89547879171184,91.70036407236813,91.97095185525316,89.64527891067085,87.14189034507687,80.21723630411657,80.59164645747106,77.2753461300379,82.42216825961704,77.62723811776644,74.26122372234896,72.97643232974559,59.55491914508149
Simulation,884,82.69754684400496,82.81221505092705,80.27832130479786,90.46460962598091,89.97479469360664,90.8647098431584,90.44385443849283,93.35575650657589,92.09435263573057,93.31378009291342,92.36006254434025,92.32781207976423,91.80032164197173,93.0241356887719,91.87384965029267,87.016926247752,82.21822447662194,80.06426797771516,80.69355068541782,86.7181240828275,87.9526233660077,80.20793940969162,77.68890593303864,72.81694570146098
Simulation,885,81.71132129810968,75.91027285241407,79.4516108138851,87.26143663408807,89.02453113675269,92.06752448827731,89.82255142396797,93.34057181003348,92.4905992450558,89.85526484233532,90.03345516926379,87.7112614686969,92.96732434654415,88.86616777260006,91.47807633704352,87.08120301651333,80.22867791363518,80.10571713670203,82.97207950195215,85.45603467838636,84.70409171577171,79.62917597685703,83.89561607849258,64.76475705915857
Simulation,886,72.40441532767008,73.7578440262102,69.56594666446192,71.62652728172557,82.43821452743363,86.31543073591094,87.53126309727537,89.25806621098995,92.12611181838318,93.22376222784789,92.0300897492171,92.43436991578307,91.29310512500908,88.14657687399948,89.63540970938556,87.226319318659,84.18199874615482,80.60932340898195,78.29760314902352,81.68911399495842,79.1597868768894,71.71956592592501,81.02184593814636,72.03966770463711
Simulation,887,80.56114759787025,79.4253146350762,78.11950463247753,82.28490457673044,85.54956564955556,84.6998496823929,80.81723390864035,83.13828098146843,86.98618705070949,86.58470100609303,87.00708634551847,86.72557581826295,88.94425300752602,84.9878601543111,87.88513884868087,85.45016212583391,68.6283606543214,73.03306677231994,79.89115075211097,85.11706481425172,84.72113953854668,75.46177977916761,72.9386959878475,63.06315875650148
Simulation,888,79.85341553831765,75.59342764210754,72.28220587385724,81.0594279556916,82.70928299802642,88.82664735636335,87.05802711873571,87.74544230608782,86.3922852306637,87.74739494809161,82.57920421103519,85.4245330630009,86.58448282364051,84.50467803214283,78.35825218439201,77.29088814358974,81.76814080447444,81.47230584617577,85.77086541028572,85.99997899048726,86.60021010584823,72.70152383506745,82.3014015404164,72.16415351931167
Simulation,889,82.78138259407524,79.01034061590437,74.38585989940849,80.72873610497751,87.1711983058552,89.6149058416127,88.24907776694842,88.76775550797566,93.67560981227186,91.56539736118872,89.75270741980599,89.50520691831596,92.76856282904753,88.14226727701703,92.37124928490027,93.41040299685974,84.17642774840165,86.67084941005427,89.85476559220434,90.59943636752371,89.38213546175919,86.91837076438776,88.7192160775474,77.46192465363262
Simulation,890,79.00158977708448,78.34573811795129,79.3901794760536,86.2653360007494,88.51810549925501,88.25296393482641,86.90376254616005,87.37755566065242,86.65002461072687,88.78151961831193,88.7786702790785,87.42061243691037,87.07514921278904,85.01929000307798,82.58239603762658,83.7756841996717,68.22710067848287,82.19972159567135,82.41398491522978,86.59800483256444,87.65957975092999,78.77926423908748,82.10175778790222,67.90068921107002
Simulation,891,81.83082880069884,82.94571179560567,80.2427143531723,88.5676351752941,90.32011555471162,91.46279229767272,93.97295530172167,91.16211303532688,95.26814473677845,94.8556991156834,95.15587519180114,95.02149374291503,95.26264089459154,95.26455477861957,95.0744506584286,93.81458654307407,87.47382286922196,88.13792840197377,85.13052356902534,86.21209264737776,85.1344212819529,81.62449466661039,84.32457170772666,77.07940768405376
Simulation,892,77.27492946046735,79.30841574028204,77.86509813459442,81.81964650000869,87.81356400056646,87.97266979945307,88.74649805536589,92.0802006677034,90.91645724216943,92.26088570723346,92.43813655121265,89.54500420499079,92.17218344756202,89.04376904033562,90.00358858398361,88.25367983550908,84.47470656135957,86.19399810741591,86.20032950853272,89.00895928822996,87.19310465196243,78.16125127172504,71.87007993112069,66.8783764315057
Simulation,893,82.5591381389193,80.73319738972803,76.77933011351382,83.16270027161319,85.14033191530088,89.5013626850047,88.10345902657882,86.68111179125725,88.12460066616731,88.23094972582751,87.68213063556234,87.70795662399536,89.65086712667225,86.85285021073736,79.65947682514492,76.1864373377347,70.78553813232217,73.85714237141201,72.97068230302844,74.29972254871493,80.9062068088172,70.55435190690264,68.848787096619,68.58926957704885
Simulation,894,79.54885599857508,82.4599354218146,74.44088939895067,84.67544619180882,87.28707769237019,89.06799531717968,90.37716680342842,91.33632525829118,92.5267335634672,90.419351064421,90.40089080568616,90.65206307908022,90.41765867628766,90.25642409391534,92.34914410481686,89.76384425202653,84.419077762304,86.24481022871046,86.4923552147726,86.80972788519307,87.74198719767449,77.54025321741224,80.1485842010758,71.92149055694097
Simulation,895,73.09536421845284,79.25030336458417,73.29190186930246,76.45157169671602,85.48180204380981,87.81393515586943,91.97544408714373,94.36718913576917,95.1167896607709,94.76797224873582,92.48131554988457,91.79539633160964,91.42815797723907,89.60636913489921,86.66078761952433,83.03738431673919,81.560642393886,80.39634364835428,85.63970792261921,84.00401164006647,83.1368173080108,74.77324824763069,74.23253168273521,61.819242686080806
Simulation,896,79.57134093502867,80.38226848684997,77.01741651166533,84.75224572017008,86.48465395303873,87.24637425795473,85.02690572909495,91.20867668008339,92.85227328121827,89.18526297581685,88.73441904676567,91.71834114322029,90.07006377135049,89.87777290035122,90.46746796414068,91.59391885982456,87.07599793513728,86.41015158664517,82.97141119585194,88.73893216668772,89.88095515037614,84.374945497568,85.53443602138829,73.81249217724978
Simulation,897,82.67426168821044,87.91683737877953,80.6061300079741,87.47100182802916,87.50944611530448,88.5918451086418,87.76344295026024,87.8191827400455,85.9867801123806,87.5872435712531,88.78968848138992,88.66210341558563,90.2442974834988,87.33334209790786,87.42546272238354,82.67317312020272,67.97071407696352,68.53069957719956,70.82673671199996,70.8658435199915,73.25838780079249,65.18712829603191,66.22249299265359,45.78993331403298
Simulation,898,72.51413568141807,71.71501544554133,68.26451696994405,72.35412522914741,84.0192257220477,85.45996969584833,85.8166409854651,89.24742719768223,92.02432316366603,90.11499480429836,87.69023224333824,88.59711679176527,88.72591281727935,80.37654946896,87.8515284495754,85.5695887061535,82.3677961223174,85.13612797029647,87.59885316349795,88.41478836545633,90.11573962198909,84.40466408000253,85.88877257923951,77.60395320256033
Simulation,899,76.7887782091482,67.96097169599336,73.09384628115612,78.1349330710458,80.92293279772564,76.08070823843231,79.47005342444744,87.45293750463063,91.67041382425832,93.8092014603327,92.89090263801124,92.25948301465864,87.03035704117082,86.98933055705767,89.97173943148192,85.21128940058333,78.19083952439115,72.91867384338798,79.03762742997829,80.49925291081088,74.16410174772147,68.51346636172528,67.04198359255295,58.52201553883977
Simulation,900,71.55954984469527,68.44994122872627,68.3943298937048,75.16260788143997,74.73268591273292,77.12999471026227,75.58434738261965,88.35460466649296,93.40155573522728,92.84057900673187,91.00389188503702,90.6530182803157,90.3650915443863,90.50562084387705,91.04391671876877,87.52915423897012,83.4182668952744,83.72384472077275,86.07567196872903,87.00018943863076,87.8211014789507,83.47488805842676,82.49059350971466,68.32513881665811
Simulation,901,82.17396142839064,81.90956620898304,76.00946296048176,79.42078666140156,85.33409568728122,85.80948400424721,87.83584505728389,87.15120001450207,92.65970804558732,93.43626882942645,92.58020086574975,91.11994896088522,89.45126427256847,88.82342672880877,89.466869721483,89.57612099058171,87.71229048805469,87.49456226049453,86.00603415094403,88.64660780098092,86.89472368682604,81.22710734049835,84.0298811119049,69.64149973541163
Simulation,902,78.19347043899077,76.92182641711376,67.7087736227422,68.48256357577674,78.56805031989381,77.03844462826314,77.70264394412789,82.17197356278665,90.33199575658993,87.21560693938495,83.4530245741267,86.19929125132444,89.07976163881656,86.4145230394173,83.63415242378944,83.13606639165268,79.95429218801172,69.0757849941503,78.27313644235225,75.83507491540587,74.81971902939893,78.58718854754952,77.59246763419591,68.15895296007872
Simulation,903,82.25364652499,85.84034154715859,78.27132638709753,82.6103190863312,85.87057018728602,84.95467644300246,84.0959368389087,86.31380227227575,85.98590761331086,88.72161591548247,85.4680547657935,83.28375129208881,88.27214237793514,89.28787984836981,90.83358380685452,87.15425766638897,80.92194099679624,76.09605061920564,69.16390057069367,68.02226786218012,74.57808102269242,70.86698496245677,70.36064775367214,68.96619344035578
Simulation,904,74.48402717090417,64.50468446725458,65.75158205139512,71.59465647560086,74.53935964182308,77.77905281877516,85.02646688945413,87.01144436776585,91.26238286251541,92.60936976929138,90.47312365150027,89.2852647401279,91.3748409452842,88.42189827467386,90.45402915710655,85.6713371920752,82.56655650675305,84.77441595667459,83.66786198520272,87.20157695566144,87.81513164970224,80.88197181726649,78.53647668103483,67.678563223718
Simulation,905,80.26393100411144,80.23550188220122,74.16715390552895,71.00159902604058,84.63019636568268,85.54126646906161,82.83766419703367,90.5660971695234,93.00979751837207,88.13307978920531,86.76033481986971,88.12289662737173,86.49166154172393,84.32638409654179,86.44775387501379,83.3192571528277,82.59066375285158,89.73355982317003,90.18663460724207,92.62772989328445,91.16814606992806,85.23770078222644,85.89470824147259,77.48455358433809
Simulation,906,78.60403483229948,76.92693810158273,77.89657424065061,81.38695915166291,87.02588424864402,85.40488828028144,78.50697360779292,89.4802834537983,90.21590177848624,92.50751227824594,92.7334443873879,87.00699924046317,89.62924875726951,86.91785663730539,85.06474791722886,87.13834703520213,81.67311890849604,81.76583671760622,78.90938223316297,81.74187381049767,85.45349711970465,79.98037946468325,77.94935248026331,75.08338643376783
Simulation,907,79.0342462809356,75.38786637920592,80.22578458984171,85.9582268517364,88.11944445027778,91.02809563226921,86.59648335732291,89.88162490621858,93.39368884187422,91.89247389386377,90.63993404903613,89.75880753440846,86.67378599434042,85.38081745546567,85.38199653636633,82.70266018779009,81.17098709643675,78.09533997408454,85.39963887690105,87.95212394365515,87.64357011637235,83.07906448045574,84.73127836389138,74.09406665138587
Simulation,908,80.36541230039123,78.5404875312077,78.14595316866736,80.65286523126693,85.61837841791598,86.48765044040734,86.19163501983107,86.68092530736166,90.35349354939326,90.89932474645522,90.18874943078465,89.74585201653686,89.76315269727918,89.49615401994188,90.02684076618988,87.72894503737253,81.62606777097932,74.66417591338231,84.64419033179851,87.25073852713942,87.37488333544385,87.41474904687246,88.75958063581191,76.92395065361639
Simulation,909,66.0574273672473,67.27416123218487,59.79945812505134,70.43547938934395,71.27475862765607,82.58290387512676,83.88858060519372,83.06456224984824,86.55206971105551,88.55311033369657,90.10260584588883,91.33521565965988,87.87452611926633,89.48322236556835,89.22529888988765,78.9016167800684,82.7330074742731,79.42505424635756,83.51630685584318,87.81860511022808,89.27793665391174,84.621217326889,85.4856908617503,73.15583747297268
Simulation,910,77.48481269722146,78.92739157917434,74.02974898021421,81.68420668321342,84.67203522722954,88.23244340414222,86.46559615551858,88.5453357039448,91.66452627302596,92.09346940332416,89.72964089793588,89.11074544976302,89.19800595661877,89.22299725842011,85.5553554863495,83.82195742718964,76.86139263807704,68.43736558626313,64.14426824861306,73.52206088115713,73.70526224915322,66.60648439085426,78.2987895856245,62.953499729781605
Simulation,911,76.51217327427827,72.04631779557927,73.29543099270398,70.45621423946372,84.63691106906778,83.44350354125694,84.34490781654482,87.36193836339055,88.67831070345923,87.21519830993763,89.130743448497,91.2037391676489,90.99587971798512,88.49401773151364,89.05254126930068,85.68985141516106,82.26906220294848,81.8095546407215,77.39140803660753,83.44743199004395,74.73657350705726,66.67800674006737,77.55729022052647,68.2324917431794
Simulation,912,75.59264191416705,76.30070023396749,76.13967240918065,77.13151295037005,84.35782710120912,87.70756065383348,87.59826466594176,87.34813820601723,91.18473268841926,93.41063211488768,93.03183592381984,92.43238046592637,94.61330078894193,93.77082829325445,91.26926059469288,87.8430694158356,83.42220411593004,82.07529809333028,80.03700664255183,86.75241335405477,83.93493242984559,80.84784831008545,78.99852519811837,63.75775076582749
Simulation,913,74.13796781488628,72.21978052350747,75.57028235814165,76.04307876437531,76.90835889919047,83.13560415842036,83.1720348545073,87.9757788093667,93.64312297561673,89.72583643154329,88.77603393420615,90.03159465038942,89.89158479474409,90.84461547907375,88.29172506970924,93.4126308835156,82.87072648898052,85.47371628558132,82.39015637768682,86.61256067440651,85.77787925903037,77.23548576685353,80.41084802767918,74.26277682360536
Simulation,914,73.60234873065605,68.89000775896386,77.28073551367815,82.9768267429189,84.59143562167716,86.31077045464775,87.01459504443532,87.50464746158264,87.33457606298882,87.68492033734731,86.69270615984844,86.54704323193124,86.7191042718469,79.9912635526732,86.34488391392388,84.91578428575963,82.54113952672786,84.81006288442565,87.44031403261681,89.98145076002575,87.236175551958,81.33622216440911,84.84839895222402,71.76087537394719
Simulation,915,81.38379864981334,78.27703421028474,76.97922990820945,82.34746657664175,84.97472865145797,88.72353095496538,87.56094426076078,88.64796473661941,93.25723090360555,93.4073558805197,90.7492091592715,93.24791430142983,91.99340832710558,90.52000667570023,92.31347972974737,88.65665135402067,81.87334442980156,81.33502519956197,82.15194734072355,84.2998966624274,85.76364781193047,81.15908299188416,82.28787068730298,72.30801618103487
Simulation,916,73.73660914876832,79.1335016614173,70.45758379564852,72.73539232097265,72.41108522102184,73.87138788033624,73.43807278908825,75.95208007203615,86.33893171174017,87.30942696587753,88.83907876256902,92.25792272916871,87.9086278751854,87.75840971560768,85.75128749241544,82.68673742200863,77.6506401371897,84.4793865650826,83.39552905100736,86.10949397932276,86.94053856829302,80.82919084284659,81.95610618484501,72.31173175912204
Simulation,917,81.06421633429231,78.23810405241571,80.16561369543075,86.09662500892871,90.04199348419111,86.68849154891005,84.45387180562534,91.06204458786988,92.31509591127285,89.37743184943967,88.14571697537674,89.66638341597533,87.30872177892958,86.59562582390862,87.46307551088222,86.03494022129466,79.44360571301691,77.93074530190896,80.04022458147173,85.77200881635265,82.01439870302042,71.71465297475808,81.73888965169743,68.59059743186788
Simulation,918,72.99519337668342,75.28171936914491,72.78565891040158,82.84178903354157,85.67943538025112,86.15903801234295,84.86974949216987,88.08130515993412,89.97876520934224,91.78892222171189,91.29577951975558,88.89568692219638,93.71023600983828,93.42785640087484,90.99378217620935,89.02917182733151,84.47377131024341,82.25532302327065,73.95442449895278,86.04026608750654,87.53043179148281,84.36192931588603,86.46605586954537,74.69729305940133
Simulation,919,88.08012934668447,85.54974062237885,87.20947976110193,86.21652955663745,88.11323117469496,89.7259278421376,89.86783015307213,87.3668401339743,92.09592405391676,92.44493263952594,92.07679372076845,92.3985702102482,93.59944038035718,89.36736738447686,91.00342613601782,86.4713365999259,80.83330189307901,79.6323036286732,72.0906467513316,70.73311306129723,76.34696977669175,75.95486744566492,85.45497590431678,73.027116242542
Simulation,920,77.10575293393201,80.70010301165799,77.33524002462067,82.07078430857956,82.64555966249097,85.21055760051271,76.49593690860318,80.51480511386445,89.44936905886918,89.69763236238168,89.30471103918728,89.69248598451406,89.0200941331454,86.18033934093054,85.08622020048874,81.47048590720988,73.89718790558119,71.89722276961838,70.03987101570613,64.34313605529583,73.43258130581538,68.14618166985159,75.9630246446504,72.86078440038901
Simulation,921,80.836968861314,79.97906375572136,80.20824124503014,88.75311563929776,88.64867152091422,88.19479644124078,86.84428767468646,90.34668435074609,89.80331943320734,91.74680857668119,87.9073000355241,89.6082598529787,89.81246995228588,89.08020125507014,88.96384572668185,84.33307794647943,82.12591554463194,79.78660016813174,85.3268827851092,88.18439980706749,77.03819709834922,73.87372973045764,81.80902642216046,73.24402200919883
Simulation,922,75.65037891746027,78.1642359915339,75.59858367367248,85.05636726421025,87.73330998418582,86.7376473190156,86.57089499171748,91.10929509202623,92.6214121256312,93.88138389495786,92.94647764550537,93.33120839970255,94.21879901575026,92.02531067406025,93.00139434132106,88.54630517810234,77.06936244653136,82.78177604022947,86.21351453192985,89.24331135044824,86.97889819101532,82.43345133738643,82.27647608546037,71.4249251499084
Simulation,923,78.12388419419736,75.1969192782256,69.20958618166897,78.65772553465057,74.73929882166439,75.67575723701286,72.86527967202578,83.03111199826938,83.87968184868679,85.11650975061994,82.7362429971603,88.41446022802616,91.76152070406113,89.8403605351281,90.13149813001502,89.10433592141999,81.56329470680504,76.0823620894169,72.14725597266218,83.31315641180248,81.97883222248437,75.715459293133,72.50665540537115,64.01271724885972
Simulation,924,79.97464831569329,82.03277958343392,83.66358454710334,85.7551769147329,87.07377186854025,86.80555321610129,85.91571795150973,88.82053501667978,93.21479745289322,92.13261140927366,90.68389380450854,89.54103787507317,88.23871843852788,86.18592820888631,88.6226436698866,81.459786155946,79.51034505357806,83.39222037188362,86.01123331680378,86.08013968938563,88.69919396811771,84.41163879874367,82.47866909646355,73.1547139116201
Simulation,925,58.51730638191708,53.42059656868177,51.876373350097914,69.08292635380634,81.5434171256901,86.05485502701319,87.67391050297508,84.84710388893265,88.64213989234409,90.80552058188734,92.73346285484382,89.99762573980107,89.5216252194181,89.22399832095691,87.88124965839977,86.95121060731896,81.4853575339369,86.79832753180267,85.80486067757653,90.24325216166336,89.60699085044425,86.883464142196,87.82332933112963,74.18263265502604
Simulation,926,80.06288411624502,79.69422653492735,76.84209011597108,83.55265042556834,85.70409687668445,85.77356985345646,83.03993461637924,90.9658450729093,93.00672472050977,92.89911259920797,87.08701511687028,87.92580034697306,87.05370872831367,86.89816415505432,88.362167160898,75.40626956167289,75.13460396938365,84.39361964668328,76.43169651187021,81.13176822711199,82.60435710188573,82.39316172434513,85.42993766653929,74.24553321867978
Simulation,927,78.77243126382956,79.86212338594186,77.62067748168094,86.22338101668424,85.00392139788941,87.74578735768317,87.55961538912636,90.18044996451216,94.32354123480901,92.45094707391624,92.5959123202765,91.76084582422983,92.94177629254487,92.25533089316612,90.42144740446452,89.96104650961246,87.90773727346554,90.16555400494883,90.82617447471495,90.88659070696819,90.42041374118044,82.57960656406853,80.50967503181442,73.15664091808797
Simulation,928,77.83151981657629,75.50564075507302,75.33800686122825,84.69239618522967,83.86508718976805,90.51903791815099,87.88900252369407,90.74877348442291,89.32975921525195,86.86826417069348,85.46177377585555,81.61835250589411,87.30773621298029,86.06775351102281,79.3695916911584,81.61683276171789,79.71473589665717,80.48552486200998,85.93039696913705,79.12220881537993,73.36541829465173,69.19157431188108,76.72028868563461,67.15104262928327
Simulation,929,72.70490769806315,71.5117928043259,68.11684127045139,81.68380733055582,85.26261012975625,88.75210167132808,85.72727339647622,90.39964378573097,89.6106015408042,92.33495983596008,89.93821563815104,91.01832868154273,92.1390614483944,87.17377274338358,86.14543382497432,84.28613865234163,77.72006594844626,78.08784461332668,84.92151522397629,87.96559592450846,85.83765246419905,80.83040998483064,83.15944496930952,75.6452246270967
Simulation,930,77.96080801374079,73.8890791825653,71.41401522788826,76.27193451754563,84.61230053035311,78.21607938096521,86.57563779360406,88.10593382179766,93.62934259689717,94.31182415782408,93.08474347973325,92.18556278415939,90.69748793596685,88.25750712505443,85.72837280441986,83.38661850530157,84.079642702123,85.09364196343064,85.45579791677127,89.40057461076536,89.08133273440001,82.10103086383376,85.28468552253845,72.62572347654174
Simulation,931,74.9439292391785,70.8333059884765,74.63685545502162,79.5609976393005,81.37209235571082,86.00016491705914,90.8991326913914,91.80773891980863,93.20568958272827,91.84054852577397,86.59564980221826,82.6293227100489,86.58280832257884,88.04577528222065,87.99178003378246,77.62948946913322,79.07896317302195,81.75671794687065,83.13621616411794,88.36474619967015,86.3239843955605,83.73637683930966,79.93647223343737,67.5195588214215
Simulation,932,59.91737066152701,58.82229235966807,62.873413833146216,68.44172829751979,79.10937403094367,83.874888888769,86.74940161857478,88.10747815622776,91.28444865579986,94.09742435882737,88.37157294798888,88.29813715167975,91.34685741495325,91.28883504795826,92.04849335553668,86.11683459863545,72.91548063348654,74.64108236860528,81.28847493404861,81.01599545789925,77.89040344719226,73.88421661524522,70.94648563503088,64.44168835068439
Simulation,933,80.81584116400404,78.7070994744853,76.884761641339,84.29196402958937,84.9876881711882,86.7170799198833,86.85293504203,89.47988741657055,91.37125229364769,92.54645681784316,89.08006676899741,93.61805719298906,92.4253752907218,91.73657635842437,88.10917384765746,88.57192332501504,80.83271140868878,84.34072258533044,78.58998694208819,72.90110066971287,83.20774387200491,67.83434509930186,73.0552308228611,68.4714671041386
Simulation,934,79.96748825404988,79.31816640611349,79.91139291639871,85.34190542113133,85.59627381495174,87.42158256612869,86.18770792789985,87.90164779369456,88.1655232043199,87.68241263525542,84.507673999342,84.90501481340519,85.07077490369997,80.32764433720159,79.06513746420227,74.84527159496812,66.74084483019166,76.9465973863021,81.63539550486799,88.13884148910266,88.12134716288058,84.53851779300619,88.42813674830498,76.20302406753893
Simulation,935,72.11573387729962,75.16557051924057,66.44374063989744,70.96112403730625,80.81008691720076,76.58980244071503,77.20661457643287,87.46811693355174,88.70118462616962,90.2951486514516,87.17394109515676,87.41870178023976,87.30786561485627,76.83973003981475,85.5348492545043,77.51715643928645,75.42493220289909,79.98499245837341,84.0919631015572,81.24671173727522,86.10417495980197,83.07608370078404,83.94516484324998,74.12966589556197
Simulation,936,66.04086764539656,76.66421106225171,76.0281281321122,84.59175151328566,86.7630327893414,86.61823525826276,85.96365717963437,86.76894638681317,91.3011224515197,87.88911036155508,88.26574387384197,87.48608755310553,87.0358726142219,85.68199185059353,87.0516180660201,87.19361202620942,81.66622939703225,77.76453959596479,83.38117423075157,86.08712842202841,85.87439354398684,83.80074688175497,85.46393069507948,74.77762496771086
Simulation,937,64.74547478020611,69.25047306941552,71.47067091630413,73.33433010735605,77.00526888201757,76.09469760134427,84.14297863083415,79.96946862895236,88.68920860608448,88.54244314539481,80.4404664903689,82.63080177903205,83.02038133482233,81.31408746551578,84.26475972435506,83.73512426080009,82.47434749761001,86.64359526249743,84.30797602052695,88.53259521021903,74.9358920574207,70.99671659567895,77.31475848623627,64.88744801239065
Simulation,938,81.60180052285283,78.24294446281012,75.45441334975713,82.78902800910907,81.97991423060638,76.6069004350876,73.0700152551959,82.25697226244688,90.89765823105888,87.08048699495963,85.29794565000086,86.06634171836315,87.80255050344562,86.15878791433451,81.12290753105867,75.24404576338571,76.82245875121744,78.05505206682935,79.60747753165509,83.44182981695154,82.1312090599796,78.77130824371308,79.90997435412024,72.6844141419939
Simulation,939,75.57786625974919,80.27793379580783,75.7036291033752,76.64536421001435,84.63369269522748,84.12899386594933,87.57898172011699,88.35344406374915,91.86884389741893,92.26241144490982,90.30489293634332,92.3633375414006,94.63868609466863,92.54827220727178,89.98892862037304,85.80908915494447,77.87577259042483,84.76303133454724,86.5208214900818,88.31166670891768,88.95938543339874,85.25439101012333,85.41104829514332,75.52593846611467
Simulation,940,76.78752216506072,79.24959441557588,70.12071615403852,80.01631346496202,83.16267784831386,86.56797059815571,88.36852425503795,83.8268828264187,87.44774980653237,88.18192785891293,85.04701385751595,86.98384783375747,86.84579358474011,86.06781350783902,89.16289860923766,85.76887076827833,79.52858401149871,83.30903045396784,83.0545661851578,86.60944394343099,87.91287959227589,77.05577416991105,79.62486036605124,69.7163631488266
Simulation,941,80.08935288594625,81.57683050002763,79.083741000168,84.72786105930366,86.69528552756576,87.84676715276755,86.4688968615801,88.88247941369147,92.46797420544483,91.781347180572,88.78444922799575,89.40520775097708,89.98799653359076,89.33914568269431,90.7993915958872,89.92183204092814,86.06269509162524,85.09434035001591,84.93748160131787,90.92599816572476,89.91662501396486,82.33290979671914,84.44355967600063,73.29910378145208
Simulation,942,75.42309720838983,70.23943054736986,72.46554508370059,79.17821458360906,74.73396683136032,76.93284094957437,79.60956404507813,87.08795244868415,89.53821223263597,90.8051617361678,88.43569319100378,90.59369101962564,92.80842084156171,91.03944315009639,91.67007366266039,89.48470115246302,82.09449525584785,83.45266996386813,81.36897620665646,78.5125287205882,78.35078953087287,69.64038996963184,75.40247912844814,59.46951378998099
Simulation,943,70.30641007614989,71.96259845511595,69.86211765764438,75.92200615471745,84.88206008409567,86.49964504434504,85.30852893160048,86.48421228277242,91.71622353520631,90.42363498906334,89.91459562156696,93.16270929704973,89.95034644402104,87.86261193347634,87.61735312545468,87.62502435665708,83.77465511950228,86.65872185069117,84.23795194766582,84.8342817444708,86.75797694329822,77.56710173224148,71.17580321997839,58.43057128812533
Simulation,944,79.08909829123787,77.9550943513888,77.896668513532,80.20973962320835,81.2941018153775,87.00197943461895,86.88595628264497,84.94206969122733,90.26657664253418,92.21528794200991,89.76300743220585,92.76486806098102,92.79672182648451,89.60410925332498,87.01213265602017,83.70482745663688,81.68251523851518,83.37354129817592,83.50648857260758,84.24828085109569,85.12830199408597,79.4895762267072,81.40151684322659,73.09354797926667
Simulation,945,79.77760729158888,65.69377271726883,75.18998220698118,86.39989177444735,87.01474717660778,89.8242727998245,88.2929125302671,90.35283634705911,93.0398676823653,94.01595639481864,90.3219947130363,88.55043987853438,86.18345179621782,90.25091694275321,92.25584165850918,85.57250392852893,84.63665119092474,85.29513772383264,85.13188617232439,87.2040966927227,85.78074339813634,76.45749352006234,65.41479986619187,46.580283012461955
Simulation,946,83.16297846243498,82.98606260718373,83.64333878207711,86.32791532651484,83.98566648706557,80.66441495806743,84.30548583569707,88.0573595761495,90.61233033970981,89.74518865494403,85.47136978629123,86.78336478346628,90.49538423096554,87.18109159323119,87.2547527701739,88.6062837754034,84.81019427707322,88.10941608563235,83.63278760490515,81.1736671698424,81.87919420430457,76.29995008409297,73.07122089626618,64.61979223059595
Simulation,947,70.75569895030858,77.44292177844386,73.39351010316565,77.71635819443992,83.7586115974529,84.08809327343467,85.5656913612703,85.51671107172528,87.40829217138743,88.5758553880624,86.5982391371309,86.34586483613133,88.43132778039418,86.69785962918641,86.71407495704514,86.33494693095835,81.53866277828946,74.54635646525918,74.53378896629913,83.30897038421858,86.42619772630471,82.13657665532713,87.67496614005383,75.55043142402192
Simulation,948,77.11628936449462,79.24948185426426,80.47750324302669,84.36955906601864,87.92139472243882,91.07376038374659,91.91518619372192,91.983433967733,93.17719866106825,92.88278448874962,92.19140595577048,87.85758662467136,92.03529175024696,91.83630435286192,91.48941138036434,87.35251237526677,81.16652034689783,81.83104028749682,84.53518344638582,86.74219915551778,87.67241552183876,83.06442524317691,84.49945608303543,73.90454629069818
Simulation,949,82.33387111040963,82.28636363996199,78.22743535766762,79.29174254041378,76.6397496789349,84.27108864661527,84.66806961493785,85.90112098118597,89.02009523155546,89.08157538807785,88.49003287462757,87.76052771298959,81.2780122996899,77.4574410169187,78.75561753708561,78.8710581913304,80.52864141444375,86.3853809046474,89.36874825737499,88.49574045429549,90.21921712557672,84.00839559394507,80.74921936108309,68.00271907117175
Simulation,950,80.68236269203292,82.45547271780366,81.6108172159368,89.68013059568145,88.45074395406756,91.60383241520523,89.09215214571294,87.34754070823901,91.50682835814996,93.5388895128897,93.64012077386896,94.47899093142972,94.48327248710095,91.97964249245152,91.33190180130919,86.63156667875157,76.43042703313137,83.5375178029309,82.97197261395712,86.80618467066688,87.20241950489412,80.41094558870765,77.70636645298747,57.14145281519724
Simulation,951,78.80144693794507,81.8711166118434,79.08159620638337,87.14245113033441,90.22142314411143,91.14793775624196,91.28041811731367,90.56725789954154,90.64996287610914,90.64954747665291,88.73484910890845,88.59686586054141,88.72803182162694,85.94156206071058,86.83807305073756,79.04626999185791,76.44430103304185,78.4097337895301,81.66680971121524,85.5543363889547,76.21509152010013,71.25567095980853,78.9884659999378,68.58740434487798
Simulation,952,72.62935550250155,60.660539318314804,71.43444397981042,83.91290297973862,82.19319562594089,83.27142979211669,81.0387074760577,86.61855133776888,89.004963144166,87.6667182731105,86.51198329814797,90.7027659739555,93.30453590799459,92.20947880367206,88.03486445593438,88.1802974506709,81.66644882804701,83.63191207261713,83.59840765717796,82.30948804526987,78.19699660144674,80.18433131653153,84.6206376976113,76.92404835928266
Simulation,953,80.3766929622013,78.36673981629754,68.4472302406177,78.04389760745221,80.03218052037089,84.3757822596078,84.75281905403824,80.80351851881551,91.10974130509823,89.82722195029243,88.12176041460495,89.1314123258411,90.61476707933359,89.3524573476798,89.4817064473585,87.89412717077069,81.4710046439808,86.93662440902999,91.62877891363406,90.66435593842417,89.46764222627591,88.20337429930584,89.80078611537056,81.045156867217
Simulation,954,78.86929066647082,78.66786033670962,79.1395572380042,84.53586322911971,86.22978155401026,88.06318774762606,89.08867200544887,90.4002257808972,91.70986687361905,94.17754088012887,94.21175456737251,93.64702923249565,91.93847189056842,92.42920795758018,91.63663414695121,90.30744559791691,82.7226095214975,79.98518740776908,84.64121599826932,87.20002145482113,74.8808552925544,63.16379316171512,78.66174926424428,74.8507633126056
Simulation,955,66.80729479449043,65.21601363052801,68.46012616729153,71.34137311106115,68.7633060448023,73.18918296286111,72.26038688531642,82.75932885440857,87.36729302804879,87.55568844757906,85.98008454940339,88.01106937341075,88.75203294435158,85.3655362812333,85.8444739034802,74.72778259714359,61.221093465785046,63.39947949159479,65.24785516604838,73.15474799296003,80.29434903201366,71.1710493275664,77.5674363884846,69.34712037003578
Simulation,956,72.13596568209849,74.83577735162508,73.38008278591683,79.59254687707497,85.54940539137995,85.81976029467893,86.8770078259471,88.67967415514774,89.95826863128656,88.37835693206947,88.51456358608624,88.46692632895035,88.62107179789572,88.52813038401621,88.9715132722707,85.06590624385164,81.73892387635232,82.12145415087795,83.45975876731629,78.94187612896467,86.59162805527448,83.14423091741365,85.92784295366579,74.43523108810601
Simulation,957,79.88399527642417,79.01549385797681,74.51609991459698,77.27267592649592,82.22547330204493,80.33381343011546,78.00096895000434,78.17828681910122,84.72938215116754,81.62072113971215,82.11282672139754,81.98234212412457,81.14396913793902,79.66360297799031,77.96493858044231,76.89013667012485,67.9381454160476,64.27228197495963,73.90176340127805,85.2004487754825,81.24148893319943,75.49031475362295,72.99320029683156,65.92112405938181
Simulation,958,73.43516453743523,75.72108369947337,76.04560141227246,80.13281619937277,83.22660857482188,84.88836210052511,84.0969894377485,84.4157016272186,89.86924086020092,88.78395757537088,89.70791189615002,88.96459457344758,87.08317411415818,88.15555698427926,86.34953001543437,74.47605978904838,65.15677388128476,72.21563642641436,83.74088917548809,87.35343904431542,88.24147428653825,84.34608862729198,85.40124580099186,73.17551131702001
Simulation,959,77.49829600696435,72.8708124151388,79.9117494269951,85.4247283210715,86.70260129610003,88.84458539665833,84.04824744905486,77.35265728605879,83.46571421458401,88.12719969018937,90.12881622369467,88.01851532028938,86.5193486715101,86.0352072615421,85.4885520093442,85.49228847377343,78.9476674068329,80.02908670921039,85.00634232722533,86.46700878440907,83.13288677891548,84.1642713196187,86.94997956126207,70.45771839620309
Simulation,960,80.33062584678072,80.95894836959471,77.43386144222961,89.12761986338957,88.87234385299504,87.91481198322506,88.45083684739505,90.2815719863664,90.59143168636767,91.09301149351727,93.65375881901463,93.43291916523046,90.22355919821875,89.3034112273451,87.07935978798685,84.74985823795964,80.42500021898617,83.55521071751134,84.37577969087899,85.12423144268139,74.94265340265932,69.99856050319256,77.31514985249626,63.17318484589127
Simulation,961,79.492319315916,78.71039432166829,74.6471316934084,79.65829265803016,79.87876969225198,78.7456880099041,79.55742136646927,80.85417452266464,86.49760652791987,88.43633777720656,88.61014296149574,83.46351211246726,91.55549576965836,80.08118094630528,84.91659705477286,72.86747868368245,71.72619284524613,79.06405669801511,77.53177568465213,85.16995385051489,76.49328485770313,78.62537937909487,82.12017708008169,72.30783836494273
Simulation,962,74.34141058590733,76.6486379518687,72.23050211299206,82.47818027357769,83.79143869433831,84.76997753160512,83.65651478696242,87.63895206852973,92.47973838021942,91.04119464049825,88.3654718518717,85.1024593742939,87.74771974155385,87.66243581810895,88.1749998117854,81.87232017973511,79.81101547423069,82.73209599292298,83.05021622603738,87.32580800196148,87.64348902010343,83.41613066910556,86.35528298302314,74.393652040193
Simulation,963,78.99225130084429,68.78196764879425,67.015568582802,70.4092851706368,83.16731537411906,78.25014894699719,79.98242858538643,79.60893755570865,88.30462097738588,87.54944358738491,80.2852493064979,84.08792816608982,86.03759702379936,80.15651432744502,80.70576943528525,85.22827938308683,80.19575132784817,85.98825100476807,84.113854594124,86.72489028402751,86.48480496407848,74.64537302857624,71.12421451049784,72.97101518346578
Simulation,964,78.81093586409946,78.68300255089177,72.72574748350748,82.4821475299544,85.44179246219558,87.8327312695248,88.27314672663414,86.58376044761228,90.91644583223409,89.37746124693453,81.7508327884872,83.17031575207909,86.85227980836603,80.93999083684473,86.57706501134676,86.86910352599288,82.77098456269144,80.09697812733941,82.14152046023798,85.85622187813968,87.86033623049616,75.31678288628318,77.26016166887996,66.55972119249942
Simulation,965,74.66756453426903,69.10116580751497,70.96770589111836,72.59201110096649,83.78296525258071,88.83271412177139,87.63072438312741,91.16445048697582,92.65857668451584,94.63475862434585,94.16727997488931,92.82717339774564,94.63845766750451,92.64663301999268,90.82487114175132,88.606753236516,84.51203950367633,75.91393228510196,80.72914790337074,83.01644695192404,80.4970182872351,76.07359663226319,78.00832784639805,71.19468005517405
Simulation,966,79.00471984712006,82.73305469307768,76.86239474045604,82.38531396628338,86.03589745446149,89.5938195311058,86.51133283080648,88.92208704710998,93.19344551376857,93.69406467956794,94.69352056328843,93.16289087748252,93.08453686204344,92.08564575467283,87.90395106128791,84.76115574256927,71.60085902975892,78.15440911222379,69.73379504594138,84.14666008367284,78.35234050592116,71.60015443591885,69.76713815590999,57.280176094647835
Simulation,967,85.00033851657369,83.02598410540993,82.08491725956551,87.64365853951642,92.06149271679234,92.58201210070793,90.71361406353783,94.03920649659666,94.64622590577123,94.10387329086605,94.04470718962504,94.9600143718091,93.6248968611115,89.73971754173938,91.58503532594224,89.04651708869501,82.35702645267699,78.45349093536562,73.90574856582062,85.11311498645483,87.65725205931604,83.8101409345191,82.06352077085793,71.4113219592475
Simulation,968,81.44861869098804,84.55146460861957,82.35929316593956,86.51077612128574,89.84529375857389,92.08312001172115,91.99813201812857,93.62466128559394,93.52687734357887,93.80795038906592,90.59583309245997,92.09179793200018,92.19982049348704,87.17782821851421,86.38669137504229,79.4497347564029,79.60729584884521,71.77715057013083,83.82706404692128,83.92870735731445,81.27994092436445,79.2976679229539,81.63208933185064,70.02890844641624
Simulation,969,78.92483208741443,78.84036949230335,77.30832153253301,83.5164103123796,88.1174498168579,89.09328775801258,88.41304379399463,92.09280634555358,93.63206929801478,92.15884325295889,91.44895359645179,89.15515614623473,92.80299632314394,91.58963149958666,91.11616338483282,88.51372870710125,88.76977076987146,85.76073408275951,85.07419719535827,84.97722872431385,85.93505230144102,83.05766972902244,85.12292651690785,71.53194219158826
Simulation,970,65.44450767672589,63.67681064991408,61.724102957099646,74.04563109503253,86.0308444371607,88.6012718965905,90.09561453373762,91.81823027909381,94.4293847380923,94.02869857477165,94.68260389114654,94.04245473087833,93.79258797927015,91.43879549819415,88.98912528905846,85.84957892599634,81.23132642126717,84.3240772215518,79.53149268432293,77.78357509733023,71.72659346187218,73.88146705743674,77.50410543053522,75.6578355678221
Simulation,971,80.72735226215508,82.7083750497265,79.75878631735908,82.79676130949446,86.33373490528943,88.82714831869696,87.02642885312902,91.8673236744448,94.50214614849313,93.77641452420053,94.1306942847258,93.01205000567478,93.73686572140411,93.22529331274676,89.44376668509486,87.57534452385235,81.75776089093694,85.1608983859266,87.17784909442636,90.61385238553842,89.63234685700813,86.12360762287742,85.0851431539318,74.85426420256043
Simulation,972,76.54214488980436,68.1264106175076,66.4365558409566,73.27056218846329,76.15557876780004,85.55229005391865,82.81955254942118,86.53936302906239,89.31389896164481,88.63959624402912,86.64976270710994,86.79917123836549,86.84293885052804,85.64609683736234,86.03229661200727,83.2234691952859,78.6488432156129,78.69006871361002,78.41992310762335,85.45513685729469,82.11609571081395,70.71928720411167,70.33500583769651,63.67346348951572
Simulation,973,63.223181795396286,53.8307758546427,60.51585002628066,63.71831337523325,70.00589113757273,74.21472775938459,75.53340693607372,82.59976292625332,88.94067017751914,89.81221920845022,88.92118937720062,92.69553637369897,93.79138855559712,89.99312529018492,92.81516465201602,91.44302017040519,83.07665409701966,86.94290877354973,85.30339799603266,85.77289013331927,82.43978733001227,81.55408226608792,80.14918462393571,68.28670121817777
Simulation,974,78.52218836861249,77.03742864285638,67.78658235779858,76.45197830088422,76.89455961420734,86.48318291857078,84.40075652795306,86.87791630579369,88.16353701878727,88.1014856049119,85.64530548621562,87.25251963069411,90.25110984641394,86.37921140549813,86.67015540917079,90.15287503238638,82.29332338535201,82.09835800658458,84.3691099991142,87.47947764764966,90.77150351035326,86.59495904074008,85.91370021951039,75.14918916867491
Simulation,975,80.23435858128936,81.54262756286477,79.97118938134028,86.03917208836086,85.73263144767556,82.60035291511208,83.72157795532422,87.93694063113963,91.34284601711961,89.26582472435062,81.44407715959599,82.62754798001711,86.68264405003468,83.82095049977794,89.71098176757825,86.66056166370788,79.82366156052201,70.78886350454187,76.14415488423359,83.92843574629049,78.9677994390901,71.25435997777784,72.54726895007978,68.00155900653488
Simulation,976,78.19170016905116,74.30892243113371,74.04464771644993,81.76750539992916,85.6630195712383,87.25091304236022,86.91130723366999,90.53937545095148,91.7319496014,90.80375410435579,87.86638620965644,88.09222216970888,87.81506411521583,84.33342904994488,79.66277299188528,75.41052403675315,65.93693996322833,78.01058229952557,78.42351888747247,87.35831748333915,81.8762395646022,81.41589390202623,73.86945707192906,70.79869528635136
Simulation,977,83.95519209233089,79.2866819442524,79.16076797514738,84.59608311062256,86.35039867338233,85.65409427578274,84.70429903039351,81.70231945626786,89.01238583495093,89.0796045512498,87.43319132258603,90.64485342088435,92.59393084410058,89.3110474059431,91.17283474888504,86.49847030179654,75.49031899871626,82.43306314609427,88.17721343448628,87.34680137867167,87.2729281403959,81.8522207222485,76.42113844193027,67.15318979483959
Simulation,978,83.1751638314865,81.86364314358381,79.7474720610268,87.7220399020656,90.23956122665896,92.68252687835701,93.94478317347794,91.94523803732912,93.81381940947719,94.34272913875812,92.50400368672146,91.61660580987225,91.74465659046365,91.44847771079336,92.06527676158632,87.23015386935505,81.23328745950379,85.50865565115689,87.30760267969272,85.72403017888934,82.57050532715412,76.2460358007414,74.73532193189197,55.58061852577268
Simulation,979,83.22782237221185,80.71870618410034,75.15748691151066,86.26234759029923,84.88437550629111,85.11021290447297,79.60619316560064,86.38686966251412,89.88151502686355,88.98672861825149,78.6488855652868,81.88420913300901,86.94530053528149,85.11803082979597,85.20175676592476,86.67414610277525,80.35978770799679,78.39330086871954,83.50813193497778,83.20243267809704,83.88587250911057,78.95016027109185,84.51876990647214,72.87569373213351
Simulation,980,81.86564234608154,84.51395440882479,82.34094882884806,89.06453085473848,92.73346081939047,91.57342552262145,91.36020836179682,90.75202751424501,94.22433630546718,93.98957211300343,91.82574576015928,93.73313085556205,94.50149698682318,91.30198034419654,92.33362968914943,88.78257189339708,84.40177157715861,84.79244297701301,90.56191445861272,93.58978812905114,91.66827592900236,86.8437551963951,86.00728831773564,76.92419822934824
Simulation,981,67.0496630368285,71.8237338623134,64.86535355516673,75.27869925038198,81.6883614578212,81.87478360692954,73.27111411318863,77.80938018568509,86.50316437763519,86.91538306668204,82.64190368828274,86.64618454188529,87.63972280042645,80.23469379934551,85.91919134920353,82.53913859469145,63.22292364112592,69.14587137610322,71.30592745528612,73.50845627221385,71.5879839806488,72.71568082901277,81.38781862421882,72.90422479327006
Simulation,982,82.77627197979021,83.86743143262228,81.07136801576438,82.85179904235845,90.06339676700462,88.02723805895526,83.16639111373745,80.9483159794108,86.43598166770653,89.27896996744273,86.86330335102488,87.8624788197496,90.61131186517967,91.76527087989315,89.29909102875338,88.52702367484649,82.76380335602934,87.74491206245482,84.30382664991379,77.34192150552983,80.8541599189825,82.21365760006228,80.14861645134654,72.10114166245424
Simulation,983,79.16770295137763,79.00803032045002,75.85918005000262,80.31227272504026,83.19681024249068,84.97447303273124,83.69662815121251,87.23988687524609,93.42394652420263,94.65995010136932,94.54057946964261,91.84260714184474,91.98181955572824,89.53415838198197,88.29016814476982,86.13533227919487,77.73563749329092,72.99307120054763,80.83665029435451,83.25989038885285,87.12281704993404,86.8603809229814,85.72171074421374,72.82914620792542
Simulation,984,80.71519938047,81.77345041575418,80.16367522878004,83.17288414238794,79.91968690495516,85.54578497223233,86.33806271993147,86.22975860691693,87.77067590839451,92.10422278211544,93.35049341090553,89.91859093668543,90.42730591277548,90.40885379352778,91.38913738265751,87.36728426768221,84.61812256270359,86.44100953546533,84.99331326462931,87.96638752233885,87.96906324736935,82.25027329400689,81.36143399679204,67.16163177244046
Simulation,985,73.4485736234151,75.62236086039297,69.98589689601064,71.00631407074111,80.18677048586845,83.36049375750247,87.6036094339976,87.58631638166865,91.4036039262994,88.55251178534995,88.6901732265082,87.43642317736456,87.81591126072057,85.3318992632587,84.09098694066327,78.88017709275954,74.85333300780819,73.13641032073649,78.51060991083412,87.33066095039469,87.6989967406271,83.41621823192153,84.53783145065127,73.60300595166409
Simulation,986,82.81086883403565,81.06039602906685,79.0903931076769,83.85844987167614,89.58115391916624,88.01955369641436,88.29549031325337,86.8618003472491,90.56468182733965,88.34052205132042,88.10795927170246,87.0150407636262,86.07770314218091,84.98103604931275,86.42867330727184,85.8204407971636,78.31071815811282,83.61064704598519,84.08562137480233,85.2587823416016,84.83417398917636,79.80213473566896,80.1484611633307,67.96894791347707
Simulation,987,60.189079902722376,68.84774138380534,72.15124574588987,72.99808348178104,73.94629070433284,76.84781245611043,71.87932350417766,85.14472307882878,90.27773821260752,93.10981327220145,92.49297834473091,90.847723972728,89.80989539842356,86.05591207410559,86.24641481306584,83.1546919023835,85.13395743523832,87.6581033916115,87.42010651823749,88.22494484314636,88.02918697655346,84.38096716291527,84.33422391124583,73.7753367547069
Simulation,988,69.84368542191628,66.13128064531733,67.89251399750023,72.45705602553487,74.73733817502563,89.33029873658184,86.68177340382992,89.67321383704038,91.27691253732823,88.91252815389464,86.31659967165574,86.76173980714016,91.65154662859742,91.30190606003335,89.09129205103237,83.60156841448448,75.91598995611659,71.95538885103865,70.90652121485564,73.8136081243878,75.53882366936303,69.39920431210186,78.8504490073149,68.16294207553958
Simulation,989,77.47164688726721,68.53925275111077,72.58936075838838,76.16000443500617,83.76398837133308,84.60702355710072,81.55854552932304,85.15173313816508,89.88800507290769,90.32158959501295,89.49750967617318,88.17082742218692,87.80332487985702,80.03825231034726,74.29399545233939,69.12013258624724,69.71935846510546,83.08574629427487,83.03176875207151,84.38946059450089,74.47057647129553,68.97905383401873,68.75455286954089,74.84817964257554
Simulation,990,80.13439235239561,80.15553839856524,74.18001564312945,85.97946514476759,86.51777969673287,88.1888596417044,90.13663698697061,91.98750520959025,94.16915093140453,93.59822190803823,95.13685867962948,91.85208924074861,93.73257336541221,93.98653867129316,90.86366521840469,83.75028233350362,78.02896137024729,83.60949770857809,86.03648984097515,83.56865861012191,85.29600097975077,80.4285144092593,84.68605175696595,69.74420554589999
Simulation,991,80.1716220054303,78.92636356034774,77.55666290013885,83.46925169166175,86.92723056609043,87.19024249051468,86.99278457250622,86.61710328081497,89.90043011295403,88.82903825701652,88.0794327608041,87.04215783838501,87.04471703324069,80.14290560939095,80.94968784629742,73.00676235061788,67.41584208924729,78.41693945094931,81.933537050721,84.19387279252076,85.31719119771974,83.07179062214959,81.41407793746227,70.2539019255915
Simulation,992,78.3567830198923,74.8133396785197,67.58431699800157,79.05468403034908,76.26866462934507,75.32820766577191,83.0137135250653,89.01948610420138,90.39776290997315,88.1228198545773,89.06742719989737,89.16987605376436,87.36958122535563,84.46457015392399,85.80520176007978,74.66738779845768,84.94232571595654,82.77623639516642,83.58254597702138,86.38059814473465,86.39382923693303,80.50122895540328,72.93024302239992,69.8931642474366
Simulation,993,74.28804364361777,81.67310602427054,78.63404821480533,81.87351269744258,82.608595717871,86.42899309577551,85.33537048395657,90.33060799227312,93.99484062729279,93.74797074043926,93.65984944146155,90.64482854497354,91.0303081049508,88.71038335836573,86.88600653139422,74.71305024528276,67.97577931364567,76.40334959478037,71.90724449128861,74.59534929755065,73.52686510642825,65.78712147545866,65.8580128083625,66.54605183148955
Simulation,994,80.71395658006881,83.28265498604163,81.55309868885175,81.61753534117098,84.5855349762659,89.6474593271757,88.62840727564611,91.12875658008494,92.68700599171187,92.30510104296248,90.1242969332852,89.59652100454504,90.76513264226992,92.06567919834777,93.01627031151521,87.56871940249734,85.38838585086737,86.27696623252504,84.85236824136533,87.13111349555231,87.20327469499955,80.6299856417293,70.17528026590425,63.94649341913635
Simulation,995,81.05440608928926,76.76290373920644,77.33533428431923,84.60649348866694,88.0433121873369,90.05813816727664,90.28504882209506,89.40546601415654,88.92285448213892,90.22654750331058,92.00682143030527,87.32477951085176,89.4487228434027,87.8159977643854,91.00543107253121,88.53696345163425,84.96106203526885,87.30685176063417,83.89880494867904,88.6323405482969,86.59300993160356,80.46165850072634,76.67853661213731,74.01118437442724
Simulation,996,75.0900658275295,67.33548337858649,76.17431905581914,81.26896955564916,82.38433338025717,85.43122778292891,85.18274775854394,88.44097063177767,90.46616381459535,91.05522108690687,87.94926869321176,81.1768619393176,87.1015454475124,86.64948478655973,90.23838413835803,85.489982809864,71.57511351190533,69.52361977016162,73.94812676907549,85.11148907785626,84.11233813405661,81.40843310296,83.29287131671451,73.15682907797101
Simulation,997,80.12750564616373,78.0754194029233,73.49549177746177,81.5982794135594,74.8633100135701,77.02744345773293,75.04828968878964,81.32871218454282,89.13498496032402,90.21920633247079,87.95173962950959,86.38254779476605,90.48255734540292,88.71689418904177,87.16982725475275,85.20582053350523,77.35209581482302,79.0547202244466,85.60861085871542,90.5946496504639,84.96157651617133,69.7249292257365,74.35868443590208,70.36977173217885
Simulation,998,79.03695667452347,74.46231351604277,70.04284897194859,81.37521495656452,75.42455335303633,82.57522103329435,72.27089317714089,78.06645807876905,89.15095163432652,92.22971553940943,92.98195714537557,91.85968908147422,91.06323075529522,91.47136245731318,93.29422572573228,87.70130130241402,80.66898542895197,82.98510181621016,86.16473923344527,82.89434223309938,77.09600339921336,67.90531342856472,69.63193948245642,71.19511566603013
Simulation,999,82.050551028977,78.71311111559912,71.98901261068572,78.03242569516026,81.98487049018672,87.91791875020168,82.91945879867603,84.78454483718752,88.12065160929157,89.87800237325784,92.36004742314103,89.64477761616446,88.36078979251599,88.78954509328977,87.4872046586506,75.97160269445475,74.28001998032434,83.30249068655152,85.8999220058431,86.6211393297661,84.54029207801123,77.42708903689824,82.19099512971745,73.72100755682368
Simulation,1000,71.55037181801846,73.11835241746732,75.75779253740833,84.58708918516997,87.90851034213807,87.40583277887542,88.39802537241388,87.7471967481422,92.44121477814654,88.3668873811702,86.25385364979067,87.54381561158722,89.73051112589664,87.53490532979406,88.50150029346528,86.73506165054685,78.70573104621138,80.08949698088492,71.25583168891885,83.7189265027175,84.92959254123438,71.24309178429783,75.85423803688289,68.05642614207767
