Type,Index,0600,0700,0800,0900,1000,1100,1200,1300,1400,1500,1600,1700,1800,1900,2000,2100,2200,2300,0000,0100,0200,0300,0400,0500
Actual,1,0.0,0.0,0.0,0.0,0.0,0.0111999997749999,0.1931999986666666,0.7324333375,0.7506333075000001,0.801499995,0.9592333341666668,0.4255999933333333,0.8306666633333334,1.2469333358333332,0.7709333338333333,0.2004333295,0.0945000004583333,0.0,0.0,0.0,0.0,0.0,0.0,0.0
Forecast,1,0.0,0.0,0.0,0.0,0.0,0.0,0.2883999967058823,0.6745803888235293,1.0562039039215685,1.0003137115686274,1.108635274901961,1.1287842960784318,0.6094666594117646,0.5089960739215684,0.3737725431372548,0.2864784279607844,0.0758196073333333,0.0,0.0,0.0,0.0,0.0,0.0,0.0
Simulation,1,0.0,0.0,0.0,0.0,0.0,0.0,0.13359704361883135,0.32475752507772077,0.6782277526470617,1.0333573251613168,0.9059524177026962,0.809384188687226,0.5960202355387858,0.6022860280579182,0.5015581619056738,0.23511698956255694,0.05653785730474111,0.0,0.0,0.0,0.0,0.0,0.0,0.0
Simulation,2,0.0,0.0,0.0,0.0,0.0,0.0,0.12119408657295228,0.6061261548893668,1.1953666194938437,1.3195760171483653,1.304338287530285,1.3896242253896915,1.5308392964650248,1.5728625482949694,1.1016113826280236,0.3334680266756298,0.09157164592814337,0.0,0.0,0.0,0.0,0.0,0.0,0.0
Simulation,3,0.0,0.0,0.0,0.0,0.0,0.0,0.24592408924722942,0.5301218763287954,0.7065681750406083,0.4462161896568242,0.5924287480200996,0.7574173783297953,0.5737548432845464,0.5083716832190224,0.46838593736468354,0.7848915977887359,0.24965635503364264,0.0,0.0,0.0,0.0,0.0,0.0,0.0
Simulation,4,0.0,0.0,0.0,0.0,0.0,0.0,0.3697282232549164,0.6873564472478787,1.1506616387904842,1.312836259009093,1.3430915588133205,1.295517627916947,0.6917374225229485,0.5430818933662719,0.3622423545878372,0.12207178226252158,0.043743167383459874,0.0,0.0,0.0,0.0,0.0,0.0,0.0
Simulation,5,0.0,0.0,0.0,0.0,0.0,0.0,0.2635578968320758,0.581345958595706,0.878142027743813,0.8251781323542027,0.9320266190773155,1.054237477310229,0.6438884541342421,0.5602961922832423,0.4304505850575008,0.32466041913076665,0.09283145651798223,0.0,0.0,0.0,0.0,0.0,0.0,0.0
Simulation,6,0.0,0.0,0.0,0.0,0.0,0.0,0.09636685610306117,0.5401663581661683,1.1234994334013213,1.31300606131669,1.2920724438298594,1.2595120626256282,0.7423142178811298,0.779893754657381,0.7434366933592707,0.6699880000903955,0.1856608554887011,0.0,0.0,0.0,0.0,0.0,0.0,0.0
Simulation,7,0.0,0.0,0.0,0.0,0.0,0.0,0.2824422137726837,0.5745561488786466,0.990799217274063,1.2901983475452963,1.356145981354958,1.2931971168111929,0.6599677597636681,0.5591216212021063,0.4670612579114473,0.3537334701569855,0.08413686713708532,0.0,0.0,0.0,0.0,0.0,0.0,0.0
Simulation,8,0.0,0.0,0.0,0.0,0.0,0.0,0.07646269132182443,0.41941555431099176,0.9896849439006258,0.9664810543516407,0.8788381731551107,0.9031793072172648,0.6349314272520602,0.5110988293458135,0.28754476731219614,0.07500196144684224,0.07792381180413648,0.0,0.0,0.0,0.0,0.0,0.0,0.0
Simulation,9,0.0,0.0,0.0,0.0,0.0,0.0,0.633953516760728,0.8634163135015113,1.266728399399061,0.9826602144040529,1.044681139623678,1.0851248851851327,0.6936380248128428,0.5714211166974498,0.4167545337848632,0.21304375862839617,0.0906149926249389,0.0,0.0,0.0,0.0,0.0,0.0,0.0
Simulation,10,0.0,0.0,0.0,0.0,0.0,0.0,0.23235417918336812,0.47475598305949807,0.5398207354582152,0.10791800502947713,0.08324106941092646,0.09171259999810433,0.04322636642266442,0.041915843416088894,0.15592835713101802,0.3428040979228138,0.1322370337512108,0.0,0.0,0.0,0.0,0.0,0.0,0.0
Simulation,11,0.0,0.0,0.0,0.0,0.0,0.0,0.4042100463360965,0.7023480055978879,1.2459260648803003,1.5315597622423325,1.3432384600958,1.1122193843240098,0.3621780783325811,0.3077917422892871,0.3272352585256113,0.31413289949701667,0.08217049956704957,0.0,0.0,0.0,0.0,0.0,0.0,0.0
Simulation,12,0.0,0.0,0.0,0.0,0.0,0.0,0.2627189174332204,0.7793217090918922,1.256416792018269,0.5400475734822203,0.6288575418814213,0.8862554756090589,0.6665745179603966,0.5098272946758234,0.24180170205905507,0.07474749044267084,0.08208201749974676,0.0,0.0,0.0,0.0,0.0,0.0,0.0
Simulation,13,0.0,0.0,0.0,0.0,0.0,0.0,0.475733323417547,0.5725375233540144,0.4596674236366348,0.25343825757575444,0.31964850718935733,0.3599601843935878,0.3444301897446799,0.3742954806268127,0.4489766659267697,0.9247039165581118,0.19621960258144588,0.0,0.0,0.0,0.0,0.0,0.0,0.0
Simulation,14,0.0,0.0,0.0,0.0,0.0,0.0,0.7732934351706684,1.6065483064385797,1.9951494936820109,2.020134090888357,2.0423526123556455,2.0032243743947,1.9034881945444266,1.9585252574352228,2.0408985247925866,1.839482617934643,0.15644464398524816,0.0,0.0,0.0,0.0,0.0,0.0,0.0
Simulation,15,0.0,0.0,0.0,0.0,0.0,0.0,0.24698108088467524,0.4485699505653644,0.5677633121809531,0.5017308306934585,0.5691933243225851,0.4656419005002027,0.178752286774364,0.21490670894957742,0.3160604603813714,0.3846690034882545,0.09030571453443355,0.0,0.0,0.0,0.0,0.0,0.0,0.0
Simulation,16,0.0,0.0,0.0,0.0,0.0,0.0,0.44256002880320977,0.7175427688899487,1.0959633953467887,1.1563364628593982,1.1799163797129575,1.1700509119820457,0.6617230837466598,0.5513715618973902,0.41643620718606034,0.20395957133518774,0.08981960682027836,0.0,0.0,0.0,0.0,0.0,0.0,0.0
Simulation,17,0.0,0.0,0.0,0.0,0.0,0.0,0.33535164428533454,0.5741709995442615,0.850830713323887,1.2090189479895315,1.6372012101908369,1.800856772485953,0.69868302662598,0.40231524267428376,0.23144879860191525,0.21295933741531814,0.10348778242441577,0.0,0.0,0.0,0.0,0.0,0.0,0.0
Simulation,18,0.0,0.0,0.0,0.0,0.0,0.0,0.4722647958158597,0.8103199215774342,1.1216472021373385,0.48846373413292954,0.6005430744489573,0.8824071332620004,0.7516584577165417,0.5872786986689432,0.3299351661203685,0.09291167762758101,0.0758196073333333,0.0,0.0,0.0,0.0,0.0,0.0,0.0
Simulation,19,0.0,0.0,0.0,0.0,0.0,0.0,0.10350016730428538,0.3401360037602364,0.7089297117100242,1.0157980696610356,1.1589659951799478,1.1883480980021086,0.7041451491226612,0.6928364167235366,0.5879041689152456,0.3627632309541287,0.0918507054239781,0.0,0.0,0.0,0.0,0.0,0.0,0.0
Simulation,20,0.0,0.0,0.0,0.0,0.0,0.0,0.2561785296160476,0.5134051551034475,0.9605628591976214,1.212120076844474,1.0922611273740448,0.8767431598576174,0.5026060961478938,0.43862613340562845,0.3587186428815107,0.20705829027253633,0.0758196073333333,0.0,0.0,0.0,0.0,0.0,0.0,0.0
Simulation,21,0.0,0.0,0.0,0.0,0.0,0.0,0.07164775372568769,0.3632080989345195,0.8543402245734935,1.1136125953078935,1.1223931477244595,1.1544989748280503,0.9829536014097849,1.081383063212038,0.7563663474211446,0.30358122005111265,0.08071960736634143,0.0,0.0,0.0,0.0,0.0,0.0,0.0
Simulation,22,0.0,0.0,0.0,0.0,0.0,0.0,0.33429653259256964,0.6134016861838995,0.8719153814038555,0.933482140448098,1.1095282883983264,1.1037754158082569,0.45024471508471936,0.2978408069930686,0.18929892641779864,0.10823158720757128,0.057816978468333044,0.0,0.0,0.0,0.0,0.0,0.0,0.0
Simulation,23,0.0,0.0,0.0,0.0,0.0,0.0,0.39134179432078864,1.034105980227557,1.5888708303580383,1.2728957677210304,1.2964150054527892,1.318481228217705,0.864554706839525,0.7976586598561268,0.6823183631507498,0.6414206204873052,0.19888357243802623,0.0,0.0,0.0,0.0,0.0,0.0,0.0
Simulation,24,0.0,0.0,0.0,0.0,0.0,0.0,0.29254439656034437,0.47989909647693185,0.8258693301690712,1.1720908587880454,1.3174579467539185,1.2731251705484115,0.5375748925821083,0.32549842105742843,0.1962255687504704,0.11104807715457221,0.05633635124732375,0.0,0.0,0.0,0.0,0.0,0.0,0.0
Simulation,25,0.0,0.0,0.0,0.0,0.0,0.0,0.802443336653742,1.093715538601864,1.534498280444963,1.390427719072312,1.4966293754728588,1.3184694103232149,0.25339667739624355,0.09717580918204444,0.04325373098233776,0.08626303014399189,0.05903552207976551,0.0,0.0,0.0,0.0,0.0,0.0,0.0
Simulation,26,0.0,0.0,0.0,0.0,0.0,0.0,0.9250482514001592,0.7842980364925476,1.291276262501441,1.8522214607269243,1.669566256864535,1.2837473001354418,0.569337809911895,0.5106789916785519,0.5371626574358349,0.472979049420953,0.07551733387787739,0.0,0.0,0.0,0.0,0.0,0.0,0.0
Simulation,27,0.0,0.0,0.0,0.0,0.0,0.0,0.2740612288359702,0.5356826591336603,0.865668502388097,1.1148341284630694,1.4073730873078456,1.6103060460023741,1.0735025583115414,0.7309247509885357,0.4237531630267559,0.18846593391585817,0.08405846809678619,0.0,0.0,0.0,0.0,0.0,0.0,0.0
Simulation,28,0.0,0.0,0.0,0.0,0.0,0.0,0.5158906028077178,0.82822813959511,1.3953794602460865,1.5495202928659695,1.675334650053454,1.6980230558761291,0.8668870139736181,0.5948315692126942,0.353974263691732,0.12504439808598042,0.057933453788585214,0.0,0.0,0.0,0.0,0.0,0.0,0.0
Simulation,29,0.0,0.0,0.0,0.0,0.0,0.0,0.0990500498607775,0.12514830145954892,0.26123772481011864,0.6624329188940896,1.037837066124625,0.8567746101304564,0.05036315151646964,0.008567260679007815,0.0,0.10144441175886248,0.0914484555823932,0.0,0.0,0.0,0.0,0.0,0.0,0.0
Simulation,30,0.0,0.0,0.0,0.0,0.0,0.0,0.31859663761119433,0.8080823651705453,1.5394028242955804,1.3190036221039878,1.0634964561026816,0.734469612409949,0.4047248164620446,0.4336954619668203,0.43918047913633407,0.4837328227106241,0.138528918503329,0.0,0.0,0.0,0.0,0.0,0.0,0.0
Simulation,31,0.0,0.0,0.0,0.0,0.0,0.0,0.18465623577635348,0.31730219850839214,0.4747106472487267,0.6516745520114762,1.1431473160367476,1.471424869329904,1.0955373833308757,0.699517224430382,0.38948422538986605,0.20067380291372183,0.14351829319871676,0.0,0.0,0.0,0.0,0.0,0.0,0.0
Simulation,32,0.0,0.0,0.0,0.0,0.0,0.0,0.4553612468314735,1.227648473969413,1.6050319082757218,1.0967344551125349,1.310362831351585,1.57836488112296,1.184284295216635,1.0465307717274475,0.7414742696307984,0.5396636926288625,0.19755166841236094,0.0,0.0,0.0,0.0,0.0,0.0,0.0
Simulation,33,0.0,0.0,0.0,0.0,0.0,0.0,0.08126514960227657,0.18734638687286848,0.570151059281425,1.3473024342539688,1.535001682647316,1.3894222295599454,0.592060635026918,0.4522741306946524,0.39722224992962984,0.329815054621548,0.08496513363534486,0.0,0.0,0.0,0.0,0.0,0.0,0.0
Simulation,34,0.0,0.0,0.0,0.0,0.0,0.0,0.15163558588541182,0.4602881523437481,0.8114875331294149,0.9074249567695145,0.9863473463328278,1.1119976059183942,0.9815821094454917,1.0782862985367405,0.7660666219358663,0.3245407471122444,0.08912417164020948,0.0,0.0,0.0,0.0,0.0,0.0,0.0
Simulation,35,0.0,0.0,0.0,0.0,0.0,0.0,0.15568535117631996,0.363100322629394,0.6689977351913576,0.8345841599117677,1.170477863300006,1.20100731452451,0.3823842674641514,0.18994170709980485,0.11674684056743867,0.11092764425478249,0.07588316520416456,0.0,0.0,0.0,0.0,0.0,0.0,0.0
Simulation,36,0.0,0.0,0.0,0.0,0.0,0.0,0.3420492385352086,0.8100922286300606,1.5159192389227651,1.5765429102742003,1.5493836281918831,1.3286986565867034,0.610386137711995,0.552027508211413,0.6502046996852182,1.3448078973039825,0.24640886501629228,0.0,0.0,0.0,0.0,0.0,0.0,0.0
Simulation,37,0.0,0.0,0.0,0.0,0.0,0.0,0.22163504918084675,0.5568500489916688,0.8527353817879225,0.7918094739177739,0.6798768144316263,0.612364154915072,0.523246878148284,0.5120050520087193,0.427920826035005,0.259895152799983,0.08579709547688126,0.0,0.0,0.0,0.0,0.0,0.0,0.0
Simulation,38,0.0,0.0,0.0,0.0,0.0,0.0,0.03192392139821432,0.16147475372017805,0.411394492127349,0.6580846151938018,0.802838980688072,0.8980633152234204,0.5526601904384008,0.3761585959038493,0.19045361320422752,0.05904532428793349,0.07100587573576657,0.0,0.0,0.0,0.0,0.0,0.0,0.0
Simulation,39,0.0,0.0,0.0,0.0,0.0,0.0,0.24705497852264263,0.6131286865340898,0.9930310002721642,1.0073423414454172,1.175614819122993,1.2016511475758223,0.5846387728588056,0.38096773284800584,0.24491801327114968,0.17330311142454619,0.08833143884578036,0.0,0.0,0.0,0.0,0.0,0.0,0.0
Simulation,40,0.0,0.0,0.0,0.0,0.0,0.0,0.09813116160119464,0.7382261834954336,1.42576975779848,0.6891692238478936,0.1480393465387594,0.10838587356511376,0.3427459198843487,0.5594384932440188,0.6503502834026738,0.5256151795816486,0.1496359083862683,0.0,0.0,0.0,0.0,0.0,0.0,0.0
Simulation,41,0.0,0.0,0.0,0.0,0.0,0.0,0.3300177454062994,0.3677275599179911,0.46482104465924323,0.6524498127183751,0.6896173790668092,0.5403032438084826,0.32907953216811897,0.2697561338552037,0.2237513974977174,0.19188395558975813,0.07710353657576932,0.0,0.0,0.0,0.0,0.0,0.0,0.0
Simulation,42,0.0,0.0,0.0,0.0,0.0,0.0,0.7838869540917708,1.096800869835276,1.521396695005718,1.4316449430063858,1.5871844589550164,1.5037426254402728,0.5965499027304515,0.3800816440531015,0.32480346297159884,0.33389747792628394,0.10223351004043016,0.0,0.0,0.0,0.0,0.0,0.0,0.0
Simulation,43,0.0,0.0,0.0,0.0,0.0,0.0,0.024905135579752213,0.2532155634240425,0.6139495843042684,0.37585402205014173,0.31939075385046034,0.28720542317603626,0.10722579019209832,0.09721048204573479,0.1547325555098044,0.301071594566539,0.12864793415204134,0.0,0.0,0.0,0.0,0.0,0.0,0.0
Simulation,44,0.0,0.0,0.0,0.0,0.0,0.0,0.4541675760295312,0.7065903104909936,1.0234274810534332,0.7323430653833582,0.6906417007812644,0.6023724094305798,0.40833913272058087,0.3325592009719245,0.24894797296168888,0.180106127191975,0.0758196073333333,0.0,0.0,0.0,0.0,0.0,0.0,0.0
Simulation,45,0.0,0.0,0.0,0.0,0.0,0.0,0.5909206543371474,1.154451005179097,1.692316962140481,1.319199316196682,1.2529615823319937,1.1466262888493515,0.6073668054705014,0.4514880424864017,0.32343273393169025,0.2450893504818424,0.09013014508605754,0.0,0.0,0.0,0.0,0.0,0.0,0.0
Simulation,46,0.0,0.0,0.0,0.0,0.0,0.0,0.04212332460264645,0.1533166365852514,0.25749872866347956,0.14031755311443883,0.09378748095276501,0.0966886336284658,0.12658711420022695,0.18393065011760196,0.2201460956206301,0.24243848494099346,0.0898014706201793,0.0,0.0,0.0,0.0,0.0,0.0,0.0
Simulation,47,0.0,0.0,0.0,0.0,0.0,0.0,0.41118163340243097,0.6761156055214546,1.0527100443772506,1.203215081257852,1.1430456702639054,0.9452315177445394,0.4585169448049514,0.4293583187831683,0.4305669211366076,0.43797493437602153,0.08761877803138098,0.0,0.0,0.0,0.0,0.0,0.0,0.0
Simulation,48,0.0,0.0,0.0,0.0,0.0,0.0,0.41457905876800016,0.6607097494642589,1.0553420088766348,1.7351061164560817,1.7049661078777412,1.379620941709394,0.6087964323679893,0.6242267684751197,0.8026249756469647,0.9023277375565288,0.07595395443229755,0.0,0.0,0.0,0.0,0.0,0.0,0.0
Simulation,49,0.0,0.0,0.0,0.0,0.0,0.0,0.2485236474195356,0.4398009475787974,0.6077656952441801,0.33004168644298026,0.48546177339634755,0.537278021881373,0.15304364489350475,0.07816602595622879,0.05507473462608298,0.15515944181672386,0.1035913875864732,0.0,0.0,0.0,0.0,0.0,0.0,0.0
Simulation,50,0.0,0.0,0.0,0.0,0.0,0.0,0.24370519145577318,0.6320431501679021,1.1281309215112403,1.5757054061744702,1.6790350838473638,1.6092295191132715,0.7250467550094474,0.6926212534455414,0.7030655291033365,0.7961664509054613,0.10366281228417303,0.0,0.0,0.0,0.0,0.0,0.0,0.0
Simulation,51,0.0,0.0,0.0,0.0,0.0,0.0,0.3381473302137919,0.6058456165118703,0.7159025327420866,0.5582929247943968,0.6893146956904508,0.7478706341836324,0.5311540298454392,0.4732692757170345,0.4250527200359756,0.42612483478290997,0.1446575509770364,0.0,0.0,0.0,0.0,0.0,0.0,0.0
Simulation,52,0.0,0.0,0.0,0.0,0.0,0.0,0.14185559648671556,0.39610612256849126,0.7170994218866118,0.7601818962228892,0.719357669423718,0.6928856939679894,0.48982933299666126,0.3654161479519865,0.1670594737222846,0.0,0.021208154696100462,0.0,0.0,0.0,0.0,0.0,0.0,0.0
Simulation,53,0.0,0.0,0.0,0.0,0.0,0.0,0.4746175777996827,0.7209957695290612,1.2949589559051964,1.7557365203048234,1.7303352574206419,1.4748950225209077,0.6227262668122066,0.4907965563784316,0.4049533876942894,0.2828163414863816,0.08059021711716564,0.0,0.0,0.0,0.0,0.0,0.0,0.0
Simulation,54,0.0,0.0,0.0,0.0,0.0,0.0,0.3192148633476605,0.6389963057539495,0.8625780689440621,0.6530845793156154,0.8516461198035479,0.861083326954664,0.2567498307048716,0.20333986281385957,0.23763258359299347,0.4666033572570477,0.1984669167997411,0.0,0.0,0.0,0.0,0.0,0.0,0.0
Simulation,55,0.0,0.0,0.0,0.0,0.0,0.0,0.3075628540255732,0.44816684811061014,0.42881621816874926,0.4081203173551108,0.6234917737370922,0.8692690104026863,0.7207246482721426,0.7828543130805805,0.7412178788063142,0.5825447085606854,0.17446148800709563,0.0,0.0,0.0,0.0,0.0,0.0,0.0
Simulation,56,0.0,0.0,0.0,0.0,0.0,0.0,0.3901905121173532,0.6697201720226214,0.71384230799423,0.18632033500917178,0.3244274150336439,0.49274146045621614,0.3318054569972913,0.19900716286030928,0.12120282454254733,0.13340671328808112,0.09145294066666661,0.0,0.0,0.0,0.0,0.0,0.0,0.0
Simulation,57,0.0,0.0,0.0,0.0,0.0,0.0,0.6482129295729113,1.0465351490576114,1.4888404736543945,1.2114870146408798,1.350923666917441,1.5010346463287785,0.9618653318131047,0.616535288995959,0.29710462455080106,0.06363950313383585,0.0758196073333333,0.0,0.0,0.0,0.0,0.0,0.0,0.0
Simulation,58,0.0,0.0,0.0,0.0,0.0,0.0,1.1003196184506272,0.9738258063313603,1.006780135622999,0.34950495713024277,0.47810798198828874,0.593768370400421,0.31415683233166847,0.24711637364166927,0.2681563526281687,0.4496942906796941,0.17771290570045745,0.0,0.0,0.0,0.0,0.0,0.0,0.0
Simulation,59,0.0,0.0,0.0,0.0,0.0,0.0,0.38776804139047777,0.8909646904626991,1.421375235692449,1.1358889754628305,1.197241923353058,1.2288026971754076,0.7239572654179617,0.6607338557984754,0.5536468057548019,0.44920486212371663,0.1630282617370536,0.0,0.0,0.0,0.0,0.0,0.0,0.0
Simulation,60,0.0,0.0,0.0,0.0,0.0,0.0,0.06742774676240593,0.16578957165338282,0.26109067752090753,0.18252941440931547,0.459147302808974,0.6363334276763499,0.16877971916756263,0.05246646910128899,0.01218380517662404,0.018949659907718408,0.07070505019287754,0.0,0.0,0.0,0.0,0.0,0.0,0.0
Simulation,61,0.0,0.0,0.0,0.0,0.0,0.0,0.3053874254274119,0.8660107071797657,1.6552030998054663,1.4307879052226526,1.2703159084023437,1.1120570626966784,0.3677311588566211,0.2232588993282295,0.13530016179237833,0.08837071025534271,0.0758196073333333,0.0,0.0,0.0,0.0,0.0,0.0,0.0
Simulation,62,0.0,0.0,0.0,0.0,0.0,0.0,0.2209099857451899,0.5853318809840303,1.0388453322669189,1.2871949975444306,1.291224486929086,1.2954720228006962,1.1834481889382737,1.299893336201928,1.1450468489425243,0.6271562048142519,0.09098627378360774,0.0,0.0,0.0,0.0,0.0,0.0,0.0
Simulation,63,0.0,0.0,0.0,0.0,0.0,0.0,0.35319370620307167,1.2506673379389537,1.679420127281872,0.8367631494578963,0.7253392307097746,0.6798695891806904,0.3366654155982403,0.2945679141328085,0.22898204359484173,0.2351623404741709,0.09097405287669226,0.0,0.0,0.0,0.0,0.0,0.0,0.0
Simulation,64,0.0,0.0,0.0,0.0,0.0,0.0,0.42796465897356517,1.126242413802295,1.513283620730035,0.7605499345834773,0.5360791949100283,0.6456865471610327,0.8106697705703314,1.0222308994928033,0.8465280250892312,0.5183496538516112,0.10617157566955758,0.0,0.0,0.0,0.0,0.0,0.0,0.0
Simulation,65,0.0,0.0,0.0,0.0,0.0,0.0,0.07745364426015844,0.5478724882053904,0.9347488990020979,0.3111679848533959,0.12414599936802417,0.16157266215092758,0.5358409036144653,0.560643482711537,0.42643524536609356,0.2450320623660348,0.09098627375721544,0.0,0.0,0.0,0.0,0.0,0.0,0.0
Simulation,66,0.0,0.0,0.0,0.0,0.0,0.0,0.06266082567010253,0.42218551360982454,0.987025782189934,0.9073929934805129,1.0908938186234376,1.1426086419507198,0.47654813459314405,0.24799022810679516,0.09373420703878138,0.012125794449383887,0.07619136321977153,0.0,0.0,0.0,0.0,0.0,0.0,0.0
Simulation,67,0.0,0.0,0.0,0.0,0.0,0.0,0.0060122112635463965,0.08341473286798695,0.11408691046548902,0.4108670462937887,0.3349486025166094,0.35240370968942325,0.6294247694725169,0.8945863106622609,1.0256463639116733,0.6433763920806723,0.09130676394923962,0.0,0.0,0.0,0.0,0.0,0.0,0.0
Simulation,68,0.0,0.0,0.0,0.0,0.0,0.0,0.19770461075196138,0.6480005083464561,1.0897310199822314,0.9344690551683889,1.2021715877095,1.328986027684615,0.7154464445958327,0.534943647930399,0.3578979363673223,0.2556611677037943,0.0894056869225753,0.0,0.0,0.0,0.0,0.0,0.0,0.0
Simulation,69,0.0,0.0,0.0,0.0,0.0,0.0,1.5064950182470687,0.7682749264856209,0.6144640744953005,0.2679200499106613,0.3998049972907842,0.379761422014985,0.1527520233811484,0.15168104532666504,0.2781380391778241,0.7108287552975838,0.1881374490897083,0.0,0.0,0.0,0.0,0.0,0.0,0.0
Simulation,70,0.0,0.0,0.0,0.0,0.0,0.0,0.6454105008941236,0.9147207924492448,1.3795069515994,1.0552571844664624,0.9342045749401031,0.7783796260925133,0.35958995408215527,0.33241764425112746,0.38232777164566256,0.610587335424464,0.1974225184464895,0.0,0.0,0.0,0.0,0.0,0.0,0.0
Simulation,71,0.0,0.0,0.0,0.0,0.0,0.0,0.12829513762592668,0.6327613296552781,1.352365184810426,1.756981201403339,1.8869903962664067,1.630954293459209,0.5095069025447219,0.3267796972950773,0.264555295960584,0.270430746289507,0.09057895918022786,0.0,0.0,0.0,0.0,0.0,0.0,0.0
Simulation,72,0.0,0.0,0.0,0.0,0.0,0.0,0.13383454149430804,0.34071028776765677,0.5599318561476004,0.5021469209886811,0.711845524516338,0.7545161507624955,0.33017578852365553,0.27023144312083003,0.28876501298185675,0.39420933982563977,0.1647907221992485,0.0,0.0,0.0,0.0,0.0,0.0,0.0
Simulation,73,0.0,0.0,0.0,0.0,0.0,0.0,0.20347073095973928,0.24071059749154117,0.4424570230913454,1.0767869406027402,1.6360184736600165,1.826320357163477,0.6185499235437468,0.307251790621456,0.1806470432063362,0.21611228532867455,0.16174768147202873,0.0,0.0,0.0,0.0,0.0,0.0,0.0
Simulation,74,0.0,0.0,0.0,0.0,0.0,0.0,0.23450683239213926,0.2540657421825815,0.29771196513909637,0.5037013938338022,0.8534401412485355,1.1351458636421168,0.9766348570155721,0.7979599642240013,0.48887698177511785,0.24169696009609684,0.08748063504948153,0.0,0.0,0.0,0.0,0.0,0.0,0.0
Simulation,75,0.0,0.0,0.0,0.0,0.0,0.0,0.6983441776926211,1.2491046325535597,1.531004303357773,0.658453579379352,0.6141830361143308,0.6754784048216971,0.5095765980235955,0.37529507560212083,0.22279121171316454,0.12773296730236688,0.08044275493180787,0.0,0.0,0.0,0.0,0.0,0.0,0.0
Simulation,76,0.0,0.0,0.0,0.0,0.0,0.0,0.3446552146382524,0.9123676933086056,1.6305645258504067,1.5385699243977604,1.3078346109692343,1.1384333832807652,0.5648538192603403,0.4945742649563915,0.4325581096666456,0.4034232841337784,0.13943303104318244,0.0,0.0,0.0,0.0,0.0,0.0,0.0
Simulation,77,0.0,0.0,0.0,0.0,0.0,0.0,0.7094591728477069,1.6281832170523902,1.916357197636422,1.3673534878967815,1.068750202477312,0.9268506377093142,0.966532832298461,1.297482433386238,1.4249844057258192,0.9371438717288024,0.14759247122329347,0.0,0.0,0.0,0.0,0.0,0.0,0.0
Simulation,78,0.0,0.0,0.0,0.0,0.0,0.0,0.09437090818336649,0.1080613021263741,0.12156964077482357,0.12197963551380264,0.18669767116218083,0.19259150765687105,0.09304703346681986,0.027140758393154107,0.02650829523644832,0.14484636811638207,0.09170070942258694,0.0,0.0,0.0,0.0,0.0,0.0,0.0
Simulation,79,0.0,0.0,0.0,0.0,0.0,0.0,0.29093585276295403,0.24072356200187933,0.26163675682578524,0.410663590933933,0.30153458067951766,0.17329884874386026,0.14831278592333336,0.1572057455028304,0.16315764147374917,0.08050866137587978,0.04503530892310339,0.0,0.0,0.0,0.0,0.0,0.0,0.0
Simulation,80,0.0,0.0,0.0,0.0,0.0,0.0,0.07702786120681523,0.14734707749559128,0.28290198328943383,0.6764002391714796,0.7641649897856608,0.8284985787799586,0.6459500303633597,0.6400438836377137,0.5254112254421293,0.3146178114232629,0.0909862738725126,0.0,0.0,0.0,0.0,0.0,0.0,0.0
Simulation,81,0.0,0.0,0.0,0.0,0.0,0.0,0.2690024609163435,0.4342037238447537,0.6244111499803177,0.7936140700951776,1.1801462495975326,1.3830756727899929,0.8090485810355332,0.5850773005518372,0.3472388971917007,0.12257104452547915,0.07529285822290657,0.0,0.0,0.0,0.0,0.0,0.0,0.0
Simulation,82,0.0,0.0,0.0,0.0,0.0,0.0,1.57706416794543,1.6337807060481762,1.6671012429665766,1.4359766156187272,1.6339954993605326,1.746608157605045,1.315448966124008,1.127040313038885,0.990849007919945,1.0578033612045816,0.19621960652599924,0.0,0.0,0.0,0.0,0.0,0.0,0.0
Simulation,83,0.0,0.0,0.0,0.0,0.0,0.0,0.5997732459042888,0.7920925129971153,1.302155067074532,1.549971615808258,1.531131994735939,1.3352013030468597,0.6431545781904294,0.5296793856157334,0.42879358567691467,0.31422291474066943,0.086775575175693,0.0,0.0,0.0,0.0,0.0,0.0,0.0
Simulation,84,0.0,0.0,0.0,0.0,0.0,0.0,0.32048398480430235,0.7606234688439807,1.371219353209706,1.5592951950660388,1.7926215036365576,1.8453808971429113,0.8761872314201158,0.5995021633584823,0.4205759004965791,0.3400542911868286,0.16557627375668454,0.0,0.0,0.0,0.0,0.0,0.0,0.0
Simulation,85,0.0,0.0,0.0,0.0,0.0,0.0,1.1421423400484143,1.4006399979178346,1.486963431531285,0.9317355663499234,1.0607298867445147,1.2175485565079915,1.6002000030939794,1.581924444795326,1.3545377745835734,0.7099558792350573,0.16458224469535984,0.0,0.0,0.0,0.0,0.0,0.0,0.0
Simulation,86,0.0,0.0,0.0,0.0,0.0,0.0,0.5582075713147802,1.2584979433850614,1.7593176430215496,1.2614742445257687,1.0898964263779851,1.0183187684598425,0.7461501763617584,0.7661940691818545,0.592075355630125,0.3022115448435029,0.09037222443326152,0.0,0.0,0.0,0.0,0.0,0.0,0.0
Simulation,87,0.0,0.0,0.0,0.0,0.0,0.0,0.8727037315796384,0.6936281673644659,0.8957482294148202,1.1550067626966982,1.3457452446964717,1.337397528538578,0.6982599221979503,0.5409935938673881,0.43287564006513596,0.38923488655019395,0.08849689635342696,0.0,0.0,0.0,0.0,0.0,0.0,0.0
Simulation,88,0.0,0.0,0.0,0.0,0.0,0.0,0.2826564882204755,0.761150313823781,1.3581697938861446,1.3746175894722548,1.5684711867958607,1.7706508910998864,1.6660597316278494,1.3704462197461806,0.7258015872286072,0.255809413449982,0.08746244099976994,0.0,0.0,0.0,0.0,0.0,0.0,0.0
Simulation,89,0.0,0.0,0.0,0.0,0.0,0.0,0.40328251183050556,0.6761809266306482,0.7331927057482621,0.3189152119702483,0.5268625138116394,0.7266210846656347,0.27870022899306784,0.1808943071481376,0.1721100971382003,0.3170989437024322,0.16331397614639237,0.0,0.0,0.0,0.0,0.0,0.0,0.0
Simulation,90,0.0,0.0,0.0,0.0,0.0,0.0,0.16219354260933358,0.1655101399732961,0.1605984914898485,0.3373996712073152,0.45982912531415376,0.4662372265852327,0.2527271849276789,0.2090996301347957,0.1719725903034465,0.10389992546623797,0.054833012226174385,0.0,0.0,0.0,0.0,0.0,0.0,0.0
Simulation,91,0.0,0.0,0.0,0.0,0.0,0.0,0.5968014219815331,0.6421913792174498,0.7871421868676113,0.8269518066753202,1.0909733611488723,1.1489506014346302,0.6086549051429678,0.3442397098386175,0.14561811576157885,0.006915611386299647,0.05338864269240337,0.0,0.0,0.0,0.0,0.0,0.0,0.0
Simulation,92,0.0,0.0,0.0,0.0,0.0,0.0,0.6451249319694061,1.0248783422742005,1.4970848602723763,1.433929713126486,1.8124083099806447,1.9703863723852844,1.1810271992639312,0.7298246872130147,0.48157820376631194,0.5199663307574081,0.2470628607161976,0.0,0.0,0.0,0.0,0.0,0.0,0.0
Simulation,93,0.0,0.0,0.0,0.0,0.0,0.0,0.42812140228647444,0.7813208984910722,0.9743576803503017,0.12554061516969273,0.1739085966499505,0.3893072626172912,0.5135144620258559,0.3428340798697449,0.1567072531756752,0.032868992095280436,0.07694684809757567,0.0,0.0,0.0,0.0,0.0,0.0,0.0
Simulation,94,0.0,0.0,0.0,0.0,0.0,0.0,0.34880439024042464,0.4268178062693224,0.561421266499485,0.7735317952100212,0.9731202532917533,0.9838057383961457,0.4814188670894651,0.31166010764959373,0.19250279579672103,0.1236120153115301,0.07102161334917828,0.0,0.0,0.0,0.0,0.0,0.0,0.0
Simulation,95,0.0,0.0,0.0,0.0,0.0,0.0,0.3636648050785707,1.667364288225615,2.025229327110428,1.7868105233445088,1.9545874412685023,1.9883385834386114,0.7614688525518852,0.3569836055675752,0.10887791334439623,0.05646935748042006,0.08969871341657139,0.0,0.0,0.0,0.0,0.0,0.0,0.0
Simulation,96,0.0,0.0,0.0,0.0,0.0,0.0,0.7005247186576298,0.9414673653107193,1.213741585154156,0.648083952273645,0.7554971300041434,0.8223920687372519,0.49709998607074074,0.39095251031108436,0.32987807976382577,0.2835445603946352,0.09191714711125665,0.0,0.0,0.0,0.0,0.0,0.0,0.0
Simulation,97,0.0,0.0,0.0,0.0,0.0,0.0,0.06737514117869409,0.26110163079752874,0.8243039946733519,1.4172398394377015,1.6463636976813922,1.8247733465462899,1.1886705042550987,0.8236914342271551,0.4308817316310375,0.1651452972395374,0.07935883906871141,0.0,0.0,0.0,0.0,0.0,0.0,0.0
Simulation,98,0.0,0.0,0.0,0.0,0.0,0.0,0.6858747828131322,0.7918176268464299,1.4018991771692044,1.8310896733386552,1.9691829060615316,1.9372565281436902,0.7465480851511329,0.42972916343457934,0.21803002894584175,0.11896385407374374,0.07816068191834012,0.0,0.0,0.0,0.0,0.0,0.0,0.0
Simulation,99,0.0,0.0,0.0,0.0,0.0,0.0,0.617755284524997,1.052145005207152,1.637207110167437,1.8954945056668584,1.9694784585825809,1.9634688234699056,1.5983431593162551,1.5637336553898276,1.5077378612104129,1.7536052246664058,0.24258912578114333,0.0,0.0,0.0,0.0,0.0,0.0,0.0
Simulation,100,0.0,0.0,0.0,0.0,0.0,0.0,0.25837953293130533,0.7484338608138937,1.2255818261217573,0.9953791403393503,1.0323372881100294,1.1002837431840686,0.89828992280943,1.125970787500853,1.1299923410735577,0.9292398880677548,0.19707670339232428,0.0,0.0,0.0,0.0,0.0,0.0,0.0
Simulation,101,0.0,0.0,0.0,0.0,0.0,0.0,0.9373952961154202,1.7044580579369912,1.9319264239202556,1.2533128194889414,1.1658897754844657,1.1957961120896592,0.9564023524049237,0.858225556135656,0.633333275480035,0.40117070779907354,0.19621960264227026,0.0,0.0,0.0,0.0,0.0,0.0,0.0
Simulation,102,0.0,0.0,0.0,0.0,0.0,0.0,0.6445125320423267,1.682565931829579,1.9385672578234043,1.4705799987597965,1.2721958743490867,1.2936726168306556,1.2859595865829396,1.4753824768546584,1.0356919283245998,0.362774400854626,0.09223898373120687,0.0,0.0,0.0,0.0,0.0,0.0,0.0
Simulation,103,0.0,0.0,0.0,0.0,0.0,0.0,0.2563081708455067,0.6608919804626395,1.0944889493926797,0.9913378471663524,1.0907874443737886,1.1109915514701556,0.6586067317989861,0.6042698456213403,0.5173131168389358,0.4395248019215672,0.1607991013946014,0.0,0.0,0.0,0.0,0.0,0.0,0.0
Simulation,104,0.0,0.0,0.0,0.0,0.0,0.0,0.8524469889980208,0.7370993533061593,1.0378822922126574,1.3670708575974726,1.1001054953030465,0.6826476857202726,0.4153903424110802,0.5604478311147578,0.8834063515602089,1.178217300543104,0.09098627374109067,0.0,0.0,0.0,0.0,0.0,0.0,0.0
Simulation,105,0.0,0.0,0.0,0.0,0.0,0.0,0.34302278235900363,0.656932769621586,0.906707356725661,1.0581843300370273,1.3164194199832562,1.3925225346832493,0.7621741795872826,0.6827742004349937,0.6487877137547555,0.8374965621698865,0.20654369605593903,0.0,0.0,0.0,0.0,0.0,0.0,0.0
Simulation,106,0.0,0.0,0.0,0.0,0.0,0.0,0.3374478582261178,0.8773026952947929,1.6258333690705808,1.5036935824655955,1.461107011117521,1.296812220541058,0.4972619661874829,0.34769282986913586,0.28786270332002645,0.2800520560072347,0.08214142643832069,0.0,0.0,0.0,0.0,0.0,0.0,0.0
Simulation,107,0.0,0.0,0.0,0.0,0.0,0.0,0.4545958781396096,0.7956052065933261,1.0837163891900636,0.5466760010058334,0.6625642760876955,0.8915432355928237,0.8060081685221768,0.7705396659594759,0.5428329296082177,0.29872784461805707,0.09070558058739926,0.0,0.0,0.0,0.0,0.0,0.0,0.0
Simulation,108,0.0,0.0,0.0,0.0,0.0,0.0,0.6470076856964677,0.6954839760179001,0.8205636680343603,0.6108813299810928,1.0599266196736883,1.3125387287541344,1.1464241800323394,0.8736324068537344,0.5840686847719283,0.37364776940270794,0.19621960397762872,0.0,0.0,0.0,0.0,0.0,0.0,0.0
Simulation,109,0.0,0.0,0.0,0.0,0.0,0.0,0.32959830602223944,0.9187950087841115,1.8987957049973028,1.997868738722266,2.0064395859107544,1.979624906775454,0.8987063404246534,0.6214020449969688,0.4162154353644895,0.19808144543026734,0.07700536540485059,0.0,0.0,0.0,0.0,0.0,0.0,0.0
Simulation,110,0.0,0.0,0.0,0.0,0.0,0.0,0.6780292520425042,0.7247456279209448,0.8946999818087323,1.0012372316747657,1.1452171625217566,1.2229898798958945,1.0561062071372165,1.1265614144828981,1.0688678551296484,0.7983107749786499,0.14424386459345961,0.0,0.0,0.0,0.0,0.0,0.0,0.0
Simulation,111,0.0,0.0,0.0,0.0,0.0,0.0,0.355873191503623,0.7791116950952723,1.387109680139134,1.7420375778497248,1.7076847149887726,1.612668897476712,1.068872664038598,1.0264827770268345,0.7575974586479106,0.31500641164118226,0.07643493305593375,0.0,0.0,0.0,0.0,0.0,0.0,0.0
Simulation,112,0.0,0.0,0.0,0.0,0.0,0.0,0.31132884089277024,1.0304695944023061,1.8685818297674326,1.7163608335320548,1.6548576568827325,1.6307232773310236,0.9909176525057979,0.742138725241799,0.4435810052044442,0.22256871759548835,0.0916038729028107,0.0,0.0,0.0,0.0,0.0,0.0,0.0
Simulation,113,0.0,0.0,0.0,0.0,0.0,0.0,0.2544797991506067,0.5302548269402227,0.6198303492642894,0.2843134300624961,0.313488882450617,0.542976170124459,0.6504188800809155,0.6165193673288112,0.42611189756277507,0.20785461766133964,0.08958879886387508,0.0,0.0,0.0,0.0,0.0,0.0,0.0
Simulation,114,0.0,0.0,0.0,0.0,0.0,0.0,0.2468660670998663,0.30276010164624056,0.4772607206435099,1.1850020577919695,1.5265893944202564,1.527993005964532,0.6467735627126439,0.5284958205387329,0.4762521780273036,0.4846707472031002,0.13071650776470556,0.0,0.0,0.0,0.0,0.0,0.0,0.0
Simulation,115,0.0,0.0,0.0,0.0,0.0,0.0,0.15551557003909683,0.16299585995815835,0.1610295086699438,0.4007973860935743,0.8043168468475117,1.1557229069385848,1.0741254585435176,0.8591369509553265,0.559038669209607,0.32445139753151514,0.09991449860947033,0.0,0.0,0.0,0.0,0.0,0.0,0.0
Simulation,116,0.0,0.0,0.0,0.0,0.0,0.0,0.1568590647352311,0.5302590377735034,0.8281617314930323,0.5785190581188884,0.8654326568285533,1.109926489655227,0.6084828259018107,0.3804148023932844,0.17955241251615056,0.06579443611907224,0.07518444498892422,0.0,0.0,0.0,0.0,0.0,0.0,0.0
Simulation,117,0.0,0.0,0.0,0.0,0.0,0.0,0.2200750083528924,0.4183344756984565,0.6757370454578527,1.0644357986252402,1.2631995068065027,1.1993221821015654,0.6186467051379952,0.6241369425507922,0.7379587465514224,0.9629620944609226,0.162996842560164,0.0,0.0,0.0,0.0,0.0,0.0,0.0
Simulation,118,0.0,0.0,0.0,0.0,0.0,0.0,0.2480205333010806,0.19971998871863295,0.11490787715486317,0.1598855307198952,0.526806806091379,0.782816961869453,0.37100737763432123,0.32401682562242085,0.4122600805355967,1.003545719808999,0.2483096677931988,0.0,0.0,0.0,0.0,0.0,0.0,0.0
Simulation,119,0.0,0.0,0.0,0.0,0.0,0.0,0.3511554719459201,0.6700537018089481,0.9118108951619043,0.5080118632254272,0.22651708309046414,0.15570159458197042,0.22191480232790495,0.2889090211370309,0.31898591251257513,0.2986935220764335,0.07627749388492308,0.0,0.0,0.0,0.0,0.0,0.0,0.0
Simulation,120,0.0,0.0,0.0,0.0,0.0,0.0,1.0338963289159506,1.1308525810846115,1.4282279273334448,1.4646728757235175,1.950117224701862,1.9856577259346848,0.6912725308679227,0.36547797502475765,0.24819716539990372,0.3383695136508494,0.17731237655300677,0.0,0.0,0.0,0.0,0.0,0.0,0.0
Simulation,121,0.0,0.0,0.0,0.0,0.0,0.0,0.20889857686462754,0.49562660083363985,0.8599789156417036,1.0388402165685582,1.2295102891829433,1.322124011619914,0.9583503718426298,0.7903844230931472,0.5416334777580376,0.30425398638797,0.12565193360486598,0.0,0.0,0.0,0.0,0.0,0.0,0.0
Simulation,122,0.0,0.0,0.0,0.0,0.0,0.0,0.3932130297282478,0.690289363754152,1.0910880305100068,1.2495886474240554,1.388136946338906,1.4463361303141784,0.8054407565083801,0.7063649740732142,0.586782589460644,0.42952032562190046,0.09118812050359229,0.0,0.0,0.0,0.0,0.0,0.0,0.0
Simulation,123,0.0,0.0,0.0,0.0,0.0,0.0,0.19174048948732725,0.4626583026757563,0.7410595404459688,0.7487704661166614,0.8432456242256174,0.8263970732115153,0.3934615608322913,0.30595032494535684,0.21934060635230695,0.17196911033392864,0.0798790549508772,0.0,0.0,0.0,0.0,0.0,0.0,0.0
Simulation,124,0.0,0.0,0.0,0.0,0.0,0.0,0.309117944620146,0.5724791631939585,0.7673097257320793,0.5532967303269354,0.36778465979538766,0.257029679406077,0.18049063294268247,0.20187215496011213,0.19713131166442419,0.2017915024416833,0.07043104487261558,0.0,0.0,0.0,0.0,0.0,0.0,0.0
Simulation,125,0.0,0.0,0.0,0.0,0.0,0.0,0.5569704981446897,0.8649212886346098,1.401291720440145,1.442817082219781,1.5082608932784847,1.4016398718401737,0.7233669330108425,0.6821294015699699,0.6902293025566338,0.8186160374325436,0.19172546020169365,0.0,0.0,0.0,0.0,0.0,0.0,0.0
Simulation,126,0.0,0.0,0.0,0.0,0.0,0.0,0.6525521364841746,0.6677928155250258,0.8346703293104354,0.9971212997359121,1.4465300812095816,1.6577870396069097,0.872470738772503,0.5097553839550485,0.2878506806788184,0.26018336450629864,0.09969161172801894,0.0,0.0,0.0,0.0,0.0,0.0,0.0
Simulation,127,0.0,0.0,0.0,0.0,0.0,0.0,0.39492666324530684,1.7208981385656759,2.052440047888508,1.8666180941036696,1.5967243341841715,1.5561559338040585,1.5747370038040347,1.5088464960168944,0.8715306110568591,0.3246753690045968,0.09105114077977661,0.0,0.0,0.0,0.0,0.0,0.0,0.0
Simulation,128,0.0,0.0,0.0,0.0,0.0,0.0,0.2469699784171452,0.4771547824366361,0.5359491379712684,0.10477061464585102,0.3433054049682106,0.6938212269929507,0.38183256520023,0.2397754765049676,0.19610043976415195,0.5062658574192436,0.25171861115702543,0.0,0.0,0.0,0.0,0.0,0.0,0.0
Simulation,129,0.0,0.0,0.0,0.0,0.0,0.0,0.16306243160933995,0.470300064039561,1.019111262018147,1.4530605515154875,1.271252672087581,1.1187971493725295,0.7495062250096554,0.8466542563146408,0.7255323492510213,0.33874335655105825,0.0737528280918555,0.0,0.0,0.0,0.0,0.0,0.0,0.0
Simulation,130,0.0,0.0,0.0,0.0,0.0,0.0,0.7171998977465527,0.6846474327279862,0.8425122062562529,0.9995323129494208,1.4164862494485602,1.5699725128338347,0.725789542599691,0.5108093984727566,0.4117888757697452,0.3902221241256831,0.14804093997850232,0.0,0.0,0.0,0.0,0.0,0.0,0.0
Simulation,131,0.0,0.0,0.0,0.0,0.0,0.0,0.45580999307743897,1.1104733431413478,1.4970784507291597,1.038333535742134,1.361728447786095,1.5813310803552039,0.6223701144874259,0.3982052464096978,0.3132885060936574,0.4283316584897408,0.23558514092864813,0.0,0.0,0.0,0.0,0.0,0.0,0.0
Simulation,132,0.0,0.0,0.0,0.0,0.0,0.0,0.44839300478298005,1.2065199918096767,1.7593269017760595,1.5046846421554148,1.4261629232346298,1.3729038566136351,0.9412285768905253,1.0113889667033007,0.9548088820523108,0.9303763192566656,0.20590389723108599,0.0,0.0,0.0,0.0,0.0,0.0,0.0
Simulation,133,0.0,0.0,0.0,0.0,0.0,0.0,0.22418868966569222,0.7648860375605597,1.3835130837630265,1.5549662847325814,1.8090008755313427,1.9350158506846278,1.097188900948105,1.0216265083761378,0.901022586580343,0.9732823145379877,0.19628509180508447,0.0,0.0,0.0,0.0,0.0,0.0,0.0
Simulation,134,0.0,0.0,0.0,0.0,0.0,0.0,0.09471692833225256,0.22910923259750154,0.5817524199965793,1.0359911457074524,1.0780295249524128,0.8930095023721862,0.41177573011815416,0.413284988045216,0.4182905372261058,0.32693231095743763,0.09053273522434029,0.0,0.0,0.0,0.0,0.0,0.0,0.0
Simulation,135,0.0,0.0,0.0,0.0,0.0,0.0,0.2867150037842973,0.6935113615454156,1.2112054048519867,1.0564244232832083,1.2050314825938717,1.2569757577967533,0.6222595749307016,0.5055223336139265,0.41469050613586933,0.38515317132127425,0.16035665740298743,0.0,0.0,0.0,0.0,0.0,0.0,0.0
Simulation,136,0.0,0.0,0.0,0.0,0.0,0.0,0.22241771659949142,0.2614497633433223,0.410458492157733,1.097308609170972,1.426310228477812,1.5867661703923162,1.371431517212335,1.5316121948696406,1.476932652951263,1.5129866682845554,0.20552554997883382,0.0,0.0,0.0,0.0,0.0,0.0,0.0
Simulation,137,0.0,0.0,0.0,0.0,0.0,0.0,0.36284057158402694,0.6318788939926868,0.9368085117256209,1.252340321937369,1.166731391158346,0.982958842474876,0.569084859548434,0.5342465797618895,0.4724728533227325,0.28559924367835166,0.06307681353610349,0.0,0.0,0.0,0.0,0.0,0.0,0.0
Simulation,138,0.0,0.0,0.0,0.0,0.0,0.0,0.34914557784713696,0.6711713824410513,0.8564288878718236,0.7294304850503597,0.9311561947446244,1.1628807958409348,1.1474770210017695,1.1777918003305516,0.9813484060588642,0.6284560326719026,0.13313370791068133,0.0,0.0,0.0,0.0,0.0,0.0,0.0
Simulation,139,0.0,0.0,0.0,0.0,0.0,0.0,0.5903366028996144,1.2885632057762093,1.9171898972937331,1.992433514506417,1.999841471727375,2.0014877365410877,1.6202147202574815,1.5658357952312099,1.4167917621029567,0.8880324569651923,0.14646544134562672,0.0,0.0,0.0,0.0,0.0,0.0,0.0
Simulation,140,0.0,0.0,0.0,0.0,0.0,0.0,0.0,0.1265580581239224,0.4250687727413319,0.8376007797656444,1.0926019271162326,1.0810181873781206,0.24160095532196496,0.1305967769773596,0.09350522298028008,0.09741463565402472,0.08215033047633871,0.0,0.0,0.0,0.0,0.0,0.0,0.0
Simulation,141,0.0,0.0,0.0,0.0,0.0,0.0,0.1983668467522881,0.62838608255368,0.9997098847594699,0.6703225410876825,0.6119188094557169,0.5356214481080633,0.3042971923444479,0.2775683362226937,0.24887275746573,0.27955536563415634,0.10315404236445441,0.0,0.0,0.0,0.0,0.0,0.0,0.0
Simulation,142,0.0,0.0,0.0,0.0,0.0,0.0,0.30155471713981036,0.6851841977445701,1.2450098407155727,1.4299625142407772,1.605624674392714,1.6569099206042415,0.9485120738109185,0.7291955930230907,0.5858763937917378,0.6149599186635091,0.19793666382139116,0.0,0.0,0.0,0.0,0.0,0.0,0.0
Simulation,143,0.0,0.0,0.0,0.0,0.0,0.0,0.8390672874853824,1.3754290243342182,1.4218162105224232,0.39307487337053404,0.45937679265831266,0.6456693128739939,0.4529131554276542,0.3326050174809837,0.27641654245411745,0.34174035899048516,0.19621960275437195,0.0,0.0,0.0,0.0,0.0,0.0,0.0
Simulation,144,0.0,0.0,0.0,0.0,0.0,0.0,0.26382719908448726,0.6782933541553753,1.2110433360323576,1.15533522142456,1.2089566490001817,1.1484018139710992,0.5184476160966447,0.41822946066994027,0.3692522050148392,0.32971361344705596,0.09112564830977052,0.0,0.0,0.0,0.0,0.0,0.0,0.0
Simulation,145,0.0,0.0,0.0,0.0,0.0,0.0,0.0,0.5360249405012589,1.2651420160839966,1.167250683038617,1.4693984851733137,1.8931429886848208,1.6658631153214212,1.3398559696167402,0.747325138810375,0.4008710607520189,0.24433989022705782,0.0,0.0,0.0,0.0,0.0,0.0,0.0
Simulation,146,0.0,0.0,0.0,0.0,0.0,0.0,0.25607670179882014,0.7254899029914145,1.3988834508619068,1.5115319595250123,1.5744487858904306,1.4359179614996516,0.5464966969074909,0.36923921460436165,0.3211211286942355,0.3247142569667981,0.10392732995884915,0.0,0.0,0.0,0.0,0.0,0.0,0.0
Simulation,147,0.0,0.0,0.0,0.0,0.0,0.0,0.6290587700766701,0.690503897306374,0.8199533068519904,0.6539479775599171,1.075399569775668,1.2212213507918936,0.6968081102382926,0.5106877014369438,0.38317212697479536,0.3349381961874125,0.14147688362626892,0.0,0.0,0.0,0.0,0.0,0.0,0.0
Simulation,148,0.0,0.0,0.0,0.0,0.0,0.0,0.07635161444517438,0.14666507871943613,0.26626740426632,0.41066239151677697,0.39582867766825525,0.28854638684047673,0.09914613332072675,0.02892961156086049,0.01308772740851849,0.0,0.03308573689200781,0.0,0.0,0.0,0.0,0.0,0.0,0.0
Simulation,149,0.0,0.0,0.0,0.0,0.0,0.0,0.281463352626277,0.6735303295178783,1.2207970056109434,1.5579088153846414,1.4833110535639928,1.3376805920151393,0.7307926905788459,0.7304004582196012,0.7141356039098805,0.5592291352674532,0.09212456096656474,0.0,0.0,0.0,0.0,0.0,0.0,0.0
Simulation,150,0.0,0.0,0.0,0.0,0.0,0.0,0.2458422210415901,0.6720281145518253,1.1564570122088103,1.4539274386112488,1.7983885180595132,1.8972392142303605,1.0194697650757392,0.8814311885676327,0.7782554427643166,0.8220081208593749,0.13367179127368523,0.0,0.0,0.0,0.0,0.0,0.0,0.0
Simulation,151,0.0,0.0,0.0,0.0,0.0,0.0,0.7064734475831553,0.7647202385638328,0.8602834741496304,0.4033312610801685,0.5256383478162526,0.6486880197527392,0.4056322195033064,0.3161376057280304,0.2610623553428505,0.27902859629251126,0.10375340494304366,0.0,0.0,0.0,0.0,0.0,0.0,0.0
Simulation,152,0.0,0.0,0.0,0.0,0.0,0.0,0.2570024376407015,0.2595895457496263,0.3856342271913892,0.7467965455624406,1.1513763120154417,1.231582083753421,0.4599857564468732,0.23128911253504952,0.16472744016040536,0.2286995082192172,0.10580526938853232,0.0,0.0,0.0,0.0,0.0,0.0,0.0
Simulation,153,0.0,0.0,0.0,0.0,0.0,0.0,0.20360434701857444,0.6222474826876451,1.1250417376057995,1.0027112655731303,1.1883332452518491,1.1920154498005038,0.33184942271460366,0.11748726044183055,0.026788507303263875,0.050200202491716306,0.08969358549680659,0.0,0.0,0.0,0.0,0.0,0.0,0.0
Simulation,154,0.0,0.0,0.0,0.0,0.0,0.0,0.3362557763294854,0.686415446329634,1.255510252756236,1.441660815132702,1.4405092305622134,1.1688523539655753,0.16943140596814416,0.08305276527393018,0.10254618612373972,0.17187068053791033,0.0723108046170101,0.0,0.0,0.0,0.0,0.0,0.0,0.0
Simulation,155,0.0,0.0,0.0,0.0,0.0,0.0,0.3266789429333592,0.6010310195843486,1.1277232461147983,1.754914707302962,1.7739869169230293,1.4826881819396054,0.6198328532183535,0.5272221760414066,0.5594317859186403,0.917353778945687,0.16236432451054525,0.0,0.0,0.0,0.0,0.0,0.0,0.0
Simulation,156,0.0,0.0,0.0,0.0,0.0,0.0,0.6175988010412357,1.0878390220935927,1.598465329142678,1.454713482464213,1.1718536227166472,0.9634276714156318,0.698748282161773,0.886044374313365,1.0962959070047447,1.1762280710162547,0.13910358919965032,0.0,0.0,0.0,0.0,0.0,0.0,0.0
Simulation,157,0.0,0.0,0.0,0.0,0.0,0.0,0.35584443706019403,0.5965077678629158,0.8149226986457131,1.2111878463514585,1.291479353371113,1.2832414093086593,0.9015044902611482,1.021693283379316,1.02236219478505,0.7339666337456514,0.09075311169189365,0.0,0.0,0.0,0.0,0.0,0.0,0.0
Simulation,158,0.0,0.0,0.0,0.0,0.0,0.0,0.34397123665753304,0.7384637857338875,1.2016642698207594,1.2111834629952498,1.4982607674620185,1.6612301829866487,1.1694319639589326,1.0216254560280382,0.8866170609615178,1.3190191560877405,0.24598915425664358,0.0,0.0,0.0,0.0,0.0,0.0,0.0
Simulation,159,0.0,0.0,0.0,0.0,0.0,0.0,0.13330732634718687,0.7904483642504302,1.7455204864865572,1.8328592463564104,1.938894530790288,1.9727274053562898,1.7253327452911817,1.6006331745586353,1.2235437763590586,0.618786939736567,0.19621960473573316,0.0,0.0,0.0,0.0,0.0,0.0,0.0
Simulation,160,0.0,0.0,0.0,0.0,0.0,0.0,0.08440557801404747,0.32399967232279575,0.8484316980350493,1.6018179012204175,1.9741450878805646,2.008692707108609,1.0783276355938674,0.7286287243694733,0.4692296202550215,0.2752185102024685,0.09098627404135973,0.0,0.0,0.0,0.0,0.0,0.0,0.0
Simulation,161,0.0,0.0,0.0,0.0,0.0,0.0,0.9890941515364937,1.1395484288201159,1.329075010286843,0.837621947520818,0.6609954048894828,0.7094723561649912,1.05819858740762,1.3850247412260686,1.3408311553598178,0.7848289478418868,0.10622111764699907,0.0,0.0,0.0,0.0,0.0,0.0,0.0
Simulation,162,0.0,0.0,0.0,0.0,0.0,0.0,1.645559156538252,1.802015011789869,1.8630718381583469,0.9417874563325229,0.859808191503778,0.7678992533359721,0.49936765236351527,0.5110309210410392,0.5874912205144325,0.9455139165782395,0.1631727218362064,0.0,0.0,0.0,0.0,0.0,0.0,0.0
Simulation,163,0.0,0.0,0.0,0.0,0.0,0.0,0.5456889108313902,0.5153220525477106,0.5355010797083823,0.6000295637669227,0.7014185349909445,0.46321529857357835,0.11478735993134731,0.07924945578429049,0.16613604833308435,0.35206098043144873,0.10142615454171722,0.0,0.0,0.0,0.0,0.0,0.0,0.0
Simulation,164,0.0,0.0,0.0,0.0,0.0,0.0,1.081862084364554,1.4391823530123553,1.6351063603549583,1.0433914447641872,0.9605718169851751,0.8753565549080362,0.49021781028058237,0.4341160164723517,0.43288047818164543,0.7435457114727161,0.2317561193891014,0.0,0.0,0.0,0.0,0.0,0.0,0.0
Simulation,165,0.0,0.0,0.0,0.0,0.0,0.0,0.24325696080907377,0.7634233718647256,1.332108955265602,1.0874813193912618,1.080295210612997,1.1110133216839868,0.7265536232720355,0.7229587537185176,0.5692427388693226,0.3299958070623168,0.10177351886664394,0.0,0.0,0.0,0.0,0.0,0.0,0.0
Simulation,166,0.0,0.0,0.0,0.0,0.0,0.0,0.3976965466363358,0.8016942778487566,1.2730040122252997,0.9276445708279005,0.8402356132821271,0.7166267216095763,0.37775851804191607,0.33265334314210526,0.32560372573358864,0.32754375837759336,0.16030179090090352,0.0,0.0,0.0,0.0,0.0,0.0,0.0
Simulation,167,0.0,0.0,0.0,0.0,0.0,0.0,0.20125344196424527,0.43653873093774764,0.8460922455700969,1.001973304257975,1.2761958506716762,1.2948069851715194,0.42132226015932067,0.18819374111039538,0.10699269528823313,0.1216280945155521,0.0913039833454203,0.0,0.0,0.0,0.0,0.0,0.0,0.0
Simulation,168,0.0,0.0,0.0,0.0,0.0,0.0,0.3378312459354933,0.6699264652940327,0.9652170390918037,0.9919045259360597,1.1089836934448511,1.1382634181924005,0.7729260403474818,0.848990968597463,0.8833055791274267,0.9469346151933055,0.16560310953965246,0.0,0.0,0.0,0.0,0.0,0.0,0.0
Simulation,169,0.0,0.0,0.0,0.0,0.0,0.0,0.15608180166994517,0.41163696452237036,0.622027063038795,0.1820426887942378,0.19446900492895214,0.3166161929222949,0.27556245591969203,0.21378491562683555,0.17196666139956635,0.2284595597992155,0.19320273809620525,0.0,0.0,0.0,0.0,0.0,0.0,0.0
Simulation,170,0.0,0.0,0.0,0.0,0.0,0.0,0.34429240032221037,0.6698872748327286,1.0180143554647785,1.431561022982684,1.669387476947476,1.6484738702588393,0.6968537507214191,0.5614192835574846,0.5012542663622681,0.4033397328392355,0.08259912084392565,0.0,0.0,0.0,0.0,0.0,0.0,0.0
Simulation,171,0.0,0.0,0.0,0.0,0.0,0.0,0.3371762651916959,0.3976562152254429,0.35420378673096375,0.325262513740042,0.5688548564157447,0.6354357121196004,0.2555086378424523,0.20332094531779343,0.21996187821880953,0.3367936090361629,0.09145294066666661,0.0,0.0,0.0,0.0,0.0,0.0,0.0
Simulation,172,0.0,0.0,0.0,0.0,0.0,0.0,0.4676195499681644,1.249314951426212,1.8847901252241748,1.5844376975295922,1.347260327583436,1.1920401011540875,0.6709652032153448,0.6521640652055778,0.5659363176101866,0.3490303157352931,0.08064641840625966,0.0,0.0,0.0,0.0,0.0,0.0,0.0
Simulation,173,0.0,0.0,0.0,0.0,0.0,0.0,0.33252294697446394,1.0894526385800853,1.887088667492295,1.8156617586720338,1.6630443016772283,1.4564365176398817,0.6816889261323953,0.5978901085078743,0.4823092450659401,0.3263127846831278,0.09035723872987624,0.0,0.0,0.0,0.0,0.0,0.0,0.0
Simulation,174,0.0,0.0,0.0,0.0,0.0,0.0,0.3467117586778932,0.8249501759991213,1.2557279813273223,0.9191614278879068,1.308046483000984,1.6632240191614214,1.2033380024080613,0.8109398937180952,0.4301737440878167,0.22806282530423477,0.09141469310648287,0.0,0.0,0.0,0.0,0.0,0.0,0.0
Simulation,175,0.0,0.0,0.0,0.0,0.0,0.0,0.5912220007366952,0.6209236423542295,0.6558204761189155,0.6631395791619632,0.9612602474716798,1.0514082067085355,0.40128814665000323,0.28261590654956037,0.28241835708446683,0.3469798606862723,0.12476390646210633,0.0,0.0,0.0,0.0,0.0,0.0,0.0
Simulation,176,0.0,0.0,0.0,0.0,0.0,0.0,0.28362777620517965,0.4192241455069689,0.855686495822527,1.829580528055856,1.990435418535974,1.958589085312293,0.6085086176132676,0.4033130121850202,0.3844228836032681,0.3787342951222685,0.08858211591325271,0.0,0.0,0.0,0.0,0.0,0.0,0.0
Simulation,177,0.0,0.0,0.0,0.0,0.0,0.0,0.2010642868148127,0.16825808601819592,0.16109029064164826,0.41284636280789244,0.6996254191165296,0.7748309232036221,0.41215864757253773,0.32260914102212007,0.24664540669812435,0.1901506161046458,0.07398070784535919,0.0,0.0,0.0,0.0,0.0,0.0,0.0
Simulation,178,0.0,0.0,0.0,0.0,0.0,0.0,0.05448516551325877,0.25765586880289537,0.4619158715612245,0.28974005464780517,0.31513479046305437,0.46070588898470877,0.33067262891272503,0.2969052473561502,0.2238183478668099,0.19093317442655514,0.09185150235005372,0.0,0.0,0.0,0.0,0.0,0.0,0.0
Simulation,179,0.0,0.0,0.0,0.0,0.0,0.0,0.1523321651131226,0.3966891626960582,0.717296521721339,0.8356740303121075,0.908608313400088,0.8818916098924765,0.33993351496433527,0.2693266083076908,0.2335564609408793,0.2786898151905317,0.10045606750454973,0.0,0.0,0.0,0.0,0.0,0.0,0.0
Simulation,180,0.0,0.0,0.0,0.0,0.0,0.0,0.42816029012047613,0.6893030480332424,0.9417882528921555,0.8241806885556878,0.8675062412384864,0.7541780936956843,0.2528712698690476,0.2544170583832703,0.343524071550016,0.5821546937044141,0.18076683531518312,0.0,0.0,0.0,0.0,0.0,0.0,0.0
Simulation,181,0.0,0.0,0.0,0.0,0.0,0.0,0.3329054636476117,0.8245934517983254,1.4454667300718147,1.2229433806114531,1.1955451642762198,1.1390775815328167,0.6199042492301888,0.614382914911425,0.7133768347707791,1.4865145340053312,0.2522535515985393,0.0,0.0,0.0,0.0,0.0,0.0,0.0
Simulation,182,0.0,0.0,0.0,0.0,0.0,0.0,0.14169526616015496,0.4738863805055049,0.7082449199019366,0.3253351418999819,0.33397262387731674,0.5369035983370296,0.5925263784417992,0.48574928932726036,0.2674951619586945,0.0733026529538468,0.07508862259747452,0.0,0.0,0.0,0.0,0.0,0.0,0.0
Simulation,183,0.0,0.0,0.0,0.0,0.0,0.0,0.38370850648877636,0.8027578723306319,1.1503420468898213,0.6895289470922759,0.5803616766071411,0.6467308554417303,0.770120413479429,1.0001416347225742,0.8802035049306054,0.36467949950611606,0.09214142574496295,0.0,0.0,0.0,0.0,0.0,0.0,0.0
Simulation,184,0.0,0.0,0.0,0.0,0.0,0.0,0.3388059711427787,0.8124785694990836,1.2495594265009957,0.6490792292288442,0.44396880741456923,0.3350376347361206,0.2582773884520589,0.32410636315929064,0.3645147284412875,0.36075769085549453,0.09204799502890251,0.0,0.0,0.0,0.0,0.0,0.0,0.0
Simulation,185,0.0,0.0,0.0,0.0,0.0,0.0,0.3123785313833217,0.865167979527557,1.6687759734217495,1.8099624816011524,1.9345476379397293,1.8281721968675066,0.7323791402123968,0.5342930853628626,0.40581355611265063,0.3145770898359867,0.10166298175303454,0.0,0.0,0.0,0.0,0.0,0.0,0.0
Simulation,186,0.0,0.0,0.0,0.0,0.0,0.0,1.3451073769221633,1.7033117728243354,1.9297145003389184,1.623040473099876,1.7868139579115758,1.7742942152183958,0.9468572562625419,0.6250315186009727,0.42222039803488487,0.3247839068827798,0.09098627375597453,0.0,0.0,0.0,0.0,0.0,0.0,0.0
Simulation,187,0.0,0.0,0.0,0.0,0.0,0.0,0.46244679478163236,0.8245662111910916,1.2696637682819232,1.2958261915686038,1.5547397751142666,1.6083625871951661,0.7739451147434262,0.6801354944273387,0.6469135441048464,0.7812153060129559,0.16426412704473833,0.0,0.0,0.0,0.0,0.0,0.0,0.0
Simulation,188,0.0,0.0,0.0,0.0,0.0,0.0,0.2873041459747031,0.6157860887484624,0.9239497118022547,0.8786192355913415,1.108320394259509,1.217370650525838,0.8534607826402667,0.701146146176473,0.49480245929742683,0.3657014061483421,0.16560564548058715,0.0,0.0,0.0,0.0,0.0,0.0,0.0
Simulation,189,0.0,0.0,0.0,0.0,0.0,0.0,0.3198421010445346,0.7270739405769506,1.1298043909828714,0.7437638617506166,0.9334464667039123,1.1426211651553293,0.6612847470783284,0.4662209121962851,0.2209997506328854,0.09260224438757397,0.08217256558306582,0.0,0.0,0.0,0.0,0.0,0.0,0.0
Simulation,190,0.0,0.0,0.0,0.0,0.0,0.0,0.19040592483337637,0.4036875214208003,0.5195684856459021,0.39796051147938516,0.7252926197657014,1.080816536040077,0.7465003314076719,0.6456561193869517,0.42902613428436254,0.2514497447310047,0.09870402888652183,0.0,0.0,0.0,0.0,0.0,0.0,0.0
Simulation,191,0.0,0.0,0.0,0.0,0.0,0.0,0.39768271122254667,0.7056365009255334,1.0736791077018208,1.253053765548758,1.6658987681463873,1.9237323148205743,1.2005581660104947,1.017732783027725,0.9016865421465832,1.4906636571222098,0.2517550714258424,0.0,0.0,0.0,0.0,0.0,0.0,0.0
Simulation,192,0.0,0.0,0.0,0.0,0.0,0.0,0.13056708761532104,0.45216667280483613,0.8153746447675472,0.8822997149451915,1.144913017735862,1.2172982304681685,0.6056147060166629,0.4845541866247917,0.4118988783694889,0.3532983653166337,0.19583497085478976,0.0,0.0,0.0,0.0,0.0,0.0,0.0
Simulation,193,0.0,0.0,0.0,0.0,0.0,0.0,0.6165560271634614,0.6913327566280173,0.880533677703303,0.8709948813916651,1.2902288624150995,1.3370622195289417,0.40551531235710575,0.18346574209274424,0.13949587318024534,0.21421838579892719,0.09117946784724194,0.0,0.0,0.0,0.0,0.0,0.0,0.0
Simulation,194,0.0,0.0,0.0,0.0,0.0,0.0,0.7207406714907792,1.0024507593176486,1.4901609870565313,1.3891247883347726,1.3908613195540878,1.2222692724558593,0.37774803320348305,0.26181728981784164,0.26998822132802375,0.34657346632584846,0.09098627384179195,0.0,0.0,0.0,0.0,0.0,0.0,0.0
Simulation,195,0.0,0.0,0.0,0.0,0.0,0.0,0.360836941568609,0.8034535788971725,1.346728342464468,1.3679200223950898,1.6560184429069185,1.9241223520236772,1.6124164841011157,1.2477442789001256,0.9590469732566032,1.0558962449119993,0.25199671954692127,0.0,0.0,0.0,0.0,0.0,0.0,0.0
Simulation,196,0.0,0.0,0.0,0.0,0.0,0.0,0.3361667517859723,0.7667170504344867,1.3071714876525529,1.4329985742438727,1.4870372499044842,1.5932800219999752,1.389323929462969,1.3028458012226938,0.8871017864999033,0.33237360609589917,0.0769735382604932,0.0,0.0,0.0,0.0,0.0,0.0,0.0
Simulation,197,0.0,0.0,0.0,0.0,0.0,0.0,0.3456353661924606,0.7570073842446784,1.0082369337428088,0.39201067548011037,0.3546600923617538,0.4594781067188153,0.38369841457209497,0.377467625506965,0.39805068818869177,0.4742156801832717,0.21430304374916403,0.0,0.0,0.0,0.0,0.0,0.0,0.0
Simulation,198,0.0,0.0,0.0,0.0,0.0,0.0,0.2968728758886899,0.6392675944512569,0.9848485020531038,1.087594899271646,1.3597274489580586,1.3820223977312973,0.5646125945396072,0.373826126722959,0.3307755306172122,0.34350666518543893,0.1288047129908735,0.0,0.0,0.0,0.0,0.0,0.0,0.0
Simulation,199,0.0,0.0,0.0,0.0,0.0,0.0,0.3406258693217946,0.5355208588336388,0.6393885567355795,0.5156193411939467,0.762528512060684,0.9193687554514078,0.6174720929717131,0.4925601036561374,0.3572889087857492,0.27275277129850667,0.09244169604060447,0.0,0.0,0.0,0.0,0.0,0.0,0.0
Simulation,200,0.0,0.0,0.0,0.0,0.0,0.0,0.5370636123036304,0.9932149913703852,1.381289285448928,1.063880864318284,1.3397167209843384,1.6058529246428035,1.1833829300378351,0.9287773214538284,0.6149745972884337,0.4144327694959097,0.14215913416682693,0.0,0.0,0.0,0.0,0.0,0.0,0.0
Simulation,201,0.0,0.0,0.0,0.0,0.0,0.0,0.18048166561482099,0.6699175520213864,1.25661677333988,1.2249055938239037,1.2918797513323104,1.1915316284287818,0.3521057667177233,0.22001336731005644,0.18139899518201633,0.2507531224390105,0.09145358811340559,0.0,0.0,0.0,0.0,0.0,0.0,0.0
Simulation,202,0.0,0.0,0.0,0.0,0.0,0.0,0.35901043918914954,0.9399662429461534,1.3595047237578786,0.7030626482308038,0.7980691342940971,0.8753976765476544,0.3708802151786992,0.3232486293557072,0.351510739689562,0.6439062600849266,0.24865072273373928,0.0,0.0,0.0,0.0,0.0,0.0,0.0
Simulation,203,0.0,0.0,0.0,0.0,0.0,0.0,0.34990434633160744,0.760523616963066,1.358800018838752,1.8330937439506683,1.988601493752646,1.978707417715953,0.7560549172284543,0.5590043744388823,0.46018720166227545,0.4286931187619071,0.09145294066666661,0.0,0.0,0.0,0.0,0.0,0.0,0.0
Simulation,204,0.0,0.0,0.0,0.0,0.0,0.0,0.2557765045544305,0.45046619677994826,0.666340979858189,0.7958337626743667,1.0688502922271148,1.1475937541463976,0.6443617854863026,0.5214426518026501,0.391439318115135,0.2447838920449093,0.08745204598319459,0.0,0.0,0.0,0.0,0.0,0.0,0.0
Simulation,205,0.0,0.0,0.0,0.0,0.0,0.0,0.787316353077416,1.022280082245265,1.3781954008321462,1.3216587644646958,1.5946713971944555,1.61293172469958,0.6419690228203975,0.46887592002490935,0.41141969138964574,0.4679489058891704,0.19621960451518417,0.0,0.0,0.0,0.0,0.0,0.0,0.0
Simulation,206,0.0,0.0,0.0,0.0,0.0,0.0,0.6733449904524602,0.39767274962885585,0.2702850341803186,0.8581486536815321,1.4619784974105325,1.6559247484297734,0.7625271966710053,0.5260275304625069,0.4114562982719735,0.31876823473374555,0.0758196073333333,0.0,0.0,0.0,0.0,0.0,0.0,0.0
Simulation,207,0.0,0.0,0.0,0.0,0.0,0.0,0.38766485779324444,1.2078879437141365,1.6365304794340347,1.1618895905908346,1.2420873374515695,1.326835409882997,0.9561491367460824,0.9225023985546585,0.7342515962182743,0.603248972361548,0.19113500155702784,0.0,0.0,0.0,0.0,0.0,0.0,0.0
Simulation,208,0.0,0.0,0.0,0.0,0.0,0.0,0.2401669856506769,0.530973351963827,1.1238866166047166,1.9568983570966552,1.9685328512827018,1.7783647327444867,1.1786960876037567,1.5141233689010538,1.6560370200009786,1.8398471000065308,0.1862802660193414,0.0,0.0,0.0,0.0,0.0,0.0,0.0
Simulation,209,0.0,0.0,0.0,0.0,0.0,0.0,0.11297600111753209,0.17790903941313285,0.2816383684345033,0.5148725543349038,0.7557711101876978,0.7462054098708921,0.25337427725655703,0.20247945095109848,0.1776690883658436,0.15201118935184943,0.07224313846750552,0.0,0.0,0.0,0.0,0.0,0.0,0.0
Simulation,210,0.0,0.0,0.0,0.0,0.0,0.0,0.04396527961282015,0.09397301115239809,0.12167090536080338,0.40081366503118754,0.5194351130846986,0.6980153696800568,0.7206453494070075,0.7832720253132375,0.6695857538119461,0.35042512562761424,0.09905301125601217,0.0,0.0,0.0,0.0,0.0,0.0,0.0
Simulation,211,0.0,0.0,0.0,0.0,0.0,0.0,0.6349856526857436,0.7731871291321177,1.040429874056436,0.8159697474401743,0.9757546098556451,0.91991600305322,0.32205698042212183,0.2142076529312849,0.19045820399518418,0.23410184806024498,0.08044074305899979,0.0,0.0,0.0,0.0,0.0,0.0,0.0
Simulation,212,0.0,0.0,0.0,0.0,0.0,0.0,0.7176965210127177,0.8065992820539558,1.2214755571526579,1.2249275581708996,1.2623905078689235,1.1293131321036811,0.5411434535398542,0.4157492327535706,0.35005056262990414,0.2517316962157313,0.07563286530423749,0.0,0.0,0.0,0.0,0.0,0.0,0.0
Simulation,213,0.0,0.0,0.0,0.0,0.0,0.0,0.36205179526673625,1.4534905636318003,1.9889223971583223,1.9688671085918839,1.8116885830700906,1.545325316753313,1.0757906650696099,1.0935010588501155,0.7735659156054846,0.2948663378284024,0.07032259601978538,0.0,0.0,0.0,0.0,0.0,0.0,0.0
Simulation,214,0.0,0.0,0.0,0.0,0.0,0.0,0.2574128957208295,0.4856836418121922,0.8049788110725696,1.2150599013314844,1.6676947803762139,1.9697287973900264,1.6299414272381503,1.1271248892860544,0.6149182727896775,0.28044716267261105,0.10116512261313197,0.0,0.0,0.0,0.0,0.0,0.0,0.0
Simulation,215,0.0,0.0,0.0,0.0,0.0,0.0,0.15854959484619624,0.678223025207824,1.2284374957415658,0.8669057067389943,1.1487358391346059,1.3676186419303873,0.8142008957047725,0.524497894042221,0.18264926387179906,0.003483821404543952,0.059206420813210744,0.0,0.0,0.0,0.0,0.0,0.0,0.0
Simulation,216,0.0,0.0,0.0,0.0,0.0,0.0,0.35584310790778184,0.7282982638704085,1.128694213398309,1.024263702280853,1.1089521172996124,1.1274972604781688,0.7202221482691856,0.7181300009575113,0.6822682341370909,0.6385483596885623,0.14142457990015717,0.0,0.0,0.0,0.0,0.0,0.0,0.0
Simulation,217,0.0,0.0,0.0,0.0,0.0,0.0,0.30129109578304536,0.660698334442518,0.8399241003098248,0.2469834004587339,0.5124658823423646,0.7697775304926404,0.20155137678677137,0.04818915022133041,0.0,0.05796556265289479,0.12849526420900417,0.0,0.0,0.0,0.0,0.0,0.0,0.0
Simulation,218,0.0,0.0,0.0,0.0,0.0,0.0,0.22193498187208274,0.5863304491414087,1.0084816898622317,1.2363259150782286,1.467034129645667,1.70267635743483,1.6235064905992074,1.2021740848077158,0.5357893804349871,0.07961334482434504,0.05684832544978459,0.0,0.0,0.0,0.0,0.0,0.0,0.0
Simulation,219,0.0,0.0,0.0,0.0,0.0,0.0,0.36055538532783504,0.6859792178346835,1.0746774410909212,1.2139796490868167,1.8072222051224518,1.9714138752980794,0.8253951706840945,0.5086512772179638,0.34911240305481656,0.3861869372456115,0.1561944600522409,0.0,0.0,0.0,0.0,0.0,0.0,0.0
Simulation,220,0.0,0.0,0.0,0.0,0.0,0.0,0.3159084613392839,0.7617295345326573,1.4148007876448567,1.7978599864533216,1.9882947289301551,2.0016068153948137,0.6969373181933949,0.4225936831169112,0.32266792032365427,0.33995020754024685,0.14483432403409802,0.0,0.0,0.0,0.0,0.0,0.0,0.0
Simulation,221,0.0,0.0,0.0,0.0,0.0,0.0,0.45255400910989213,1.5184928272439921,1.9669324349022734,1.6262564444273417,1.0915752118171727,0.678039690786443,0.5162386081916475,0.5827685367583153,0.6489568029004689,0.6969425623071537,0.1632227946494871,0.0,0.0,0.0,0.0,0.0,0.0,0.0
Simulation,222,0.0,0.0,0.0,0.0,0.0,0.0,0.34165311261208675,0.3690149182672091,0.274034841760715,0.3586392990437084,0.9269312361825464,1.2287282410072935,0.6110009773578177,0.3570780941019144,0.18498988388628224,0.12038773071462736,0.07132346203193128,0.0,0.0,0.0,0.0,0.0,0.0,0.0
Simulation,223,0.0,0.0,0.0,0.0,0.0,0.0,0.3692946275182576,0.9031207993406067,1.5586001316167128,1.7585786058251205,1.8987680110123133,1.857931284285562,1.225016075593174,1.1730280770299295,1.0336618864296976,0.784927069172039,0.14310650967328803,0.0,0.0,0.0,0.0,0.0,0.0,0.0
Simulation,224,0.0,0.0,0.0,0.0,0.0,0.0,0.6626213742456657,0.673189934191634,0.8851101358217233,1.261652921738893,1.2907123441598944,1.146084909242993,0.59435401173088,0.5430315195229974,0.5611547251489701,0.4730250360005173,0.08553872694665542,0.0,0.0,0.0,0.0,0.0,0.0,0.0
Simulation,225,0.0,0.0,0.0,0.0,0.0,0.0,0.34400606940242634,0.8522689764923578,1.3720932674546575,1.1563531402069058,1.3924480294204846,1.6157307725053165,0.9955582913563473,0.7663593824515085,0.5408656359824084,0.3850216545610663,0.16023162575782485,0.0,0.0,0.0,0.0,0.0,0.0,0.0
Simulation,226,0.0,0.0,0.0,0.0,0.0,0.0,0.01200731262253002,0.08534346361388168,0.16065746780178125,0.7633437444452769,0.7975104229282628,0.8412373108331511,0.6986574569432994,0.8109086440325366,0.7307720849300112,0.33293717561220953,0.07511159146688451,0.0,0.0,0.0,0.0,0.0,0.0,0.0
Simulation,227,0.0,0.0,0.0,0.0,0.0,0.0,0.4207212324220976,0.7555905413329976,0.948265140844591,0.659152623500596,1.0615836047548601,1.3131604224152111,1.0239767660987535,0.8630692634031742,0.6738310891983871,0.5894050331707157,0.2487543319342183,0.0,0.0,0.0,0.0,0.0,0.0,0.0
Simulation,228,0.0,0.0,0.0,0.0,0.0,0.0,0.0,0.08351385733457928,0.14599440581611378,0.09951296450253011,0.24034580014801443,0.6363639150521636,0.4544819097509385,0.22431829529207947,0.03309397410503384,0.0,0.07724848999689463,0.0,0.0,0.0,0.0,0.0,0.0,0.0
Simulation,229,0.0,0.0,0.0,0.0,0.0,0.0,0.27289467673435586,0.7255482369665414,1.1732087431248912,0.8210485118546775,1.1470626275740048,1.3524020065943487,0.7179898317919691,0.4808142022418035,0.23638354602378753,0.13883945075242995,0.09018808185837678,0.0,0.0,0.0,0.0,0.0,0.0,0.0
Simulation,230,0.0,0.0,0.0,0.0,0.0,0.0,0.754508018013235,1.4374774815663975,1.739785246287257,1.328978531038931,1.3441631670472491,1.4516346460301555,1.1740219872688717,1.1266250348097064,0.88587305675129,0.609829280429628,0.13839435976767914,0.0,0.0,0.0,0.0,0.0,0.0,0.0
Simulation,231,0.0,0.0,0.0,0.0,0.0,0.0,0.3263198565244188,0.4275097488411206,0.4127119169366288,0.19989910678152223,0.1843319997750098,0.24917803242628822,0.27429017093900027,0.2589778076557625,0.21775743200347503,0.1933197881034147,0.08031304973856761,0.0,0.0,0.0,0.0,0.0,0.0,0.0
Simulation,232,0.0,0.0,0.0,0.0,0.0,0.0,0.30595753857385105,0.8090855431790469,1.5437249640984514,1.620616420758454,1.6443705311336423,1.6114271525528527,0.906112308579075,0.8165153945851048,0.7579014115024465,0.9755318788570126,0.19621960392996307,0.0,0.0,0.0,0.0,0.0,0.0,0.0
Simulation,233,0.0,0.0,0.0,0.0,0.0,0.0,0.22374511982364526,0.6148341841096082,0.9178745302525219,0.8245077064736673,0.7978105411667168,0.778648938817837,0.4619975807678395,0.4629673346243884,0.42294314142403827,0.334679027672332,0.0897574618002665,0.0,0.0,0.0,0.0,0.0,0.0,0.0
Simulation,234,0.0,0.0,0.0,0.0,0.0,0.0,0.6612184232855538,1.2483470060687405,1.5883547692488365,0.8584280133996488,0.7367054444322484,0.5473720343245176,0.2525441591730095,0.24553316002889952,0.24913567948810106,0.32912217302937213,0.10599777933632215,0.0,0.0,0.0,0.0,0.0,0.0,0.0
Simulation,235,0.0,0.0,0.0,0.0,0.0,0.0,0.9555048592493129,0.6735994504512476,0.6395004584637586,0.5186570394382551,0.8035545305074623,0.9106905070592091,0.3854502107905861,0.2019496187887645,0.11836986447438941,0.08789814211593378,0.0701729902830936,0.0,0.0,0.0,0.0,0.0,0.0,0.0
Simulation,236,0.0,0.0,0.0,0.0,0.0,0.0,0.25774274997710217,0.42654150813582503,0.8268530268961771,1.1290465852837608,1.2729147538988432,1.0981524203165944,0.13062210026967347,0.028978523935391687,0.021959164592796787,0.09491559537179994,0.07675340837461764,0.0,0.0,0.0,0.0,0.0,0.0,0.0
Simulation,237,0.0,0.0,0.0,0.0,0.0,0.0,0.14738322375446958,0.5805627390023883,1.1499461755596376,1.4235215354465696,1.2891612355047655,1.1274490709909561,0.532124917862396,0.5128534906567378,0.532877367169175,0.4964595848835086,0.12321298227398413,0.0,0.0,0.0,0.0,0.0,0.0,0.0
Simulation,238,0.0,0.0,0.0,0.0,0.0,0.0,0.17519507071193866,0.47567063878990534,1.0902685703833723,1.806152790971566,1.9198205062953964,1.7326476222888467,0.9050251319814197,0.7911170239960439,0.6776864233228386,0.43946708970984294,0.08944472250208728,0.0,0.0,0.0,0.0,0.0,0.0,0.0
Simulation,239,0.0,0.0,0.0,0.0,0.0,0.0,0.5072508022921792,0.6794151526577652,0.6532951978861838,0.08810752079604667,0.09653709386991327,0.15831804503264424,0.2507749103612528,0.2521482680465618,0.2489599200549635,0.324660895433651,0.14491999354940563,0.0,0.0,0.0,0.0,0.0,0.0,0.0
Simulation,240,0.0,0.0,0.0,0.0,0.0,0.0,0.0,0.1270340815660077,0.6366874128605229,1.3759495847921435,1.3449403447294201,1.1629379669850257,0.3704227594543906,0.2881619019237143,0.20801381692824447,0.12134454710902876,0.06956991279419995,0.0,0.0,0.0,0.0,0.0,0.0,0.0
Simulation,241,0.0,0.0,0.0,0.0,0.0,0.0,0.3276108021910855,0.5563818939373724,0.6682367821875793,0.5831560823441295,0.7629106682539936,0.8094971690020396,0.3470920498372552,0.277191813137427,0.25721284087779883,0.28136129443329616,0.08876410956430979,0.0,0.0,0.0,0.0,0.0,0.0,0.0
Simulation,242,0.0,0.0,0.0,0.0,0.0,0.0,0.29447763053203985,0.7863041715393617,1.4312221936454925,1.4158115577788992,1.5918693814214238,1.6154452999373123,0.6824980340900776,0.4365310801386294,0.2395829169475542,0.1447549657369573,0.09060468308563296,0.0,0.0,0.0,0.0,0.0,0.0,0.0
Simulation,243,0.0,0.0,0.0,0.0,0.0,0.0,0.41668573678688225,0.6738795938526903,1.2694363134877282,1.9509057895927588,1.9165558212944833,1.334459354994152,0.42135495628941544,0.4186880456696189,0.5244317111524041,0.6702047851416122,0.08730862601200508,0.0,0.0,0.0,0.0,0.0,0.0,0.0
Simulation,244,0.0,0.0,0.0,0.0,0.0,0.0,0.344719264620355,0.5724885283114369,0.9582419634442898,1.5090808540416984,1.5868204353774968,1.293244769728894,0.26977290669361254,0.16941293898928078,0.1910616663622139,0.30245674877151235,0.07959503066237822,0.0,0.0,0.0,0.0,0.0,0.0,0.0
Simulation,245,0.0,0.0,0.0,0.0,0.0,0.0,0.18001946401047572,0.9046641834177668,1.907055992914115,1.6824976982572803,1.6096586827908554,1.5944849713322777,0.8036229806799888,0.6165352919105119,0.42035152508247375,0.32559344511869165,0.19621960465789512,0.0,0.0,0.0,0.0,0.0,0.0,0.0
Simulation,246,0.0,0.0,0.0,0.0,0.0,0.0,0.07286488525034879,0.21825873663303935,0.4461598912566753,0.6128354736468097,0.9622096614221478,1.0784704190132361,0.3020281453840286,0.20273314934573738,0.2111101073730157,0.38720996762538346,0.19751587821327599,0.0,0.0,0.0,0.0,0.0,0.0,0.0
Simulation,247,0.0,0.0,0.0,0.0,0.0,0.0,0.0758958468324615,0.16472800908337226,0.3239816134992297,0.5031946821699613,0.6389509643972674,0.5936122532605687,0.19330355120870568,0.1217339589892652,0.08694416729877968,0.09745699099878657,0.0758196073333333,0.0,0.0,0.0,0.0,0.0,0.0,0.0
Simulation,248,0.0,0.0,0.0,0.0,0.0,0.0,0.7514518931321068,1.7307447281206825,2.045996127404795,1.9955287630150422,1.9918714558744308,1.9944479320483548,1.577352997195851,1.2913509520400344,1.1257689562745816,1.267979166200531,0.24951802360564312,0.0,0.0,0.0,0.0,0.0,0.0,0.0
Simulation,249,0.0,0.0,0.0,0.0,0.0,0.0,0.328553914781962,0.6850648100503809,1.1277232363799319,0.8384472848509334,0.5167805466315124,0.2805085604494161,0.18134835711513603,0.2483054945634624,0.32916335463727014,0.3504203958826409,0.09726869148582303,0.0,0.0,0.0,0.0,0.0,0.0,0.0
Simulation,250,0.0,0.0,0.0,0.0,0.0,0.0,0.5664388615471379,0.6365468574648069,0.8500215882534944,1.071833682036502,1.1273325950181938,0.9193757258653782,0.3186262526491289,0.24389588607314877,0.22139540359657814,0.21539348156913113,0.06354918515909458,0.0,0.0,0.0,0.0,0.0,0.0,0.0
Simulation,251,0.0,0.0,0.0,0.0,0.0,0.0,0.7493060741595836,1.668620982294213,1.9304069669564143,1.5749740343797018,1.4522018235844711,1.3440473238007478,0.8761662520520039,0.9818754917469157,0.9424616553869725,0.8848571190278296,0.10631368066838838,0.0,0.0,0.0,0.0,0.0,0.0,0.0
Simulation,252,0.0,0.0,0.0,0.0,0.0,0.0,0.00868398596464387,0.15619304973418147,0.34649558627886445,0.5412942331975243,0.7529828561761562,0.9194882679729562,0.6453443358819144,0.5647128153389773,0.4151776950318583,0.20146144471066596,0.0821595279415204,0.0,0.0,0.0,0.0,0.0,0.0,0.0
Simulation,253,0.0,0.0,0.0,0.0,0.0,0.0,0.09923291933965661,0.6512199263115589,1.4939347098558464,1.8098759236138942,1.8997460660145569,1.80297978482283,0.9435055083568388,0.7274613195549614,0.502759882651422,0.3348835474948426,0.1300664710407272,0.0,0.0,0.0,0.0,0.0,0.0,0.0
Simulation,254,0.0,0.0,0.0,0.0,0.0,0.0,0.8023719379030219,1.7386760881054766,2.0303717102675054,1.904382491683062,1.6135300321852961,1.1965863433687807,0.34162475737909614,0.304345801801769,0.31511776094295396,0.2727135960782309,0.06800887496741057,0.0,0.0,0.0,0.0,0.0,0.0,0.0
Simulation,255,0.0,0.0,0.0,0.0,0.0,0.0,0.17727251462888324,0.4340128969938237,0.8263278760486622,1.1130056884004953,1.2508554338193505,1.2741558979430005,0.8068232493010199,0.7347342363842871,0.5329644625261081,0.26993372494312123,0.07608914116540805,0.0,0.0,0.0,0.0,0.0,0.0,0.0
Simulation,256,0.0,0.0,0.0,0.0,0.0,0.0,0.8722892013734314,1.5118046535900778,1.8189119568652201,1.1264073625936848,0.7626290222900579,0.5443056925665455,0.645364148324424,0.8543995458544039,0.9337971882188012,0.7236368186513511,0.09109766552147716,0.0,0.0,0.0,0.0,0.0,0.0,0.0
Simulation,257,0.0,0.0,0.0,0.0,0.0,0.0,0.6419019595032327,0.6925380937969879,0.8808714993099974,0.8253507736524259,0.8805321670078226,0.7431885705145216,0.1891864853829957,0.16947913721331537,0.21761224205429938,0.3307029510890287,0.08994393655827457,0.0,0.0,0.0,0.0,0.0,0.0,0.0
Simulation,258,0.0,0.0,0.0,0.0,0.0,0.0,0.2635884407040704,0.9758908853077198,1.5454016489248148,0.6154094694484092,0.33180641884095974,0.3228675396141103,0.2815591295041472,0.2603704638463863,0.17171332244232246,0.08054272983002259,0.07686621280521631,0.0,0.0,0.0,0.0,0.0,0.0,0.0
Simulation,259,0.0,0.0,0.0,0.0,0.0,0.0,0.14281966888621536,0.6607735048694154,1.255428221882462,1.0673545277897778,1.1025213635415259,1.1037604698141563,0.5871061988317283,0.44452557313370045,0.27820948729620304,0.11705937180164314,0.07686235982883706,0.0,0.0,0.0,0.0,0.0,0.0,0.0
Simulation,260,0.0,0.0,0.0,0.0,0.0,0.0,0.33586723202404506,0.8685899125357581,1.5943201511977745,1.5854965075464307,1.5805648269055612,1.5137684303192336,1.0542656502980041,1.0385104634763742,0.8576995789083266,0.5869468012347798,0.14474753409629224,0.0,0.0,0.0,0.0,0.0,0.0,0.0
Simulation,261,0.0,0.0,0.0,0.0,0.0,0.0,0.864241414006025,1.2169309176361909,1.6747353629983057,1.5741742694083003,1.5938203913698397,1.6095268351136016,1.1862059320126672,0.9627070627618896,0.6150839773308341,0.33551605695594483,0.10625927121873115,0.0,0.0,0.0,0.0,0.0,0.0,0.0
Simulation,262,0.0,0.0,0.0,0.0,0.0,0.0,0.3054464970436865,0.8370843714514725,1.455561434085567,1.224884737966668,1.208975294892036,1.1832466648715272,0.6436199467659643,0.6160434334177345,0.5601227770771094,0.4684013305119288,0.1453986922491948,0.0,0.0,0.0,0.0,0.0,0.0,0.0
Simulation,263,0.0,0.0,0.0,0.0,0.0,0.0,0.021513860869951773,0.4511663067352225,1.2114350450558413,1.4383159046246066,1.3579616535084678,1.311281044267932,0.698250068203167,0.6618308732829248,0.5512824578836929,0.3603836555401724,0.10375658614851108,0.0,0.0,0.0,0.0,0.0,0.0,0.0
Simulation,264,0.0,0.0,0.0,0.0,0.0,0.0,0.13594518531469604,0.314479969079305,0.46512502497039565,0.38088271977636345,0.5639015608257175,0.7454244655637134,0.5043634181357762,0.3801349087781158,0.2852258466789921,0.2334575585506966,0.09117339896294502,0.0,0.0,0.0,0.0,0.0,0.0,0.0
Simulation,265,0.0,0.0,0.0,0.0,0.0,0.0,0.43063480936487974,0.8749483500341371,1.5132595132027815,1.5665879086907357,1.6437768645114552,1.6298023412501723,0.7979768059261594,0.6513896726864098,0.5344134208706214,0.5237063816019749,0.1632037572010498,0.0,0.0,0.0,0.0,0.0,0.0,0.0
Simulation,266,0.0,0.0,0.0,0.0,0.0,0.0,0.27867167221133077,0.47962175867665024,0.8004846256695864,1.1738658730028004,1.3693092715226514,1.4857592016075596,0.9568349280886508,0.7054812593577191,0.4211714640438266,0.12452949368763894,0.0707665679337444,0.0,0.0,0.0,0.0,0.0,0.0,0.0
Simulation,267,0.0,0.0,0.0,0.0,0.0,0.0,0.2638880268650431,0.6699256957416568,0.9117582448959219,0.6823746694214705,0.5259935169048113,0.45973810624700717,0.5077598302571883,0.6963716287451854,0.9155380223437164,0.7996838363979363,0.08974484975990116,0.0,0.0,0.0,0.0,0.0,0.0,0.0
Simulation,268,0.0,0.0,0.0,0.0,0.0,0.0,0.529951932547438,0.9416743994471712,1.6344248361476286,1.824292985075806,1.6689218907835115,1.2934518652367033,0.356333453407895,0.30434002839196905,0.3739706543079095,0.5834805287885078,0.09273757385937925,0.0,0.0,0.0,0.0,0.0,0.0,0.0
Simulation,269,0.0,0.0,0.0,0.0,0.0,0.0,0.18382699528652913,0.4951938628678998,0.6226926603043821,0.4554300436205101,0.6924346181707781,1.061415358408843,1.03900606692655,1.2023978288245367,1.0747745841938563,0.7354247316640294,0.1652895966176038,0.0,0.0,0.0,0.0,0.0,0.0,0.0
Simulation,270,0.0,0.0,0.0,0.0,0.0,0.0,0.5476766541073381,0.7220648821412909,0.9215687170225687,1.0331598859980242,1.638414157901845,2.0053157353777986,1.9792513830115748,1.5810954742348495,0.910570326017967,0.47104815152139845,0.18369738301351018,0.0,0.0,0.0,0.0,0.0,0.0,0.0
Simulation,271,0.0,0.0,0.0,0.0,0.0,0.0,0.44998889159675914,1.018178291435291,1.4309998853861878,0.9056383032783925,0.9146732394485138,1.0591203429316143,0.7423193604692461,0.728072945768165,0.680464653878292,0.8687644102392634,0.23569180780354637,0.0,0.0,0.0,0.0,0.0,0.0,0.0
Simulation,272,0.0,0.0,0.0,0.0,0.0,0.0,0.31662209830982435,0.3177957560736923,0.4159849726269961,0.8798386820220685,1.108982600659212,1.1279095850188914,0.6467121037468935,0.5487577871917897,0.42873074035360864,0.2806399889268742,0.07628988649354837,0.0,0.0,0.0,0.0,0.0,0.0,0.0
Simulation,273,0.0,0.0,0.0,0.0,0.0,0.0,0.30481771289646237,1.0237960047508952,1.821637980610348,1.8763249334926244,2.0018431299498514,2.031011422345224,1.3886989116197204,0.9977032094951994,0.6159916082590031,0.36364206318686304,0.19067232775067255,0.0,0.0,0.0,0.0,0.0,0.0,0.0
Simulation,274,0.0,0.0,0.0,0.0,0.0,0.0,0.23915265864282534,0.49803675467077124,0.818220185841061,1.064608697170487,1.1414028312083906,1.0977938951887452,0.6197015858060209,0.6213595222700825,0.6059633016505703,0.4224000071675462,0.0885620253788692,0.0,0.0,0.0,0.0,0.0,0.0,0.0
Simulation,275,0.0,0.0,0.0,0.0,0.0,0.0,0.4786605985074386,0.731285720756651,0.9119235177378143,0.6091461698085294,0.6710828487356003,0.6129780663445615,0.3154701551714234,0.29503764548713574,0.2988799955942841,0.2853203453442685,0.08644478558531606,0.0,0.0,0.0,0.0,0.0,0.0,0.0
Simulation,276,0.0,0.0,0.0,0.0,0.0,0.0,0.6707495068765221,0.7152967028170241,0.6745176443457461,0.10447294648429695,0.11140382622431733,0.19688439191686835,0.4046271032739647,0.3759980693728641,0.3090746715441005,0.21923629811665357,0.08787151257716554,0.0,0.0,0.0,0.0,0.0,0.0,0.0
Simulation,277,0.0,0.0,0.0,0.0,0.0,0.0,0.06794536660849945,0.7561524610110234,1.4981247253025485,0.8782255361535317,1.1074368996299921,1.3149520740149347,0.7500412767964115,0.560291711374241,0.3387529806811803,0.2192410502248246,0.16382628993111015,0.0,0.0,0.0,0.0,0.0,0.0,0.0
Simulation,278,0.0,0.0,0.0,0.0,0.0,0.0,0.06963214634723958,0.12453264248859996,0.28529028752082175,0.8166609307408478,1.122461321261615,1.1705272147126173,0.5162404664430447,0.2984371049066712,0.15939524636058108,0.06578267365623591,0.07112179374213233,0.0,0.0,0.0,0.0,0.0,0.0,0.0
Simulation,279,0.0,0.0,0.0,0.0,0.0,0.0,0.16780950301528014,0.4176347641920373,0.6783607944924138,0.5200340839881203,0.528868106781641,0.5645073315277329,0.4028698697946381,0.325716859539549,0.23333007204179199,0.17331838441116187,0.09214032158228795,0.0,0.0,0.0,0.0,0.0,0.0,0.0
Simulation,280,0.0,0.0,0.0,0.0,0.0,0.0,0.36228143315849126,0.7159540505033974,1.0931169195125936,1.0559082568757987,1.3552747766523974,1.4861408297665644,0.7046011395856888,0.525900490147041,0.4211431411724178,0.42347295630714615,0.1962196035713486,0.0,0.0,0.0,0.0,0.0,0.0,0.0
Simulation,281,0.0,0.0,0.0,0.0,0.0,0.0,0.0837626657493781,0.03635424920439978,0.027879358664091303,0.10424291796677254,0.22445996711154537,0.46423443441842627,0.5920975833869048,0.5593022602033011,0.5094009777089846,0.3835132899832035,0.10370495362826683,0.0,0.0,0.0,0.0,0.0,0.0,0.0
Simulation,282,0.0,0.0,0.0,0.0,0.0,0.0,1.7166574034236,1.455797819597255,1.629903992011143,1.5024945399026,1.5491827621455236,1.3121746899606446,0.35113377482867575,0.20122785789597136,0.1938731703198833,0.3261257443422585,0.09010054049835306,0.0,0.0,0.0,0.0,0.0,0.0,0.0
Simulation,283,0.0,0.0,0.0,0.0,0.0,0.0,0.0,0.1575226670174581,0.5099595249705354,1.0387514819138104,1.2927416723893326,1.3153075629502096,0.5279919792306894,0.35054715292003524,0.23334900070732323,0.17637915890853229,0.08980357398614425,0.0,0.0,0.0,0.0,0.0,0.0,0.0
Simulation,284,0.0,0.0,0.0,0.0,0.0,0.0,0.1533035644639391,0.4704678438298998,0.9380324420882219,1.2236922316829928,1.1726630270437994,1.1019684257562932,0.5704522257491857,0.5109443257384959,0.44913840745338796,0.3621243051474511,0.09163809331063062,0.0,0.0,0.0,0.0,0.0,0.0,0.0
Simulation,285,0.0,0.0,0.0,0.0,0.0,0.0,0.08222615889596338,0.19549801757736257,0.2629291004525115,0.12087922057823242,0.21563877251422725,0.3710117458622516,0.31547343175111686,0.20347843799877924,0.10036519757221923,0.006983292956585396,0.05442081753032174,0.0,0.0,0.0,0.0,0.0,0.0,0.0
Simulation,286,0.0,0.0,0.0,0.0,0.0,0.0,0.6526722727185135,1.052236576200743,1.5598381284118066,1.6395223878291016,1.683954434739307,1.656664488585622,1.2240345912189325,1.202431933841835,1.124637672938306,1.1420333423658686,0.16561574989556124,0.0,0.0,0.0,0.0,0.0,0.0,0.0
Simulation,287,0.0,0.0,0.0,0.0,0.0,0.0,0.802148891529014,0.8095827306052674,1.422214962377592,1.9947086264252136,2.0092973054300405,1.9572492940973092,0.6984298721883639,0.5079822100653488,0.3616562401682983,0.12720786403547882,0.021853701255868635,0.0,0.0,0.0,0.0,0.0,0.0,0.0
Simulation,288,0.0,0.0,0.0,0.0,0.0,0.0,0.29876617181773796,0.4529091471282328,0.5996310872904616,0.6229323138186129,0.9499908166611871,1.1440126949462264,0.7381485069238323,0.6232208376137608,0.5254731999800613,0.5422107373039697,0.1619959069657699,0.0,0.0,0.0,0.0,0.0,0.0,0.0
Simulation,289,0.0,0.0,0.0,0.0,0.0,0.0,0.1286691055098784,0.3339674322962346,0.5772882006816723,0.5756894171337985,0.7625718521147937,0.783080163990426,0.33664635921286734,0.29113092326067624,0.28381720363599083,0.3135141981996598,0.09270302909468023,0.0,0.0,0.0,0.0,0.0,0.0,0.0
Simulation,290,0.0,0.0,0.0,0.0,0.0,0.0,0.25850602873763523,0.7053089050103172,1.240552611816772,0.8309241816125371,0.7260364628032031,0.6261517131922295,0.3796406125188444,0.3470449442117027,0.30798144510068415,0.28348471908998946,0.1001318848564236,0.0,0.0,0.0,0.0,0.0,0.0,0.0
Simulation,291,0.0,0.0,0.0,0.0,0.0,0.0,0.31866678420639244,0.6824114131600265,1.1163813291797198,0.9818633779888549,1.0771290988617903,0.953821902088863,0.3753394039383519,0.3109773530464903,0.3293795561244393,0.43839225910536006,0.162284408521894,0.0,0.0,0.0,0.0,0.0,0.0,0.0
Simulation,292,0.0,0.0,0.0,0.0,0.0,0.0,0.05668024164586197,0.43412123059585517,0.9359549309981166,0.9351486090864148,1.208982383138492,1.4773040578634045,1.1776069678520389,0.9666790128382687,0.5264003863255999,0.2074256813932892,0.08956861829289343,0.0,0.0,0.0,0.0,0.0,0.0,0.0
Simulation,293,0.0,0.0,0.0,0.0,0.0,0.0,0.5968995292091572,0.6355694564673842,0.8341526844437127,1.4172944708716009,1.5672016475056363,1.4862441125722436,0.9170536354908441,0.9668358129439876,1.0329403140124493,1.0386058744071105,0.12896171717139304,0.0,0.0,0.0,0.0,0.0,0.0,0.0
Simulation,294,0.0,0.0,0.0,0.0,0.0,0.0,0.7870888037152464,1.0617500283502692,1.3657457243077284,0.8081894855789854,0.7155400262020335,0.6744629824873297,0.6023453329948615,0.543063845248676,0.45106433405804564,0.3606007146402257,0.1287490700985276,0.0,0.0,0.0,0.0,0.0,0.0,0.0
Simulation,295,0.0,0.0,0.0,0.0,0.0,0.0,0.19773557325530033,0.3060527789656998,0.27964750635807645,0.07356823408791491,0.1006840797196833,0.16954946252480207,0.3574125784380103,0.4130354092933658,0.4240291176149079,0.5034801478018269,0.19213749788094123,0.0,0.0,0.0,0.0,0.0,0.0,0.0
Simulation,296,0.0,0.0,0.0,0.0,0.0,0.0,0.22968304472683196,0.8409256243018212,1.7054087337239543,1.601751725730551,1.4306600810182342,1.313026008250802,0.7201214209409347,0.6475332760580079,0.4593695767399427,0.2784396016903302,0.08729398849004409,0.0,0.0,0.0,0.0,0.0,0.0,0.0
Simulation,297,0.0,0.0,0.0,0.0,0.0,0.0,0.2821397313535791,0.6696375713145681,1.0974928430878514,1.1840680192175579,1.2933565671985525,1.3299804426354456,0.9342362219371754,0.8628169102608592,0.7079293464593477,0.463358853697499,0.11191757835159127,0.0,0.0,0.0,0.0,0.0,0.0,0.0
Simulation,298,0.0,0.0,0.0,0.0,0.0,0.0,0.9254948677040076,1.604745259543142,1.7702080577500732,1.102240301382579,1.2086228672789237,1.2689331944582611,0.6601981287856669,0.5666476499868138,0.5852847261923677,1.1620639972869655,0.25164293735361337,0.0,0.0,0.0,0.0,0.0,0.0,0.0
Simulation,299,0.0,0.0,0.0,0.0,0.0,0.0,0.1466160361955907,0.6158714055693665,1.0930379916617488,0.9317663092624717,1.1545077391068193,1.2741590837761891,0.6976372797228846,0.5606174398537538,0.43130175206303284,0.43986130579486454,0.20562402025140752,0.0,0.0,0.0,0.0,0.0,0.0,0.0
Simulation,300,0.0,0.0,0.0,0.0,0.0,0.0,0.43152382906675557,0.655517444106684,0.6464328323606616,0.32527132313913043,0.4439862829669601,0.5511348530587918,0.39549183082758416,0.35808367225830606,0.3441725903121215,0.3340051565395591,0.13470561259069372,0.0,0.0,0.0,0.0,0.0,0.0,0.0
Simulation,301,0.0,0.0,0.0,0.0,0.0,0.0,0.2598096143327734,0.6387734652965906,0.9946917930910559,0.6865222794628152,0.728900733626537,0.5445144798951054,0.10705192541067254,0.03153221672678164,0.030377674359468365,0.09746000625844772,0.0758196073333333,0.0,0.0,0.0,0.0,0.0,0.0,0.0
Simulation,302,0.0,0.0,0.0,0.0,0.0,0.0,0.28157356368671643,0.594725348652118,0.6703952798277785,0.11360994204529828,0.17368093174545973,0.3353079985461329,0.27559585012149806,0.19168993969008213,0.13489153926209985,0.1424228937295528,0.10224862205655713,0.0,0.0,0.0,0.0,0.0,0.0,0.0
Simulation,303,0.0,0.0,0.0,0.0,0.0,0.0,0.0820423046602134,0.12673365525926794,0.16082489632743524,0.3504068671025934,0.5095122320597026,0.5367342031432586,0.252765927874517,0.23115906291622973,0.21751223099833475,0.2672221197546691,0.08321775136055048,0.0,0.0,0.0,0.0,0.0,0.0,0.0
Simulation,304,0.0,0.0,0.0,0.0,0.0,0.0,0.15330496807734503,0.1065679075489937,0.1531563255020817,0.9230016867549142,1.1260359283273615,1.15075097864799,0.7992098657792358,0.731054135151177,0.542062453311191,0.23336842545203484,0.0711464863351565,0.0,0.0,0.0,0.0,0.0,0.0,0.0
Simulation,305,0.0,0.0,0.0,0.0,0.0,0.0,0.3457713326601724,0.6699244100560401,0.9361781039581719,0.908167671127598,1.2541272135669879,1.2734149161805912,0.3318207009802758,0.1522659951596192,0.14266748992990103,0.28331152994000186,0.14208021977559387,0.0,0.0,0.0,0.0,0.0,0.0,0.0
Simulation,306,0.0,0.0,0.0,0.0,0.0,0.0,0.34068744065135825,0.5364539956458736,0.7446998290711555,1.2896162225245607,1.4830076881759169,1.5236076987022846,1.1462410610467986,1.1650944473315832,1.0373026253420903,0.5959675180849532,0.0905775107162513,0.0,0.0,0.0,0.0,0.0,0.0,0.0
Simulation,307,0.0,0.0,0.0,0.0,0.0,0.0,0.305339998808917,0.7471022414424543,1.3342614315210437,1.374937494608347,1.2486259295007507,1.0872563847351027,0.5912129104114304,0.5815625690834311,0.6153004391873943,0.632153271424136,0.09185336351935763,0.0,0.0,0.0,0.0,0.0,0.0,0.0
Simulation,308,0.0,0.0,0.0,0.0,0.0,0.0,0.33399796452513936,0.6882965832352971,1.1726218500651768,1.289198433556221,1.5978576337819093,1.687830480911492,0.7750208985661229,0.5144851137351998,0.3020231547701618,0.12619982093426724,0.07072154381938495,0.0,0.0,0.0,0.0,0.0,0.0,0.0
Simulation,309,0.0,0.0,0.0,0.0,0.0,0.0,0.7588687101926459,1.2519118143380035,1.6452342163222284,1.3178856770502045,1.1801115674025349,1.1404891190026902,0.7867870966275343,0.7399478099805391,0.5685357763462193,0.3101777139916645,0.08055101260620372,0.0,0.0,0.0,0.0,0.0,0.0,0.0
Simulation,310,0.0,0.0,0.0,0.0,0.0,0.0,0.24881609706013538,0.6138795427105835,0.8142047323962907,0.6181300664492462,0.7277612078005428,0.9461724705131679,0.9962902598745614,1.1711245299938242,0.9633817945066505,0.42988512004069146,0.08977369630336073,0.0,0.0,0.0,0.0,0.0,0.0,0.0
Simulation,311,0.0,0.0,0.0,0.0,0.0,0.0,0.21427303185381807,0.8534455798757453,1.6853712408810684,1.39989052205458,1.1428100981260245,0.8917080515016814,0.3725653490442974,0.4112050140300636,0.4394192825952654,0.6702753732844822,0.21412560609154702,0.0,0.0,0.0,0.0,0.0,0.0,0.0
Simulation,312,0.0,0.0,0.0,0.0,0.0,0.0,0.3265904707033471,0.6839029867738939,1.20111969634927,1.200511636454811,1.2517054987998615,1.1950476938022594,0.6399856186356125,0.5097597407648907,0.3439812932386136,0.1619348998285801,0.07811812569069232,0.0,0.0,0.0,0.0,0.0,0.0,0.0
Simulation,313,0.0,0.0,0.0,0.0,0.0,0.0,0.15292426296943723,0.5725538537198779,1.0801121045017874,1.089557355979663,0.8417390650442365,0.45530020947249894,0.15057525651564857,0.2034345843339353,0.2455106576113076,0.19657076433947196,0.05658214629685539,0.0,0.0,0.0,0.0,0.0,0.0,0.0
Simulation,314,0.0,0.0,0.0,0.0,0.0,0.0,0.008937364258060021,0.09548729270018297,0.12897392395271357,0.35453553348643674,0.6283230041553278,0.7841743769348939,0.4766729033327985,0.4147298372677228,0.3582306819145141,0.29031818835192996,0.09106509311041386,0.0,0.0,0.0,0.0,0.0,0.0,0.0
Simulation,315,0.0,0.0,0.0,0.0,0.0,0.0,0.6173046302182827,0.7966590571984742,1.2701853487999581,1.5825170539871896,1.7101659633655037,1.6041807214674626,0.658238014758516,0.5488978345439558,0.5625840191358398,0.8005385047183443,0.16289419403263788,0.0,0.0,0.0,0.0,0.0,0.0,0.0
Simulation,316,0.0,0.0,0.0,0.0,0.0,0.0,0.12435982992217312,0.33622203541262125,0.669487738446273,0.6624606119191405,0.5190724375693322,0.3572721934184423,0.25133908041439035,0.29143091577058805,0.3067261577171471,0.28056271043566516,0.08728585764812062,0.0,0.0,0.0,0.0,0.0,0.0,0.0
Simulation,317,0.0,0.0,0.0,0.0,0.0,0.0,0.20965690044508173,0.8211038529160514,1.5745016857537366,1.350670759390509,1.2912316273136748,1.339784700612255,1.25138058895427,1.3366097060272089,1.0253985507890206,0.42814090459387055,0.09884885473330926,0.0,0.0,0.0,0.0,0.0,0.0,0.0
Simulation,318,0.0,0.0,0.0,0.0,0.0,0.0,0.21925137708545028,0.7552392023860541,1.544068332540565,1.6689639011304531,1.3972665423904862,1.2871443572731451,0.838593271373624,0.8141011613813229,0.5503652153182932,0.17207067676840337,0.058983494240476525,0.0,0.0,0.0,0.0,0.0,0.0,0.0
Simulation,319,0.0,0.0,0.0,0.0,0.0,0.0,0.22095062581056785,0.599314922445949,1.0208343262169002,0.907418984526944,0.7275662528521492,0.49872346101009757,0.40477281368566687,0.4479469476084593,0.4291892238534832,0.3651343449582289,0.09145040434669086,0.0,0.0,0.0,0.0,0.0,0.0,0.0
Simulation,320,0.0,0.0,0.0,0.0,0.0,0.0,0.3426229581165776,0.7667460669108055,1.2840248446983171,1.2255508809674047,1.0898842589558126,1.0810236789176901,1.154626671617833,1.5208226164771068,1.4211302683591311,0.7855507944611457,0.1211675821359335,0.0,0.0,0.0,0.0,0.0,0.0,0.0
Simulation,321,0.0,0.0,0.0,0.0,0.0,0.0,0.14797223252318814,0.2491597572755826,0.4646170180366792,0.8462430680818877,1.2980768883179101,1.4449981011290585,0.5706269259410834,0.2756186280057541,0.13612105889027962,0.08034977666196683,0.0770634601494221,0.0,0.0,0.0,0.0,0.0,0.0,0.0
Simulation,322,0.0,0.0,0.0,0.0,0.0,0.0,0.19812191036782356,0.5538131741182969,1.0553279026108946,1.411785217184993,1.314330502708088,1.1934939828779838,0.6531552240838638,0.6685355422387051,0.6405616957405554,0.42687270796190313,0.07790649126709467,0.0,0.0,0.0,0.0,0.0,0.0,0.0
Simulation,323,0.0,0.0,0.0,0.0,0.0,0.0,0.32300719415641765,0.7432054265167954,1.3736567569815958,1.5840496073427273,1.5066790996990544,1.3627564927332112,0.7098585914568438,0.6163220251261973,0.4521552896394891,0.27670730022669043,0.07683521786813867,0.0,0.0,0.0,0.0,0.0,0.0,0.0
Simulation,324,0.0,0.0,0.0,0.0,0.0,0.0,0.1452365112738558,0.20528714802539605,0.3895888173540263,1.0025203588325957,1.276126973252426,1.31220811810657,0.6948835782394756,0.6091232125143894,0.5612141738634607,0.5282062669342584,0.10176882550160629,0.0,0.0,0.0,0.0,0.0,0.0,0.0
Simulation,325,0.0,0.0,0.0,0.0,0.0,0.0,0.6715709447652276,1.324285602631944,1.8439137131703576,1.5750165238348415,1.5858371648549987,1.44632225066378,0.6911930286138261,0.6206017276280196,0.666819768694858,1.0585095457180602,0.24558028000394078,0.0,0.0,0.0,0.0,0.0,0.0,0.0
Simulation,326,0.0,0.0,0.0,0.0,0.0,0.0,0.35236188685616665,0.39642044629994116,0.34366266816446744,0.41148469146843836,0.511543159674693,0.46376890981229935,0.3276863418871552,0.3650823105433557,0.439915566517165,0.6827805513437735,0.14132415113120794,0.0,0.0,0.0,0.0,0.0,0.0,0.0
Simulation,327,0.0,0.0,0.0,0.0,0.0,0.0,0.24693642809792501,0.6761302617072279,1.2553233363465248,1.2394099713232143,1.286874031049788,1.294958811785096,0.7104487001137878,0.5405762170649816,0.33210370828457186,0.12661820145670394,0.0819222784588043,0.0,0.0,0.0,0.0,0.0,0.0,0.0
Simulation,328,0.0,0.0,0.0,0.0,0.0,0.0,0.07022003214333583,0.08540731549424896,0.15926921928503135,0.9307073188676047,1.3935838325183463,1.504694390529814,0.6048467478023214,0.3546054026128578,0.21754775158709608,0.1821505022066431,0.0758196073333333,0.0,0.0,0.0,0.0,0.0,0.0,0.0
Simulation,329,0.0,0.0,0.0,0.0,0.0,0.0,0.16692959666436596,0.6134130089672809,0.8982993667811455,0.4487220504424909,0.5745498537086043,0.6144590219588247,0.16004314598079367,0.10172665046952978,0.10899069077829227,0.2350533305210031,0.16476997044802735,0.0,0.0,0.0,0.0,0.0,0.0,0.0
Simulation,330,0.0,0.0,0.0,0.0,0.0,0.0,0.6719125821260072,0.6627155091168931,0.6215842623897141,0.34246345106702214,0.6609434635054374,0.7299929165791418,0.15270914137961922,0.06908765653803173,0.0936535985347619,0.2714602857534526,0.08981960741639149,0.0,0.0,0.0,0.0,0.0,0.0,0.0
Simulation,331,0.0,0.0,0.0,0.0,0.0,0.0,0.6958058751610744,0.6604819263032032,0.6201541449894049,0.6615787197906894,1.060967754632029,1.1728923610463289,0.7196642351398661,0.6478804621755999,0.566638125502506,0.4404553281827648,0.0796351142511462,0.0,0.0,0.0,0.0,0.0,0.0,0.0
Simulation,332,0.0,0.0,0.0,0.0,0.0,0.0,0.12532004776568512,0.3768513323294925,0.8468481214424787,1.1535265260879506,1.2528544358120288,1.1042973238130613,0.15862454294056372,0.06661589474250862,0.027934411915748858,0.031019230337869796,0.048499496355081134,0.0,0.0,0.0,0.0,0.0,0.0,0.0
Simulation,333,0.0,0.0,0.0,0.0,0.0,0.0,0.24961150091161333,0.20910375542695092,0.20998456003316657,0.6155829492442997,0.9806780017609809,1.09382215070927,0.5035252994516517,0.3738622992893028,0.354139466397218,0.36017549376515534,0.0926447564415327,0.0,0.0,0.0,0.0,0.0,0.0,0.0
Simulation,334,0.0,0.0,0.0,0.0,0.0,0.0,0.26209947928500404,1.4444377747573642,1.9615246874572008,1.3213149684345062,1.087798628901567,0.879800227346949,0.3541581786095437,0.356450028430761,0.3757116614465583,0.5303127919577588,0.2034831758964346,0.0,0.0,0.0,0.0,0.0,0.0,0.0
Simulation,335,0.0,0.0,0.0,0.0,0.0,0.0,0.214125153308151,0.5682877227904535,0.9120556533319719,0.9317184294101571,0.9514954896983906,1.0668162939069918,0.7622722085208313,0.7332625733033672,0.5406503128095403,0.27151077939197305,0.09166553738164795,0.0,0.0,0.0,0.0,0.0,0.0,0.0
Simulation,336,0.0,0.0,0.0,0.0,0.0,0.0,0.07706352189039675,0.6339714356860792,1.377105921495198,1.5572496145007197,1.3393255178924828,1.195890516414707,0.6102368112893783,0.5978532586330941,0.5637115399123815,0.4185426924974187,0.14160080605219216,0.0,0.0,0.0,0.0,0.0,0.0,0.0
Simulation,337,0.0,0.0,0.0,0.0,0.0,0.0,0.09522336156207695,0.588675465343473,1.111481293613389,1.070352058938552,1.059693274956003,1.0015035119843838,0.709634079162752,0.9150078560098049,0.9897416277131332,0.7934010464099125,0.13159730613852008,0.0,0.0,0.0,0.0,0.0,0.0,0.0
Simulation,338,0.0,0.0,0.0,0.0,0.0,0.0,0.2831177867841796,0.7919938004137925,1.2458974640464249,0.8278603122094284,0.8588050324272631,1.0490765224166578,0.8013356040838078,0.9259199211685347,0.8279995671815261,0.6550844262143789,0.16558552101503393,0.0,0.0,0.0,0.0,0.0,0.0,0.0
Simulation,339,0.0,0.0,0.0,0.0,0.0,0.0,0.2439827288113531,0.5145925358777607,0.8929224102891428,0.8245356672361908,0.7121894636013493,0.4987132075758103,0.31553517010960314,0.20913433366620093,0.11337970213334458,0.006650508360601215,0.026388927123507336,0.0,0.0,0.0,0.0,0.0,0.0,0.0
Simulation,340,0.0,0.0,0.0,0.0,0.0,0.0,0.2524227610770643,0.6535790462166591,1.2652022373554694,1.7513515318734136,1.7503142674360275,1.70020797816061,1.6161405971940115,1.5795461479958524,1.3361810374139078,0.6412163016775771,0.09098627394406895,0.0,0.0,0.0,0.0,0.0,0.0,0.0
Simulation,341,0.0,0.0,0.0,0.0,0.0,0.0,0.3234129209227557,0.6756290645515164,1.1277300323356538,1.157929044393822,1.1500991802499974,1.1152285983676655,0.6911273839187175,0.6609429089378149,0.5739212627317289,0.3696468895738878,0.08961417232468505,0.0,0.0,0.0,0.0,0.0,0.0,0.0
Simulation,342,0.0,0.0,0.0,0.0,0.0,0.0,0.24701060759904675,0.2602935567019553,0.27467344259331794,0.3996630406209353,0.8045378623450763,0.9778116458600227,0.3675701409880415,0.2475298814702836,0.2333292786272193,0.3884125909224301,0.16339494990696446,0.0,0.0,0.0,0.0,0.0,0.0,0.0
Simulation,343,0.0,0.0,0.0,0.0,0.0,0.0,0.3545365290330513,0.764017153756125,1.1946751569075202,0.8623969750213821,0.8666962769767708,0.809069211066989,0.4765589993072804,0.4571732375764684,0.42882443122891334,0.451732802191343,0.09833395480003183,0.0,0.0,0.0,0.0,0.0,0.0,0.0
Simulation,344,0.0,0.0,0.0,0.0,0.0,0.0,0.4776862710414197,0.9967069109029438,1.7632297197192814,1.9276978086592167,1.9506030955750546,1.6535719438856589,0.6827021116387497,0.5590945701211374,0.5014939224848183,0.44536026651241256,0.09116213223316752,0.0,0.0,0.0,0.0,0.0,0.0,0.0
Simulation,345,0.0,0.0,0.0,0.0,0.0,0.0,0.6200310350664318,0.6848035247040619,0.8257965166243237,0.49591586490300876,0.3372830387997199,0.2829649190708945,0.25823539169741133,0.251242513824537,0.190406476025644,0.0848108506540956,0.04739801268093488,0.0,0.0,0.0,0.0,0.0,0.0,0.0
Simulation,346,0.0,0.0,0.0,0.0,0.0,0.0,0.08184361709260077,0.13252211177137752,0.3140046162062826,0.8262908975577008,0.8651381274570747,0.7478885054409954,0.4106149488222507,0.36021442013357485,0.329456171032254,0.26715788775037524,0.07684332562457952,0.0,0.0,0.0,0.0,0.0,0.0,0.0
Simulation,347,0.0,0.0,0.0,0.0,0.0,0.0,0.388447479095016,0.791064368714916,1.4676178848125785,1.532192096154329,1.2795622760326195,0.9489148255191906,0.22573274134153287,0.1758450296000008,0.18175329164005677,0.23039639138657186,0.08220685222857536,0.0,0.0,0.0,0.0,0.0,0.0,0.0
Simulation,348,0.0,0.0,0.0,0.0,0.0,0.0,0.20910923288976263,0.34030441458676775,0.4420205438130024,0.5822437331031693,1.107016475577039,1.220785171607423,0.40757843286383666,0.2145659615758499,0.15573498571737707,0.15258762925607477,0.07877748618561839,0.0,0.0,0.0,0.0,0.0,0.0,0.0
Simulation,349,0.0,0.0,0.0,0.0,0.0,0.0,0.27745486600242775,0.4161747985870148,0.41556099245197675,0.3924345728475649,0.7660400753914883,1.1189174737397756,0.8562817394665773,0.7383927587963646,0.5213537930902872,0.2831751085408418,0.08738980785830874,0.0,0.0,0.0,0.0,0.0,0.0,0.0
Simulation,350,0.0,0.0,0.0,0.0,0.0,0.0,0.0696584417878307,0.3433100882973409,0.7976465186649235,0.9468735607757238,1.1755362144602897,1.2489149003715352,0.622493887744661,0.49339163550429455,0.30776231390568975,0.10492827117433737,0.05778622697440646,0.0,0.0,0.0,0.0,0.0,0.0,0.0
Simulation,351,0.0,0.0,0.0,0.0,0.0,0.0,0.881760971702289,1.097786590967341,1.3360071714458117,0.7982599061394164,0.8449008015303832,0.8853352065550532,0.5846269649575596,0.43876090012401436,0.330304268402752,0.2555575482945422,0.09253723097863273,0.0,0.0,0.0,0.0,0.0,0.0,0.0
Simulation,352,0.0,0.0,0.0,0.0,0.0,0.0,0.35221741070242973,0.8118099467803241,1.4231620220209584,1.4502830507813764,1.480202377910892,1.3857515895206365,0.6371744561778104,0.5079108746009773,0.38823327425040455,0.2800064386392537,0.07695643314424638,0.0,0.0,0.0,0.0,0.0,0.0,0.0
Simulation,353,0.0,0.0,0.0,0.0,0.0,0.0,0.8767982048834215,0.6712313684847883,0.6961912598168476,0.8239873748356116,1.0786144374930844,1.1114974908021646,0.6026059922726198,0.4737783373164384,0.421046437935961,0.39195488748109686,0.09098627396818185,0.0,0.0,0.0,0.0,0.0,0.0,0.0
Simulation,354,0.0,0.0,0.0,0.0,0.0,0.0,0.5006768649464194,0.6627830122834327,0.7495815897562854,0.48110694037308743,0.5881652722888816,0.5374469511253013,0.17077019806244265,0.08472704968015182,0.05207690424480366,0.10010011743591435,0.0758196073333333,0.0,0.0,0.0,0.0,0.0,0.0,0.0
Simulation,355,0.0,0.0,0.0,0.0,0.0,0.0,0.6620971220840874,1.6256656179608184,2.014112725821732,2.018261905155333,2.0185502354746263,2.0124796851164044,1.8425818259494537,1.5818976985920863,1.0916321436555565,0.347395086177649,0.09180632137107833,0.0,0.0,0.0,0.0,0.0,0.0,0.0
Simulation,356,0.0,0.0,0.0,0.0,0.0,0.0,0.3315112761697376,0.3758137743683652,0.3132111442400559,0.3537150711991285,0.6183212605137502,0.806834524327219,0.5938144135767245,0.510146738324341,0.4315640772609764,0.39385820237169733,0.09188440596267317,0.0,0.0,0.0,0.0,0.0,0.0,0.0
Simulation,357,0.0,0.0,0.0,0.0,0.0,0.0,0.31293800662689036,0.5980520575705859,0.7383253428447015,0.6813618878996808,0.922619668877465,1.1080966743559282,0.6681325569131252,0.5957499658272987,0.5242093767713062,0.508513985812283,0.16527229200363314,0.0,0.0,0.0,0.0,0.0,0.0,0.0
Simulation,358,0.0,0.0,0.0,0.0,0.0,0.0,0.20555234293630995,0.47760412515469897,0.5612078414547939,0.11360697164012479,0.24429180119369276,0.48056394692425797,0.38293202557006056,0.3235126250598714,0.329349472222172,0.6063351659470849,0.24917468690796157,0.0,0.0,0.0,0.0,0.0,0.0,0.0
Simulation,359,0.0,0.0,0.0,0.0,0.0,0.0,0.28143239681053456,0.6172450354937378,1.0217262069662663,1.0754313447813904,1.2089868392061085,1.2705399847608099,0.7420571658604689,0.6038269056394429,0.4297551053893817,0.326092306515019,0.09034462401499205,0.0,0.0,0.0,0.0,0.0,0.0,0.0
Simulation,360,0.0,0.0,0.0,0.0,0.0,0.0,0.1406292819912184,0.7561005322870361,1.410578350924068,0.8560532475336938,0.9495303383644502,1.1185394320715814,0.6065647945225541,0.41310387619809924,0.2113660820498536,0.1329413003278193,0.1061588782857345,0.0,0.0,0.0,0.0,0.0,0.0,0.0
Simulation,361,0.0,0.0,0.0,0.0,0.0,0.0,0.49602054560861314,0.9953276484491608,1.5144044972483082,1.3464777717064313,1.2925465198171593,1.2928091516626437,0.9806239522360578,1.0388466653806177,0.8870966439208581,0.6538557503795128,0.10316922998732206,0.0,0.0,0.0,0.0,0.0,0.0,0.0
Simulation,362,0.0,0.0,0.0,0.0,0.0,0.0,0.5755927822646095,0.6738868402881261,0.9816437498101205,1.1069049294705096,1.0865146387916702,0.7778647196689426,0.25834048214887795,0.25243175855614486,0.3086657694337339,0.32867713732247145,0.07439779509958952,0.0,0.0,0.0,0.0,0.0,0.0,0.0
Simulation,363,0.0,0.0,0.0,0.0,0.0,0.0,0.22693230360512373,0.7269574722752704,1.3159325898014604,1.1474299777282284,1.1485501991998117,1.1794825321174376,0.741468906795105,0.6605083779530859,0.4478188467471085,0.25809816884888337,0.08970770327040328,0.0,0.0,0.0,0.0,0.0,0.0,0.0
Simulation,364,0.0,0.0,0.0,0.0,0.0,0.0,0.33684829824006607,0.7631659917648236,1.6106167741845652,2.018836509912178,2.0574932929488385,2.0290968962776645,1.6072713525763185,1.5575406048285876,1.446641151140319,1.1982405194150223,0.16300878253885806,0.0,0.0,0.0,0.0,0.0,0.0,0.0
Simulation,365,0.0,0.0,0.0,0.0,0.0,0.0,0.7050868979747342,0.7944153723244934,1.2403032640287637,1.3952978930848143,1.5708923059626319,1.405581974885243,0.4917926104697255,0.30496857773619734,0.28517763313866795,0.34568563956411186,0.08972117238390744,0.0,0.0,0.0,0.0,0.0,0.0,0.0
Simulation,366,0.0,0.0,0.0,0.0,0.0,0.0,0.41712636524221347,1.1102570704051553,1.5422942377060154,1.1700847319044847,1.427084576363877,1.596401570486864,0.8049545915168133,0.6591171673237813,0.538098617481629,0.6438702158258383,0.19621960645346537,0.0,0.0,0.0,0.0,0.0,0.0,0.0
Simulation,367,0.0,0.0,0.0,0.0,0.0,0.0,0.21680962945752486,0.5354992476726493,1.0557493785001342,1.9053736347351058,2.0149715262380927,2.030968798941993,1.3810961282599084,1.2051694621981217,1.1110100565354875,0.8564268431202807,0.13080617798960398,0.0,0.0,0.0,0.0,0.0,0.0,0.0
Simulation,368,0.0,0.0,0.0,0.0,0.0,0.0,0.9443904302646133,1.232786103514639,1.793438319590769,1.896761201869285,1.6411237683828015,1.225359433505509,0.5656963020132563,0.5480027432303763,0.6032096664878186,0.47648277719146603,0.06226541561556265,0.0,0.0,0.0,0.0,0.0,0.0,0.0
Simulation,369,0.0,0.0,0.0,0.0,0.0,0.0,0.8219408543092843,1.0617911302646823,1.4541954651584956,1.6213309120174337,1.9497421676573212,1.9739066429441385,1.037690306030358,0.7308245600681333,0.5812361103376643,0.5263415673788828,0.16199991219628784,0.0,0.0,0.0,0.0,0.0,0.0,0.0
Simulation,370,0.0,0.0,0.0,0.0,0.0,0.0,0.2206609283647091,0.47090836648957246,0.7044996522821254,0.5047185474148722,0.6813588332888327,0.7197827433688246,0.24375402685555064,0.14925801444326126,0.11466235579296213,0.15448348056982258,0.08981960702589312,0.0,0.0,0.0,0.0,0.0,0.0,0.0
Simulation,371,0.0,0.0,0.0,0.0,0.0,0.0,0.33608210876611877,0.4664885054523956,0.7441196848570493,1.2807462998398875,1.228259143951951,0.8848504838453131,0.12819612875849296,0.08919348257209986,0.1566394265818907,0.2201260079445314,0.07012045508912985,0.0,0.0,0.0,0.0,0.0,0.0,0.0
Simulation,372,0.0,0.0,0.0,0.0,0.0,0.0,0.203798415148695,0.4004694978310775,0.8058037379198244,1.2240804527878626,1.1414231598257563,0.8689415320109481,0.30315442775258067,0.3259421620671064,0.411873736680073,0.40569628332705165,0.0799987474672315,0.0,0.0,0.0,0.0,0.0,0.0,0.0
Simulation,373,0.0,0.0,0.0,0.0,0.0,0.0,0.32937121898613547,0.8619536194745427,1.541585615636297,1.1995376578373256,1.1945118483122015,1.1906250234029259,0.6863366415248421,0.5589472550975697,0.42538437188970946,0.34378203428873355,0.16719724985484102,0.0,0.0,0.0,0.0,0.0,0.0,0.0
Simulation,374,0.0,0.0,0.0,0.0,0.0,0.0,0.21770421194286568,1.0860358685257698,1.9333694195140914,1.9848155899436857,2.001666424037183,2.0313551065719726,2.0202494202356354,1.9563454612900988,1.4765527574612995,0.41835397015177506,0.09099804805363282,0.0,0.0,0.0,0.0,0.0,0.0,0.0
Simulation,375,0.0,0.0,0.0,0.0,0.0,0.0,0.020977055801730482,0.17129857065626686,0.45103335283647694,0.9362981997581608,1.3443714155927806,1.6585980978824955,1.349445964713627,1.1499577210945198,0.7809447631265151,0.5277825303436594,0.19652698602035462,0.0,0.0,0.0,0.0,0.0,0.0,0.0
Simulation,376,0.0,0.0,0.0,0.0,0.0,0.0,0.39937293697023735,1.7492578319830527,1.9812686376614197,0.9318585015499593,0.5690820778488099,0.6509534093462903,0.9061453523386936,1.0285096818105992,0.6493035939969662,0.2704750883457542,0.09210377759016242,0.0,0.0,0.0,0.0,0.0,0.0,0.0
Simulation,377,0.0,0.0,0.0,0.0,0.0,0.0,0.6746772312689063,1.4387232333332096,1.7838830391748268,1.2231741982474864,1.2083187790884582,1.2960462768399061,1.1408023912938612,1.0850032132437546,0.7167976584507223,0.32046163982233355,0.09042173939008082,0.0,0.0,0.0,0.0,0.0,0.0,0.0
Simulation,378,0.0,0.0,0.0,0.0,0.0,0.0,0.13277775012987886,0.3760485216619781,0.7039377856463134,0.6798912416247543,0.5671295450150621,0.46423898983608636,0.4336669613448401,0.464276214682295,0.41189339421355936,0.27269390481462646,0.09098627400480792,0.0,0.0,0.0,0.0,0.0,0.0,0.0
Simulation,379,0.0,0.0,0.0,0.0,0.0,0.0,0.5272555610121984,0.7165032362959156,1.098240850692277,1.0187482003189043,0.9329644528771108,0.726046415519257,0.1815145592346274,0.08972241388257468,0.026720242018850537,0.0,0.0204944016974674,0.0,0.0,0.0,0.0,0.0,0.0,0.0
Simulation,380,0.0,0.0,0.0,0.0,0.0,0.0,0.06396075629531045,0.10887115696504535,0.08237115027050657,0.0,0.07073663818869114,0.09099418917755231,0.0,0.012126519141774483,0.019876496897876794,0.26022770034410264,0.21165340514448722,0.0,0.0,0.0,0.0,0.0,0.0,0.0
Simulation,381,0.0,0.0,0.0,0.0,0.0,0.0,0.12776468469694788,0.32143917341138034,0.5584518570432147,0.6492576375629505,0.8044509632048653,0.9696798215588601,0.6598475906980372,0.5838887101367423,0.421627915457262,0.21042470745466285,0.07930724915725433,0.0,0.0,0.0,0.0,0.0,0.0,0.0
Simulation,382,0.0,0.0,0.0,0.0,0.0,0.0,0.5430515795625931,0.6234321817480943,0.6672049982893657,0.48783612858754966,0.5635976449279315,0.4612976118942772,0.1230228729228503,0.07703662835928199,0.15011055302015075,0.36332652018053385,0.16454991735062005,0.0,0.0,0.0,0.0,0.0,0.0,0.0
Simulation,383,0.0,0.0,0.0,0.0,0.0,0.0,0.2374124371004262,0.5646223671872483,0.8191206916822316,0.6802804761028663,0.8640752247176225,0.9538428195363341,0.5920970344986755,0.4849346297762438,0.37993720773758594,0.29942429955712385,0.10615172392129955,0.0,0.0,0.0,0.0,0.0,0.0,0.0
Simulation,384,0.0,0.0,0.0,0.0,0.0,0.0,0.4278815345331538,0.9196323357357623,1.6392804885496546,1.9037885550372993,1.7315965575705907,1.3124612768090171,0.5502746636797997,0.5591059202283534,0.6857888066992849,0.6939727078873397,0.07660135264040918,0.0,0.0,0.0,0.0,0.0,0.0,0.0
Simulation,385,0.0,0.0,0.0,0.0,0.0,0.0,0.34836272338803176,0.28366654483961873,0.16997613572715853,0.35515930050943234,0.5160557278022199,0.5828954065393466,0.4756531370959557,0.4664202720973843,0.450264612665299,0.44533017718351653,0.125854171359538,0.0,0.0,0.0,0.0,0.0,0.0,0.0
Simulation,386,0.0,0.0,0.0,0.0,0.0,0.0,0.19898182967139366,0.5546513072805737,0.9232762914664311,1.0530930253988229,1.3050365348282615,1.4501703908311567,0.7900984795045997,0.5946766132338251,0.4011025671627156,0.22870940795851502,0.08966583639665242,0.0,0.0,0.0,0.0,0.0,0.0,0.0
Simulation,387,0.0,0.0,0.0,0.0,0.0,0.0,0.486474226547121,0.7836209857186811,1.1229110493976164,1.248446411940027,1.6677288395937753,1.9911799231579455,1.9914414182728748,1.840949774463147,1.0292676747271978,0.28267798186035337,0.08727744190992223,0.0,0.0,0.0,0.0,0.0,0.0,0.0
Simulation,388,0.0,0.0,0.0,0.0,0.0,0.0,0.8717814417010388,1.5063693955261184,1.9178052160359176,1.8088735908015954,1.9711619949483752,1.9876021517242837,1.0642360487367335,0.70515619434087,0.5355484573065257,0.6429748530695265,0.23549486908279416,0.0,0.0,0.0,0.0,0.0,0.0,0.0
Simulation,389,0.0,0.0,0.0,0.0,0.0,0.0,0.36091076714397785,0.5314982514775641,0.6163268251080595,0.408207347134384,0.544216958768065,0.48133855807496384,0.12841602854724538,0.05653232164230437,0.058209593439670304,0.21080111530486767,0.0896298558165296,0.0,0.0,0.0,0.0,0.0,0.0,0.0
Simulation,390,0.0,0.0,0.0,0.0,0.0,0.0,0.038322463241422244,0.2292239553631153,0.6753571144279802,0.9680613685124635,1.1011150757474646,1.0973204639636676,0.4704840429314918,0.35836585311928115,0.28833923350237034,0.24991514712219606,0.09885672481852295,0.0,0.0,0.0,0.0,0.0,0.0,0.0
Simulation,391,0.0,0.0,0.0,0.0,0.0,0.0,0.24271622747946783,0.6189059736800271,1.1246996142837613,1.3854957924094151,1.2759426452208174,1.144097441404138,0.6454442089474344,0.681000378200949,0.7046274797171531,0.6716217008531311,0.16029501960035403,0.0,0.0,0.0,0.0,0.0,0.0,0.0
Simulation,392,0.0,0.0,0.0,0.0,0.0,0.0,0.8218083216141125,0.7685515865971354,1.0873170225934228,1.0008538673840328,1.166262155409683,1.1459258815494595,0.4987402974213123,0.2714401515323216,0.16931845556015243,0.14902780286754486,0.08053099123121207,0.0,0.0,0.0,0.0,0.0,0.0,0.0
Simulation,393,0.0,0.0,0.0,0.0,0.0,0.0,0.27813871878383856,0.6952333349934439,1.2150798738854385,0.9237485607580345,1.076655706630365,1.1281598412042517,0.6263037715622403,0.5149279868799893,0.4237230223990178,0.4751458442509126,0.23552757369597116,0.0,0.0,0.0,0.0,0.0,0.0,0.0
Simulation,394,0.0,0.0,0.0,0.0,0.0,0.0,1.1553686211152847,1.1774245980714717,1.430423905814464,1.5681312339591915,1.9682377220885194,2.021467127809634,1.3150944967630482,0.7204934530922977,0.3754240062815834,0.12936210323756703,0.0762467008085128,0.0,0.0,0.0,0.0,0.0,0.0,0.0
Simulation,395,0.0,0.0,0.0,0.0,0.0,0.0,0.20883864768577615,0.4024328304964678,0.652303623654621,0.8761868375380768,1.292201412381852,1.3118422981207165,0.3020250206435632,0.18109311091474672,0.23404672163373524,0.6799124667233846,0.21061184948743894,0.0,0.0,0.0,0.0,0.0,0.0,0.0
Simulation,396,0.0,0.0,0.0,0.0,0.0,0.0,1.0645467528849242,1.2185947365893917,1.6277630124010836,1.6641607585266276,1.697079764037455,1.5093221194957014,0.647819247236812,0.5360462140459703,0.5324423174840579,0.7485734816970739,0.1449994339657874,0.0,0.0,0.0,0.0,0.0,0.0,0.0
Simulation,397,0.0,0.0,0.0,0.0,0.0,0.0,0.38569613815472437,1.271208200358152,1.8989330227942216,1.571659249769982,1.3865827434967946,1.2935459197190289,0.6912037650482316,0.6724621681878287,0.6074835957576514,0.4884739225723923,0.09332014961891182,0.0,0.0,0.0,0.0,0.0,0.0,0.0
Simulation,398,0.0,0.0,0.0,0.0,0.0,0.0,0.8033308126167098,0.7900803929052237,1.204284708230311,1.432040459797399,1.4829796769581263,1.3184782701213562,0.5333097859707773,0.3601585886080655,0.3025486319005946,0.24317584025797845,0.07719250625881201,0.0,0.0,0.0,0.0,0.0,0.0,0.0
Simulation,399,0.0,0.0,0.0,0.0,0.0,0.0,0.4935971051233893,0.9427550775810483,1.3302624282983384,0.938513518699529,0.9436224286903758,1.0882214287668899,0.807976082462184,0.8108821694858541,0.5920362607292676,0.2786196527273809,0.08064395937400742,0.0,0.0,0.0,0.0,0.0,0.0,0.0
Simulation,400,0.0,0.0,0.0,0.0,0.0,0.0,0.5577356303485874,0.9545531464941719,1.572538815800951,1.848445318066421,2.0241496717450085,2.057620855445192,1.5734333390501458,0.9638213867609184,0.648857074046729,0.6704679032884611,0.19621960387304796,0.0,0.0,0.0,0.0,0.0,0.0,0.0
Simulation,401,0.0,0.0,0.0,0.0,0.0,0.0,0.4470104324925632,0.7913027801820612,1.2951663176479618,1.226925061725983,1.3505038464487542,1.3202578232638311,0.6078429226697504,0.423009124224282,0.3434965069139933,0.33915119836483554,0.16020985596364984,0.0,0.0,0.0,0.0,0.0,0.0,0.0
Simulation,402,0.0,0.0,0.0,0.0,0.0,0.0,0.07118563401694436,0.16570443468821583,0.2613033171479411,0.3551955770655444,0.6141414534225347,0.7392515594369946,0.22340303077528095,0.12474660735853554,0.046464966373887806,0.024472719560975298,0.06559995183877827,0.0,0.0,0.0,0.0,0.0,0.0,0.0
Simulation,403,0.0,0.0,0.0,0.0,0.0,0.0,0.5625310411351443,1.2747625199392805,1.8658697928890784,1.5988242761459859,1.5150871969808102,1.3569032033316535,0.6267210487800622,0.539694792117355,0.45988491957138605,0.41839494348053397,0.14967985705953643,0.0,0.0,0.0,0.0,0.0,0.0,0.0
Simulation,404,0.0,0.0,0.0,0.0,0.0,0.0,0.28229360975388346,0.5129295462122032,0.703418762681471,0.8354784253045598,0.8687323579088074,0.766984484989041,0.3621723974384996,0.40881827864048553,0.47913357897398984,0.6919463820149352,0.1426104508238653,0.0,0.0,0.0,0.0,0.0,0.0,0.0
Simulation,405,0.0,0.0,0.0,0.0,0.0,0.0,0.19091705895905864,0.24751955245855983,0.18461836087557482,0.24028581694621065,0.4345313406343806,0.6822270878440001,0.66473917939743,0.7541645140873837,0.776596263938133,0.6917257555239111,0.17626617959026958,0.0,0.0,0.0,0.0,0.0,0.0,0.0
Simulation,406,0.0,0.0,0.0,0.0,0.0,0.0,0.6427835862404088,0.820074105060504,1.2911529463671345,1.4207760694890064,1.3247872411438737,1.2008267599952096,0.6494047767002515,0.6379682984340886,0.6842506245471629,0.8022924127745735,0.15531772879123054,0.0,0.0,0.0,0.0,0.0,0.0,0.0
Simulation,407,0.0,0.0,0.0,0.0,0.0,0.0,0.3303195380482796,0.49602986321257514,0.6715858256059966,0.8538394371477773,1.2738671353933098,1.3894597511297988,0.7265695704871278,0.5423027161425878,0.4264176447804945,0.47907318881274785,0.19621960517895853,0.0,0.0,0.0,0.0,0.0,0.0,0.0
Simulation,408,0.0,0.0,0.0,0.0,0.0,0.0,0.3363143244760167,0.348240183681298,0.41054599521370694,0.7958555878368677,1.0949414735796663,1.103550342825826,0.4494530768799415,0.32543309838816703,0.33376823026702956,0.3945541364375135,0.09961545966020667,0.0,0.0,0.0,0.0,0.0,0.0,0.0
Simulation,409,0.0,0.0,0.0,0.0,0.0,0.0,0.06768757266434872,0.3227300702744264,0.903292518935318,1.441574232957342,1.585523811265423,1.554364590828186,0.8082935747192258,0.6985588083201487,0.4902126469146473,0.28956932457245976,0.08811707607001064,0.0,0.0,0.0,0.0,0.0,0.0,0.0
Simulation,410,0.0,0.0,0.0,0.0,0.0,0.0,1.3484251227252908,1.2080281890935498,1.3463047210062027,1.2155704706872963,1.4838831068449425,1.4926184190533642,0.6274642853899487,0.46780260806184826,0.3870218303357569,0.3329405878926712,0.08990528286814538,0.0,0.0,0.0,0.0,0.0,0.0,0.0
Simulation,411,0.0,0.0,0.0,0.0,0.0,0.0,0.40537708349625823,0.8538212434478455,1.3003029481900827,0.8309157577344658,0.7206838128878077,0.7784237078066433,0.8069237817455492,0.9729015882887848,0.7821008715923454,0.4737419318645484,0.10406643479218211,0.0,0.0,0.0,0.0,0.0,0.0,0.0
Simulation,412,0.0,0.0,0.0,0.0,0.0,0.0,0.589537125636149,1.4601659507021592,1.9331801764169507,1.593008107569675,1.352831098172769,1.3131181665225602,0.986347707742668,0.873579530936631,0.5601744560729645,0.24516262226201097,0.08784089150388226,0.0,0.0,0.0,0.0,0.0,0.0,0.0
Simulation,413,0.0,0.0,0.0,0.0,0.0,0.0,0.7847483491227047,0.8028175335245352,1.2434636722439774,1.6077398597563621,1.9701746642735425,2.0212825130645165,1.7998636994014159,1.1854202285076518,0.5674076910739784,0.16188824454511933,0.07115984895244672,0.0,0.0,0.0,0.0,0.0,0.0,0.0
Simulation,414,0.0,0.0,0.0,0.0,0.0,0.0,0.2131537272881607,0.6851015120984558,1.3065344854207093,1.2921314269304214,1.3680932215747492,1.4511952743391163,0.9564441176671109,0.7957137529147464,0.5841316672476737,0.3802181979693609,0.1600738871760899,0.0,0.0,0.0,0.0,0.0,0.0,0.0
Simulation,415,0.0,0.0,0.0,0.0,0.0,0.0,0.6192949096031704,1.1165935882632363,1.6672130864290207,1.623817564326336,1.7318730211276523,1.6156882204354654,0.6547231948435063,0.45487107924792736,0.3294933597774832,0.27547129948691074,0.10222151416015757,0.0,0.0,0.0,0.0,0.0,0.0,0.0
Simulation,416,0.0,0.0,0.0,0.0,0.0,0.0,0.11177929407920839,0.2775796649353967,0.6159598472257374,1.2319607272934459,1.8171312282946737,1.9882664436699848,1.1877642243597777,0.810974853349363,0.5357467040815499,0.3281696423542129,0.1405953109342597,0.0,0.0,0.0,0.0,0.0,0.0,0.0
Simulation,417,0.0,0.0,0.0,0.0,0.0,0.0,0.03333953329061079,0.08340394021540198,0.08298485804408573,0.10475230259869484,0.09716947784922736,0.1159767534175884,0.16201889921633056,0.18590617565411782,0.16030078284886076,0.06923953069745806,0.05897342917103242,0.0,0.0,0.0,0.0,0.0,0.0,0.0
Simulation,418,0.0,0.0,0.0,0.0,0.0,0.0,0.19022958401477752,0.5140823138025867,0.8644548214145039,0.8628956704560679,1.084792014147957,1.143340690108051,0.6818100609716485,0.538004242299087,0.3594865045264074,0.16866580936936648,0.0805289636545658,0.0,0.0,0.0,0.0,0.0,0.0,0.0
Simulation,419,0.0,0.0,0.0,0.0,0.0,0.0,0.2170275575586217,0.36160582167112043,0.7104344204759792,1.3430441863548837,1.4602063938333276,1.3291380530411745,0.6045525762861604,0.46623583993739914,0.3789515783004364,0.2761319229189786,0.0758196073333333,0.0,0.0,0.0,0.0,0.0,0.0,0.0
Simulation,420,0.0,0.0,0.0,0.0,0.0,0.0,0.2838670231654063,0.6892124623806288,1.10234030417551,1.0102333464928923,1.2219814239512208,1.3149856494914751,0.7563746746449116,0.7539758192821084,0.8727627902660711,1.6003097828186301,0.25065176172472275,0.0,0.0,0.0,0.0,0.0,0.0,0.0
Simulation,421,0.0,0.0,0.0,0.0,0.0,0.0,0.44266548610876955,1.4537658121994617,1.9611143029547176,1.979572008755635,1.8936042756486797,1.6139443860171707,1.345850988005083,1.6139200466605577,1.6434622846487639,1.502043539324447,0.1574202909486645,0.0,0.0,0.0,0.0,0.0,0.0,0.0
Simulation,422,0.0,0.0,0.0,0.0,0.0,0.0,0.331579262047919,0.7221580107680581,1.2012080263914333,1.0502388702661434,1.2902274308609318,1.328870071929523,0.6126507610480555,0.4011307137348235,0.23522859051347536,0.15483916413038815,0.0812643308030426,0.0,0.0,0.0,0.0,0.0,0.0,0.0
Simulation,423,0.0,0.0,0.0,0.0,0.0,0.0,0.48628479139372077,0.47978747446029824,0.459773060553499,0.9306128215218623,1.3564624324781196,1.6210982625194348,1.279717881119944,1.068057023475955,0.7126625899759007,0.32039231986660754,0.080247621009252,0.0,0.0,0.0,0.0,0.0,0.0,0.0
Simulation,424,0.0,0.0,0.0,0.0,0.0,0.0,0.32068379415904075,0.8705309276854027,1.5841732405830902,1.5718456298586474,1.4552940686734335,1.3289840042357175,0.8090522970110681,0.9730288070919695,1.0275758620316384,0.9678505025424611,0.16102819354640166,0.0,0.0,0.0,0.0,0.0,0.0,0.0
Simulation,425,0.0,0.0,0.0,0.0,0.0,0.0,0.15273152962904155,0.37709231343584043,0.8210424483123822,1.1556541397834341,1.1234665938605752,0.8823256990327907,0.195913045992068,0.1524347796566814,0.16537313459976039,0.19385085714089956,0.08021495784418932,0.0,0.0,0.0,0.0,0.0,0.0,0.0
Simulation,426,0.0,0.0,0.0,0.0,0.0,0.0,0.17523257724247843,0.3975189242750767,0.621219095635974,0.7072742018240588,1.1675212683867537,1.3794946766190441,0.762099030950218,0.5722005650564541,0.42082153796511823,0.32568997611135647,0.1493071707508185,0.0,0.0,0.0,0.0,0.0,0.0,0.0
Simulation,427,0.0,0.0,0.0,0.0,0.0,0.0,0.5362654520806795,0.9756633682835152,1.430381367281266,1.2615736772924935,1.308749318053746,1.295719716619109,0.6436805092675077,0.5606358854480453,0.5235141505200536,0.5597675898537766,0.12367831668539889,0.0,0.0,0.0,0.0,0.0,0.0,0.0
Simulation,428,0.0,0.0,0.0,0.0,0.0,0.0,0.02393269705152773,0.6027876202644388,1.3284516706257414,1.1003788952029234,1.061375958885441,1.0991504012828175,0.8091852217909452,0.8655942427645595,0.646861731389587,0.33633514782439167,0.14492975049092294,0.0,0.0,0.0,0.0,0.0,0.0,0.0
Simulation,429,0.0,0.0,0.0,0.0,0.0,0.0,1.2946957656005402,1.433087408037895,1.6333919528415122,1.2506404835084184,1.430731867231703,1.5839470580088764,1.1191745553901788,0.6692160018013462,0.32238892454714213,0.07585822048712976,0.06295644294510633,0.0,0.0,0.0,0.0,0.0,0.0,0.0
Simulation,430,0.0,0.0,0.0,0.0,0.0,0.0,0.33098371425311973,0.7748820648660254,1.3723916216085363,1.0311387663906701,0.9256185764362542,0.6821350873783519,0.13153250855139337,0.08536170363844447,0.1353155357080907,0.32407229405227495,0.19217381916342388,0.0,0.0,0.0,0.0,0.0,0.0,0.0
Simulation,431,0.0,0.0,0.0,0.0,0.0,0.0,0.3500794331031126,0.8040660804064356,1.3065131578130038,1.2124399094875111,1.3201541439193443,1.5707683333447946,1.7524034276643738,1.715267482625144,1.269049024576662,0.5548592840205355,0.16023352945662866,0.0,0.0,0.0,0.0,0.0,0.0,0.0
Simulation,432,0.0,0.0,0.0,0.0,0.0,0.0,0.2136972203459538,0.5301331184087076,0.8911404617318754,0.9839311908875443,1.3178461100387773,1.483046848323776,0.6902567660254554,0.420103023538037,0.21700531780173604,0.17412193581153504,0.08883698928075537,0.0,0.0,0.0,0.0,0.0,0.0,0.0
Simulation,433,0.0,0.0,0.0,0.0,0.0,0.0,0.21342078313481194,0.4226036128313452,0.7295601997368124,1.0229326124262001,1.288236480241593,1.3124344016542149,0.5889298142581885,0.37595957673919056,0.24505306992493384,0.17369367139775221,0.08216388841322309,0.0,0.0,0.0,0.0,0.0,0.0,0.0
Simulation,434,0.0,0.0,0.0,0.0,0.0,0.0,0.7442910310738037,0.9050757354788566,1.421737375061468,1.531011292895394,1.5948380685055503,1.4457541677194967,0.5052211149476612,0.2962377316823731,0.2099805684418495,0.2132858992994104,0.08100493162563042,0.0,0.0,0.0,0.0,0.0,0.0,0.0
Simulation,435,0.0,0.0,0.0,0.0,0.0,0.0,0.7925807834996226,0.8557406746381843,1.342035685138912,1.518816892008958,1.2919376653763535,1.1382821733473274,0.7694259082929542,0.7667630565220613,0.5876809773464736,0.2246449846137658,0.054112565043280395,0.0,0.0,0.0,0.0,0.0,0.0,0.0
Simulation,436,0.0,0.0,0.0,0.0,0.0,0.0,0.28399461436946666,0.6284378313175265,0.8229801723764898,0.5055117167998463,0.8993670948462864,1.1626484143815803,0.5987283955251057,0.33110078794672476,0.1657822627766296,0.11707065050319948,0.09765416911193107,0.0,0.0,0.0,0.0,0.0,0.0,0.0
Simulation,437,0.0,0.0,0.0,0.0,0.0,0.0,0.47663611760395325,0.7503704408270714,1.0083473030898797,0.7653155658928994,0.9495128997949617,1.0461868932802267,0.4657143520029237,0.341209674884922,0.3004178304104072,0.31845537656441725,0.09145294066666661,0.0,0.0,0.0,0.0,0.0,0.0,0.0
Simulation,438,0.0,0.0,0.0,0.0,0.0,0.0,0.14090605496037434,0.4131335630711216,0.8209348246728834,1.1588095810030816,1.2763788397862104,1.292055186974562,0.7189797116136516,0.7060688439796758,0.7194011990939777,0.9177177224699236,0.23579249873263386,0.0,0.0,0.0,0.0,0.0,0.0,0.0
Simulation,439,0.0,0.0,0.0,0.0,0.0,0.0,0.25316168021397684,0.6300892975996021,1.0723279012068616,1.2917548769080136,1.3622024227928247,1.3723804211162656,0.8803464885080544,0.8582540831137044,0.7286563541632147,0.4622164544130144,0.12882591902999155,0.0,0.0,0.0,0.0,0.0,0.0,0.0
Simulation,440,0.0,0.0,0.0,0.0,0.0,0.0,0.2783520002488715,0.6846536717816553,1.1565459115440646,1.0211022336446347,1.1772016277001434,1.174601221623988,0.5191180841442959,0.3964752772848339,0.36356198009370994,0.4188254892520381,0.16639829270479278,0.0,0.0,0.0,0.0,0.0,0.0,0.0
Simulation,441,0.0,0.0,0.0,0.0,0.0,0.0,0.33147671194763373,0.6560597762277002,0.8931537172414772,0.835471977465776,1.018624051756684,0.9314376764557354,0.28562157116534626,0.24445956440258743,0.31780643422478067,0.6128072207537378,0.22850414209881864,0.0,0.0,0.0,0.0,0.0,0.0,0.0
Simulation,442,0.0,0.0,0.0,0.0,0.0,0.0,0.2816057874671052,0.37676547369209173,0.807018918665469,1.6640346165652433,1.6302158735136933,1.2939158324223825,0.48703106087720427,0.45844096015939423,0.5439111097334424,0.8105371780047492,0.09142169510562571,0.0,0.0,0.0,0.0,0.0,0.0,0.0
Simulation,443,0.0,0.0,0.0,0.0,0.0,0.0,0.3360514265541852,0.608557383188362,0.8084758178175283,0.8685614545404545,1.1559902034506437,1.3287428451858632,1.1332735860884806,0.9653315564988646,0.5872879248120617,0.2546591644500633,0.07352410446534123,0.0,0.0,0.0,0.0,0.0,0.0,0.0
Simulation,444,0.0,0.0,0.0,0.0,0.0,0.0,1.0449763214670018,1.8027410589428992,2.046378207942842,1.9067538824628782,1.9554257880652217,1.897316695497988,0.7415689362944244,0.4360528152741239,0.20095229021711825,0.0946690947456506,0.08071960737585393,0.0,0.0,0.0,0.0,0.0,0.0,0.0
Simulation,445,0.0,0.0,0.0,0.0,0.0,0.0,0.1844600103971664,0.3958719406368738,0.6096250329119288,0.3363122375881522,0.747257633748535,1.0135247869738264,0.35398487438100223,0.12106021264980621,0.022530769973072795,0.05407626202823801,0.10073261330113817,0.0,0.0,0.0,0.0,0.0,0.0,0.0
Simulation,446,0.0,0.0,0.0,0.0,0.0,0.0,0.12319629368495136,0.46740918252908326,0.9042323434619943,1.1895135974118807,1.3694593504949641,1.4512207728849627,0.8383169913587462,0.789326502219384,0.676433878022882,0.4794253409839214,0.10612319120752318,0.0,0.0,0.0,0.0,0.0,0.0,0.0
Simulation,447,0.0,0.0,0.0,0.0,0.0,0.0,0.5610459663028574,0.7634006699506394,0.9725107279281997,0.4890605975734408,0.7628149038511973,0.9423954859104811,0.4514419331898158,0.2516125521610949,0.1674405257598113,0.22145977080700857,0.15674454406914973,0.0,0.0,0.0,0.0,0.0,0.0,0.0
Simulation,448,0.0,0.0,0.0,0.0,0.0,0.0,0.40181893523455503,0.7258132930477112,1.2206158175097996,1.4374907990445867,1.7156324940381957,1.8137219366969137,0.8335519164289995,0.5709984792113205,0.4211697432151999,0.35965098078400937,0.18044848216551163,0.0,0.0,0.0,0.0,0.0,0.0,0.0
Simulation,449,0.0,0.0,0.0,0.0,0.0,0.0,0.0344326343473389,0.4736854237253131,0.9800931787888252,0.6638261857566281,0.931557867648684,1.1435266103234034,0.6402026718296229,0.512549987057005,0.3866975615513474,0.33833972818825964,0.18951935573281783,0.0,0.0,0.0,0.0,0.0,0.0,0.0
Simulation,450,0.0,0.0,0.0,0.0,0.0,0.0,0.4822760409772734,0.5138203544961966,0.6473824102162449,1.256409799275073,1.9517316244465535,2.0068440610878806,0.8673065854334316,0.5036905902393736,0.3353953545039909,0.3167437456913592,0.08926716685747581,0.0,0.0,0.0,0.0,0.0,0.0,0.0
Simulation,451,0.0,0.0,0.0,0.0,0.0,0.0,0.06824637199236949,0.04566987539515377,0.056646946735239734,0.11215804593856538,0.44172776429017435,0.6136592372964472,0.21572468975361342,0.08567323271313249,0.02698339546151829,0.01584564720385978,0.05926157257596794,0.0,0.0,0.0,0.0,0.0,0.0,0.0
Simulation,452,0.0,0.0,0.0,0.0,0.0,0.0,0.4769345159544983,1.0551871313651187,1.6298248502940056,1.3234215660352409,1.2874050045692569,1.098138324533406,0.18021802653368807,0.09950918238948614,0.1347285626747339,0.3067456191416819,0.16030778050414074,0.0,0.0,0.0,0.0,0.0,0.0,0.0
Simulation,453,0.0,0.0,0.0,0.0,0.0,0.0,0.11800826900606484,0.4784386777788749,0.8215463121783386,0.4968927605052964,0.5165647037151158,0.49871849752512754,0.23004201328989954,0.17941297429195519,0.13822112081190804,0.11417626083339674,0.07692443756532832,0.0,0.0,0.0,0.0,0.0,0.0,0.0
Simulation,454,0.0,0.0,0.0,0.0,0.0,0.0,0.4286206293478267,0.7956262340251585,1.2300768038966683,1.0020236045792996,1.0601793693864046,1.0889507579065743,0.6906236068405307,0.5964841748062046,0.4211712970373761,0.17604996498159242,0.07609185234593012,0.0,0.0,0.0,0.0,0.0,0.0,0.0
Simulation,455,0.0,0.0,0.0,0.0,0.0,0.0,0.6608437988431572,0.9968844110211572,1.2511081976380152,0.6029448466212908,0.45334397696424056,0.46418800786320236,0.5907593847358016,0.6212923795722562,0.648507494695818,0.680184594733602,0.179151155273433,0.0,0.0,0.0,0.0,0.0,0.0,0.0
Simulation,456,0.0,0.0,0.0,0.0,0.0,0.0,0.15657070457308755,0.24142326445105977,0.34946004076342674,0.5044057883842875,0.7372270422000282,0.7927660773239776,0.370935452680929,0.3170842400865266,0.30196595913280433,0.31137500026652376,0.09201759185830918,0.0,0.0,0.0,0.0,0.0,0.0,0.0
Simulation,457,0.0,0.0,0.0,0.0,0.0,0.0,0.33756453156107913,0.6568616389727027,0.9876537165468211,1.02428220584822,0.7253712876673657,0.4924749808596046,0.637712061199668,0.873626741737548,1.034293386664715,0.7849342417638168,0.0989504957717381,0.0,0.0,0.0,0.0,0.0,0.0,0.0
Simulation,458,0.0,0.0,0.0,0.0,0.0,0.0,0.801589893026796,1.1859241179773186,1.6189862713767176,1.4760201816670158,1.4392748329993406,1.2193414734002574,0.3886698293673251,0.31334790361867126,0.3832354654746081,0.7426945064909953,0.19626717670809912,0.0,0.0,0.0,0.0,0.0,0.0,0.0
Simulation,459,0.0,0.0,0.0,0.0,0.0,0.0,0.24019529677496643,0.3098185539000216,0.5907266759520897,1.1791310950998768,1.5514639568937285,1.5370959441166572,0.5869662006739815,0.3339649575288155,0.2239174611284681,0.20710125087645642,0.08713703545999298,0.0,0.0,0.0,0.0,0.0,0.0,0.0
Simulation,460,0.0,0.0,0.0,0.0,0.0,0.0,0.13916933174250248,0.12570430369219798,0.16065607422341555,0.771091374868941,1.4217317711628512,1.6907873027145617,0.7217855716870414,0.4045593402532969,0.188842774311563,0.09241150148902028,0.07079044845909041,0.0,0.0,0.0,0.0,0.0,0.0,0.0
Simulation,461,0.0,0.0,0.0,0.0,0.0,0.0,0.33578342568945235,0.7505278375432096,1.3412756492601356,1.5648523607901472,1.6552047725599304,1.7053175285656401,1.1471359584813037,0.8717027126436492,0.5871435082666345,0.3466470835173132,0.14287714511489014,0.0,0.0,0.0,0.0,0.0,0.0,0.0
Simulation,462,0.0,0.0,0.0,0.0,0.0,0.0,0.331923327837662,1.1299027676209061,1.6185156480653498,0.9366013300970405,0.792079219619896,0.7896721580783748,0.6558205582917385,0.7299433568389023,0.6411153487133328,0.3352128451876245,0.07731795682906036,0.0,0.0,0.0,0.0,0.0,0.0,0.0
Simulation,463,0.0,0.0,0.0,0.0,0.0,0.0,0.4290963897657589,0.871441997042276,1.5835767171594495,1.5722126802069218,1.5368298058834122,1.4515544817698902,0.8907703233328848,0.7082346864195761,0.48666152485324377,0.3245559427513183,0.1328651305708323,0.0,0.0,0.0,0.0,0.0,0.0,0.0
Simulation,464,0.0,0.0,0.0,0.0,0.0,0.0,1.2409185668861602,1.0644361860189442,1.3262727609438374,1.2600248789366744,1.0845139629671146,0.782324735494366,0.5163068210098463,0.5500749149206681,0.6064846618539086,0.43981606035083654,0.07318031159568907,0.0,0.0,0.0,0.0,0.0,0.0,0.0
Simulation,465,0.0,0.0,0.0,0.0,0.0,0.0,0.26357343867995314,0.7783577346221959,1.518269834534173,1.7703972148293232,1.8105788890684917,1.940710367509121,2.0037591614560073,1.9807162780894125,1.8140507558462455,0.7544971936453008,0.1603937289115181,0.0,0.0,0.0,0.0,0.0,0.0,0.0
Simulation,466,0.0,0.0,0.0,0.0,0.0,0.0,0.3265073982003417,0.31932487439713664,0.3062688860588586,0.397023393564506,0.7761015241106524,0.9552502494391155,0.4482247934903141,0.24041886013104413,0.13947434894290084,0.11530573367653926,0.08064897298660238,0.0,0.0,0.0,0.0,0.0,0.0,0.0
Simulation,467,0.0,0.0,0.0,0.0,0.0,0.0,0.36690934581591267,0.6691569033351322,0.9241011205255718,0.8374670715282826,0.8797394106986086,0.8899432814749018,0.5862698585401027,0.4651265161121577,0.3199707128911772,0.13853638795551015,0.058826907662041364,0.0,0.0,0.0,0.0,0.0,0.0,0.0
Simulation,468,0.0,0.0,0.0,0.0,0.0,0.0,0.329807825178826,1.1185032202498149,1.677949814629491,1.128167157073596,1.2903484679283745,1.2961905055177319,0.41200963555866676,0.24292746789953273,0.19052298211936983,0.3389812977850425,0.234983428413378,0.0,0.0,0.0,0.0,0.0,0.0,0.0
Simulation,469,0.0,0.0,0.0,0.0,0.0,0.0,1.1185546337124255,1.7530986490727627,1.9503906600483398,1.7560304881809223,1.9173075269950015,1.9754671545414162,1.7331991043894592,1.51323481739092,0.7776074767219372,0.2821214112363373,0.08776226101434534,0.0,0.0,0.0,0.0,0.0,0.0,0.0
Simulation,470,0.0,0.0,0.0,0.0,0.0,0.0,1.020351604295071,1.4528080603024907,1.7039753477541786,1.3755172987962472,1.1750248885894674,0.9981903119475452,0.5192450517354372,0.511569209281711,0.5325768493161674,0.428512746872033,0.12515029081723397,0.0,0.0,0.0,0.0,0.0,0.0,0.0
Simulation,471,0.0,0.0,0.0,0.0,0.0,0.0,0.28485649582811906,1.0608166898435507,1.7609754007290968,1.1556782144398123,0.8991796477193721,0.6309901353882841,0.16271660031553065,0.15161022799838397,0.155311626938847,0.14788800116196482,0.08698049835680771,0.0,0.0,0.0,0.0,0.0,0.0,0.0
Simulation,472,0.0,0.0,0.0,0.0,0.0,0.0,0.3102885689886074,0.4016563716662407,0.6561818155254122,1.0564007304587708,1.4652435570282902,1.5695902301805003,0.5815333672495088,0.24211615617852122,0.09388357002634934,0.050622981624603935,0.07041471904144912,0.0,0.0,0.0,0.0,0.0,0.0,0.0
Simulation,473,0.0,0.0,0.0,0.0,0.0,0.0,0.9777115859981396,1.7381108298315828,1.9374776040017947,1.2446145493773004,1.0164697069131474,0.8635050332086391,0.5542863964203869,0.5055041414185113,0.41005872663803633,0.24453052310426449,0.0786427762750022,0.0,0.0,0.0,0.0,0.0,0.0,0.0
Simulation,474,0.0,0.0,0.0,0.0,0.0,0.0,0.31181451948010686,0.5804762676477505,0.859590318216204,1.1716001944113323,1.1225120905326702,1.054649391318519,0.7089655558398044,0.8574184031462561,0.8805116436674365,0.41665046770404235,0.07695937693692718,0.0,0.0,0.0,0.0,0.0,0.0,0.0
Simulation,475,0.0,0.0,0.0,0.0,0.0,0.0,0.30721965434487514,0.42448279711799264,0.5504016814209522,0.7419613296286632,1.1549462333863412,1.318508427905401,0.6970688623560882,0.5107962109727365,0.4094865558877728,0.3889034620118087,0.14950513066048404,0.0,0.0,0.0,0.0,0.0,0.0,0.0
Simulation,476,0.0,0.0,0.0,0.0,0.0,0.0,0.9886836534282395,1.0623989372707863,1.4303337035345056,1.5695619248190522,1.7962831280823333,1.85803176991499,1.307799522915191,0.9717909952063677,0.5612466505614062,0.22226554890745698,0.07387248830336499,0.0,0.0,0.0,0.0,0.0,0.0,0.0
Simulation,477,0.0,0.0,0.0,0.0,0.0,0.0,0.28658014061667275,0.7944742427008404,1.333115806278075,0.9828507777387395,1.1007543401844881,1.2717829370432192,1.1648039290014518,1.0798501647531864,0.6760042622671787,0.31858852665481224,0.119043304106138,0.0,0.0,0.0,0.0,0.0,0.0,0.0
Simulation,478,0.0,0.0,0.0,0.0,0.0,0.0,0.4027637483230808,0.6850991517961471,0.9833972070861746,1.0718381479957202,1.2521328968833199,1.3236213399698165,1.087865499116004,1.094296686984785,0.9362086171524671,0.6439933095377699,0.09762553863712779,0.0,0.0,0.0,0.0,0.0,0.0,0.0
Simulation,479,0.0,0.0,0.0,0.0,0.0,0.0,0.3380032781891718,0.18943129966176564,0.08000059701197271,0.06368751852846055,0.2984301754042934,0.5039981967815087,0.36821421874397164,0.29330767965660015,0.2435409826842405,0.2533835187221532,0.088433769962487,0.0,0.0,0.0,0.0,0.0,0.0,0.0
Simulation,480,0.0,0.0,0.0,0.0,0.0,0.0,0.6624582178754055,0.8698969571779306,1.3345239273841196,1.2090430832829473,1.2647892324493546,1.1016823610721813,0.21942442090603104,0.14293786490459726,0.16312374429274218,0.28084767490761736,0.08354352370675577,0.0,0.0,0.0,0.0,0.0,0.0,0.0
Simulation,481,0.0,0.0,0.0,0.0,0.0,0.0,0.2639270974485015,0.32300366431808886,0.3916667282618874,0.9642625747371772,1.2543659821822721,1.2219603760652602,0.5407518285012418,0.5111960812304406,0.6321178192408266,0.9256192965554484,0.12850531810020946,0.0,0.0,0.0,0.0,0.0,0.0,0.0
Simulation,482,0.0,0.0,0.0,0.0,0.0,0.0,0.18416190202593746,0.39168273858981933,0.5750582865857581,0.4661639972851189,0.5376521766626781,0.5742675364762326,0.3481267752271232,0.33968514635242997,0.3876275704552731,0.6187142444621516,0.19701809730712805,0.0,0.0,0.0,0.0,0.0,0.0,0.0
Simulation,483,0.0,0.0,0.0,0.0,0.0,0.0,0.0677591237521658,0.22877860724834703,0.629756678138868,1.1814760598538812,1.3819037870617477,1.4859774550047047,1.1227077751011598,1.1536925135656615,0.9917045115700511,0.5936194114537523,0.08978845541214016,0.0,0.0,0.0,0.0,0.0,0.0,0.0
Simulation,484,0.0,0.0,0.0,0.0,0.0,0.0,0.6349264109249102,0.966205938376935,1.5388221914731797,1.7846708534472213,1.9198734746913768,1.9585607678261832,1.6723999251692425,1.5140344720849277,0.8815790584800389,0.3041332574810609,0.08215033567763155,0.0,0.0,0.0,0.0,0.0,0.0,0.0
Simulation,485,0.0,0.0,0.0,0.0,0.0,0.0,0.9765720780710849,1.244656477045774,1.756322455552926,1.8423953410357758,1.854413514387257,1.6053670193536953,0.704945262715242,0.6420890786589164,0.7224430245726516,1.3242099970846815,0.21808493749465346,0.0,0.0,0.0,0.0,0.0,0.0,0.0
Simulation,486,0.0,0.0,0.0,0.0,0.0,0.0,0.094545838367467,0.5866338996224398,1.092569200743753,0.8514793623204662,1.0981757310674742,1.315247933632963,1.0248415242830655,0.7363719687683014,0.3626356784983104,0.07360803296388693,0.07627304280062776,0.0,0.0,0.0,0.0,0.0,0.0,0.0
Simulation,487,0.0,0.0,0.0,0.0,0.0,0.0,0.6168364461049253,0.7947440401042615,1.0321688155921882,0.8021065111399424,1.146846001593668,1.3372643928108927,0.7982365489684213,0.6229571056404292,0.4606048808966675,0.39133591334751716,0.17182489262177922,0.0,0.0,0.0,0.0,0.0,0.0,0.0
Simulation,488,0.0,0.0,0.0,0.0,0.0,0.0,0.7191738787150405,1.1369600066485872,1.6294332416585635,1.682974879922405,1.8116048882636095,1.8277658062122324,1.1212351354135484,0.8571340985508562,0.6670710100211279,0.5892360886055125,0.1962196028634903,0.0,0.0,0.0,0.0,0.0,0.0,0.0
Simulation,489,0.0,0.0,0.0,0.0,0.0,0.0,0.19886118956608873,0.34076220628135195,0.603170091160793,0.9315558102377257,1.1180815631148526,1.112140995862804,0.5866706167686305,0.5128951198663191,0.4752100654528082,0.4008711523072515,0.09207019102002159,0.0,0.0,0.0,0.0,0.0,0.0,0.0
Simulation,490,0.0,0.0,0.0,0.0,0.0,0.0,0.26152188753718286,0.8239269624562887,1.5922985765640267,1.6077767642188625,1.9509290394054968,2.0131172552395973,1.6357507755841973,1.1363862519896393,0.6706846322192703,0.42097602701380643,0.210685064089064,0.0,0.0,0.0,0.0,0.0,0.0,0.0
Simulation,491,0.0,0.0,0.0,0.0,0.0,0.0,0.3711628620917346,0.7364480906740265,0.9851063035130434,0.6166339077240163,0.7587168424235842,0.8905850581347057,0.6047680701151569,0.5485717757028975,0.5472120299024916,0.785698058506592,0.2506207206063164,0.0,0.0,0.0,0.0,0.0,0.0,0.0
Simulation,492,0.0,0.0,0.0,0.0,0.0,0.0,0.3645410115632415,0.3848822601597302,0.2824464697914545,0.3825483321811124,0.7203384051169048,0.7841479048185783,0.3036335471311401,0.2443081046067429,0.28393887145680746,0.3604035063743316,0.0904358559401046,0.0,0.0,0.0,0.0,0.0,0.0,0.0
Simulation,493,0.0,0.0,0.0,0.0,0.0,0.0,0.8032969940888515,0.940693067162498,1.4307177945724017,1.622635343076833,1.610758216891368,1.3554687787997186,0.5096874988107962,0.41650349207691056,0.4497290772627828,0.7978500774744608,0.14164409247261717,0.0,0.0,0.0,0.0,0.0,0.0,0.0
Simulation,494,0.0,0.0,0.0,0.0,0.0,0.0,0.2303274371439865,0.38991555396434074,0.5621296825653279,0.6819082921012505,1.1278044241983762,1.2983726149808814,0.612585724219982,0.3614584488240925,0.1707649218487885,0.06496405532386887,0.07021628287937387,0.0,0.0,0.0,0.0,0.0,0.0,0.0
Simulation,495,0.0,0.0,0.0,0.0,0.0,0.0,0.2681626214226151,0.3200459227777407,0.4654885272548235,0.7958409025520932,0.7049664285234145,0.5345150718869582,0.516620688716219,0.5487774386261686,0.5446148805907174,0.3404155314483849,0.07719872456334277,0.0,0.0,0.0,0.0,0.0,0.0,0.0
Simulation,496,0.0,0.0,0.0,0.0,0.0,0.0,0.35146662894052283,0.5745975925200543,0.5698377654782548,0.32513020580423946,0.4623128105043951,0.7468696830342185,0.6914636967447403,0.6242093323754977,0.5134384068931195,0.41330547035920673,0.16256612870384513,0.0,0.0,0.0,0.0,0.0,0.0,0.0
Simulation,497,0.0,0.0,0.0,0.0,0.0,0.0,0.28717709143332815,0.7696274622098976,1.3757083959372862,1.2512754292071842,1.1711738213064031,1.0574974485236497,0.3893677305900025,0.34583069687878937,0.3322591681839055,0.2831140388015629,0.0898196069114664,0.0,0.0,0.0,0.0,0.0,0.0,0.0
Simulation,498,0.0,0.0,0.0,0.0,0.0,0.0,0.2869155712262747,0.5413358449243182,0.705098902191317,0.5681702140441625,0.6804275095196934,0.7326065000113158,0.4702927751174667,0.4196170475814265,0.4011058287470979,0.34369924847163386,0.12912591356271755,0.0,0.0,0.0,0.0,0.0,0.0,0.0
Simulation,499,0.0,0.0,0.0,0.0,0.0,0.0,0.45261891323340175,0.2603493111351541,0.16909920083359153,0.6841599488206618,1.1858909702618832,1.463369423928882,1.5600883565748176,1.4458048310924299,1.1947184123455943,0.9234464633544305,0.19735574987516263,0.0,0.0,0.0,0.0,0.0,0.0,0.0
Simulation,500,0.0,0.0,0.0,0.0,0.0,0.0,0.3665755856139247,0.6606491229933593,0.9364108072802082,1.0336626669899232,1.1058264289393238,1.111407009701767,0.7351926127898072,0.7349251037413618,0.7460537034900123,0.9206123908469063,0.23307378949252044,0.0,0.0,0.0,0.0,0.0,0.0,0.0
Simulation,501,0.0,0.0,0.0,0.0,0.0,0.0,0.150146033027864,0.7014043224502352,1.34126235132403,1.0946080328217846,0.8678655342220933,0.6907749496003757,0.500608402819655,0.5740960072857246,0.6013897419652999,0.3803773523417633,0.0891020551771229,0.0,0.0,0.0,0.0,0.0,0.0,0.0
Simulation,502,0.0,0.0,0.0,0.0,0.0,0.0,0.5177909143619506,1.4408292381968906,1.6333219276736273,0.6795324291789113,0.9060202108932436,1.1711241565194506,0.7198057871816341,0.5458043116124454,0.3433233239429846,0.21232060831287178,0.097692740262043,0.0,0.0,0.0,0.0,0.0,0.0,0.0
Simulation,503,0.0,0.0,0.0,0.0,0.0,0.0,0.6533248817077779,0.8233404824980608,1.1278471501809022,0.8366570656827896,1.1249060998866642,1.2631066889762892,0.7200763929984796,0.5602833533049877,0.42616340810004205,0.34977598726967873,0.13354563980147904,0.0,0.0,0.0,0.0,0.0,0.0,0.0
Simulation,504,0.0,0.0,0.0,0.0,0.0,0.0,0.2832752150206337,0.3450792706791855,0.7178229882322642,1.7129426390101763,1.932971860161054,1.6991320264689707,0.6175259125821116,0.42188679933799694,0.33219672594969524,0.21918992601421972,0.07416401302734348,0.0,0.0,0.0,0.0,0.0,0.0,0.0
Simulation,505,0.0,0.0,0.0,0.0,0.0,0.0,0.36805917896876217,0.7180839183264516,1.2296985859726852,1.4328584355674803,1.3566508121092125,1.1690443400816688,0.45547139633857303,0.3678700335029254,0.33164491271914653,0.2153113799624282,0.05696725101145232,0.0,0.0,0.0,0.0,0.0,0.0,0.0
Simulation,506,0.0,0.0,0.0,0.0,0.0,0.0,0.9670004091541375,1.2359955555916766,1.5031461429697488,1.3668317191187214,1.9530422273457289,2.026698993146649,1.1862226451528728,0.6344004101947656,0.4058342370782233,0.35602147424088193,0.17451915313738692,0.0,0.0,0.0,0.0,0.0,0.0,0.0
Simulation,507,0.0,0.0,0.0,0.0,0.0,0.0,0.33760122101406576,0.6025414385471403,0.6870373675586849,0.5076529985518672,0.7246383888842564,0.8446223660907759,0.4657966803888221,0.3637836079570748,0.3179369385806437,0.28151497705505496,0.0922972313511786,0.0,0.0,0.0,0.0,0.0,0.0,0.0
Simulation,508,0.0,0.0,0.0,0.0,0.0,0.0,0.10067703888455631,0.8015476867948303,1.6308357474509259,0.9990299664375711,0.8722329454019635,0.8162437468466275,0.2833742045697016,0.20829316568994788,0.16870148185918257,0.24153019862351888,0.1962196036692473,0.0,0.0,0.0,0.0,0.0,0.0,0.0
Simulation,509,0.0,0.0,0.0,0.0,0.0,0.0,1.2448519029054401,1.4062925396450408,1.5385991815073372,1.0384078064720297,0.9270554391607624,0.800262057799449,0.49481377495598616,0.506659329676687,0.5666011747471865,0.8610420711777355,0.15870683239123642,0.0,0.0,0.0,0.0,0.0,0.0,0.0
Simulation,510,0.0,0.0,0.0,0.0,0.0,0.0,0.38265400956665524,0.6776871839723699,1.127708718563487,1.3901896598435501,1.3681323116557778,1.162129121849775,0.34428861097578467,0.29490996745970066,0.35938581325805813,0.5283975581228172,0.09714790653547793,0.0,0.0,0.0,0.0,0.0,0.0,0.0
Simulation,511,0.0,0.0,0.0,0.0,0.0,0.0,0.7880214938174985,0.7696921327429547,1.1236963223762753,1.3114008615544015,1.309039422488674,1.28746375438422,0.9002124834099424,0.8601192726336593,0.7571321108588843,0.5460801817336371,0.09141738041255622,0.0,0.0,0.0,0.0,0.0,0.0,0.0
Simulation,512,0.0,0.0,0.0,0.0,0.0,0.0,0.29804589102551304,0.8071959574213781,1.4304557315167858,0.9068619821888223,0.5158087209147334,0.256391656253642,0.14461440736719794,0.18272031912426578,0.22367611626478898,0.30329171713443914,0.09751610808244981,0.0,0.0,0.0,0.0,0.0,0.0,0.0
Simulation,513,0.0,0.0,0.0,0.0,0.0,0.0,0.24504235232711397,0.46656706357702,0.6676726138319151,1.0345686668109981,1.3799470089609542,1.593538580347695,0.9730810630383921,0.9589424057807241,0.948850440143987,1.1674442307880586,0.19621960609736533,0.0,0.0,0.0,0.0,0.0,0.0,0.0
Simulation,514,0.0,0.0,0.0,0.0,0.0,0.0,0.2849883033490252,0.8552207508097787,1.8062808447581584,1.9055713078263918,1.9703660073661355,1.9100312807358333,0.6990255903688719,0.4844318432072208,0.3242709215619359,0.21711969229775774,0.08158169248551603,0.0,0.0,0.0,0.0,0.0,0.0,0.0
Simulation,515,0.0,0.0,0.0,0.0,0.0,0.0,0.12539901213365987,0.6678288018279093,1.3072931648814574,1.2876988865138137,1.2518307897653753,1.174192013828955,0.6953791111712588,0.6605338870483592,0.4879940354063938,0.2759880829969607,0.07623683131960148,0.0,0.0,0.0,0.0,0.0,0.0,0.0
Simulation,516,0.0,0.0,0.0,0.0,0.0,0.0,0.33548858590024266,0.5257852124448832,0.7179320875382189,1.113902284129031,1.317516053519354,1.3890257709182858,0.9053891949283889,0.7974689716175336,0.6773000188059932,0.5032015073026647,0.10953100154126075,0.0,0.0,0.0,0.0,0.0,0.0,0.0
Simulation,517,0.0,0.0,0.0,0.0,0.0,0.0,0.1914124781635529,0.4351375013022538,0.8810975600984418,1.0179330015130177,0.7208239203588507,0.35608304893626286,0.30360273769116125,0.37602049483673505,0.4212705197614765,0.34289262217751343,0.08735963738925208,0.0,0.0,0.0,0.0,0.0,0.0,0.0
Simulation,518,0.0,0.0,0.0,0.0,0.0,0.0,0.3827931952454009,0.6860017049115675,0.8664978698570234,0.48266790659006586,0.526684454826621,0.5873407324245,0.3583866828883335,0.32379030160635175,0.3205566001481526,0.32454488297458606,0.09094006052468946,0.0,0.0,0.0,0.0,0.0,0.0,0.0
Simulation,519,0.0,0.0,0.0,0.0,0.0,0.0,1.4440641120096678,1.452843891164501,1.5682825850769377,0.8540825781588144,0.7069016431321475,0.6092657292363146,0.6014713106250362,0.5099323268815942,0.37194313967852244,0.20791691952561564,0.08071960737647813,0.0,0.0,0.0,0.0,0.0,0.0,0.0
Simulation,520,0.0,0.0,0.0,0.0,0.0,0.0,0.08175202258747963,0.32902964818100155,0.7393085967158624,1.1548233917558088,1.4294571278428172,1.7238163235679842,1.7337250234298762,1.5723335948534978,0.8339057819523741,0.23692682380428398,0.0799362849683768,0.0,0.0,0.0,0.0,0.0,0.0,0.0
Simulation,521,0.0,0.0,0.0,0.0,0.0,0.0,0.15674331260108665,0.14533232718766487,0.08177917290861891,0.017845584062814335,0.13812128300491167,0.4933376688720975,0.48918408965762833,0.24586942157639446,0.044571963606853615,0.0,0.05585693839820398,0.0,0.0,0.0,0.0,0.0,0.0,0.0
Simulation,522,0.0,0.0,0.0,0.0,0.0,0.0,0.33749841932156666,0.547059286846289,0.7368333145474358,0.8986845342029962,0.8620826510511669,0.6978776190750651,0.3817101221874573,0.36315173214162133,0.3284001712551856,0.1497767282894938,0.058742243446302606,0.0,0.0,0.0,0.0,0.0,0.0,0.0
Simulation,523,0.0,0.0,0.0,0.0,0.0,0.0,0.2783512103454814,0.6154205034681145,0.9746138746922892,1.144186408703509,1.2290096674999333,1.3123257889701416,1.3317980461367172,1.539441617735226,1.426559278199,1.0656673794891676,0.19297975228030206,0.0,0.0,0.0,0.0,0.0,0.0,0.0
Simulation,524,0.0,0.0,0.0,0.0,0.0,0.0,0.2474401064119106,0.3811920772886058,0.6532368843718118,1.037691683691826,1.1943108778022462,1.217270166448466,0.8521653624282006,0.8741829385767412,0.8725344153383503,0.8618935117754978,0.1938931093849952,0.0,0.0,0.0,0.0,0.0,0.0,0.0
Simulation,525,0.0,0.0,0.0,0.0,0.0,0.0,0.05495120923976371,0.34797824027324087,0.8891712671166736,0.8274179473589888,0.7565920185303763,0.6337835350166601,0.3025069434403305,0.22130624621046502,0.15963865346513734,0.11492519761032916,0.08803433435124641,0.0,0.0,0.0,0.0,0.0,0.0,0.0
Simulation,526,0.0,0.0,0.0,0.0,0.0,0.0,0.07695728919480041,0.5037437718154676,1.2416986804686458,1.6588310254490077,1.409293097029141,1.2725863231435512,0.7454540303146707,0.732769947928978,0.5622037689635238,0.2601955210791514,0.09115196796663799,0.0,0.0,0.0,0.0,0.0,0.0,0.0
Simulation,527,0.0,0.0,0.0,0.0,0.0,0.0,0.3437403344691987,0.3590236099768409,0.3813987332732045,0.9182293552560571,1.506651107751818,1.6853818371684643,0.7827087520230659,0.6150773744973528,0.6024353949686387,0.9895758023546152,0.16210948198778427,0.0,0.0,0.0,0.0,0.0,0.0,0.0
Simulation,528,0.0,0.0,0.0,0.0,0.0,0.0,0.33594901011376227,1.1984891786052843,1.7593474625581567,1.0340944472422213,0.8804110416034545,0.9284284773118385,0.742105231253957,0.7700592980664517,0.6547606320036119,0.5279641420632933,0.1962196033512663,0.0,0.0,0.0,0.0,0.0,0.0,0.0
Simulation,529,0.0,0.0,0.0,0.0,0.0,0.0,0.6775816274565761,0.8133986374523547,1.240398284454446,1.2505518940126867,1.3613927579431673,1.4118187867534044,0.985710619876863,0.7962030883705238,0.5457826575121835,0.28013660928308187,0.0806336459167886,0.0,0.0,0.0,0.0,0.0,0.0,0.0
Simulation,530,0.0,0.0,0.0,0.0,0.0,0.0,0.3409244643148202,0.8954508617847737,1.3069421522470843,0.6119569637217395,0.7863113449639669,1.0760275330921494,0.6854257094178517,0.5589448773602106,0.4196140410158271,0.3390966223243398,0.1618731976143728,0.0,0.0,0.0,0.0,0.0,0.0,0.0
Simulation,531,0.0,0.0,0.0,0.0,0.0,0.0,0.48783720069031444,0.6942525589028226,1.0522565577270924,1.3199027168415096,1.3084725679643079,1.3224588822905254,1.3889707880060103,1.707720210622993,1.7493356025442963,1.5069712952419667,0.16473826470302227,0.0,0.0,0.0,0.0,0.0,0.0,0.0
Simulation,532,0.0,0.0,0.0,0.0,0.0,0.0,0.745315681767563,1.1119448878985612,1.5880378047240857,1.5759885923079509,1.9518138289506792,1.9753470461712124,0.704875338276848,0.383906226742905,0.2930062515261783,0.5386193014743779,0.2433198718822695,0.0,0.0,0.0,0.0,0.0,0.0,0.0
Simulation,533,0.0,0.0,0.0,0.0,0.0,0.0,1.7425615433978185,1.9265227754148324,1.865319296611072,0.8484560027219882,0.7631748343967146,0.8843493738116714,0.9593599994940787,1.1684597676780335,1.1130188224528605,0.7461270733272802,0.09229047868404158,0.0,0.0,0.0,0.0,0.0,0.0,0.0
Simulation,534,0.0,0.0,0.0,0.0,0.0,0.0,0.25816193915369534,0.3967183376766199,0.3185033290337608,0.10867035001690983,0.47922892552836804,0.9698671838670992,0.6831979594912642,0.5071626225143636,0.33574213848236756,0.27843598101383205,0.16240054914244198,0.0,0.0,0.0,0.0,0.0,0.0,0.0
Simulation,535,0.0,0.0,0.0,0.0,0.0,0.0,0.7997841425162813,0.9709567207965333,1.4265455677460166,1.432765899104592,1.3442760840228474,1.1290915795129717,0.2983203599517145,0.20613785854069516,0.21081308268184734,0.2529804287897527,0.0758196073333333,0.0,0.0,0.0,0.0,0.0,0.0,0.0
Simulation,536,0.0,0.0,0.0,0.0,0.0,0.0,0.652045674988018,1.6417216270539845,1.9326224579406053,1.703511375730249,1.6364620708362456,1.602363751918876,0.8609730476360106,0.84573435666412,0.7620061722394846,0.715253289044425,0.16564129378936973,0.0,0.0,0.0,0.0,0.0,0.0,0.0
Simulation,537,0.0,0.0,0.0,0.0,0.0,0.0,0.5839781044287031,1.2536646615219602,1.8596352468918913,1.8005441530429693,1.9690309624866091,2.0015679401836497,1.2778507923743718,0.8574356853084186,0.5015536557473131,0.27538658073699956,0.08949838147072259,0.0,0.0,0.0,0.0,0.0,0.0,0.0
Simulation,538,0.0,0.0,0.0,0.0,0.0,0.0,0.2777653663493189,0.7633605530023242,1.40332616475585,1.2259046286084707,1.0793724071921373,0.9310143770930388,0.6852235467781889,0.7291042687927165,0.7138034885654115,0.6610940111982304,0.16018725384500312,0.0,0.0,0.0,0.0,0.0,0.0,0.0
Simulation,539,0.0,0.0,0.0,0.0,0.0,0.0,0.140136373455994,0.5359630031752727,1.0385685333616417,0.8346974081614921,0.8461533927577551,0.7657971223454347,0.3116954307890917,0.19544256796673742,0.1209219292209831,0.11053872675633525,0.09125298289794462,0.0,0.0,0.0,0.0,0.0,0.0,0.0
Simulation,540,0.0,0.0,0.0,0.0,0.0,0.0,0.5300363689866467,1.5127779031895594,1.9313730265131164,1.2885315839008173,0.9476588438988351,0.7029926517613652,0.3957741807371732,0.41926135022146155,0.421188990175545,0.4137429160863064,0.1315795124342547,0.0,0.0,0.0,0.0,0.0,0.0,0.0
Simulation,541,0.0,0.0,0.0,0.0,0.0,0.0,0.4247575784189874,0.8440259460773886,1.5317181892004894,1.9448116342167894,1.9975840733112857,2.0094321113161357,1.7191924108943033,1.6268851844184766,1.4463370522979224,0.7839621015306041,0.09326063727880572,0.0,0.0,0.0,0.0,0.0,0.0,0.0
Simulation,542,0.0,0.0,0.0,0.0,0.0,0.0,0.3828941973915511,0.6931134110962299,1.1350717890451183,1.3000976904712909,1.4650021944416762,1.3808652393407401,0.6110500644035138,0.5098425357277633,0.5163461899604477,0.886493210253315,0.21068215446645816,0.0,0.0,0.0,0.0,0.0,0.0,0.0
Simulation,543,0.0,0.0,0.0,0.0,0.0,0.0,0.4874482752541804,0.806542939480416,1.2980975071276215,1.4341460903748253,1.4597515078429082,1.394447827490768,0.9184254924192207,0.8740193478361021,0.7239180475104215,0.41428520000892743,0.09147421150564466,0.0,0.0,0.0,0.0,0.0,0.0,0.0
Simulation,544,0.0,0.0,0.0,0.0,0.0,0.0,0.5601003051199336,0.80812821547107,1.0757686979744119,0.728158719647304,0.8058156725312908,0.95010211797849,0.7532060886261346,0.7885216932114079,0.694348713895963,0.4150263296460731,0.08973393561544278,0.0,0.0,0.0,0.0,0.0,0.0,0.0
Simulation,545,0.0,0.0,0.0,0.0,0.0,0.0,1.1343412269958986,1.9563703650255846,1.9576715475717723,1.0653064204895253,0.7564703480240541,0.748611596957927,0.9069211993913329,1.209405334280471,1.130876896957225,0.641715277053065,0.14176025416838417,0.0,0.0,0.0,0.0,0.0,0.0,0.0
Simulation,546,0.0,0.0,0.0,0.0,0.0,0.0,0.7131050887463134,0.8939180687407272,1.2800702758791984,1.1715590958025113,1.3372666070957142,1.3106131015158484,0.4888120265577042,0.35655074231193873,0.40210335171092104,0.7960021114892195,0.24552717594210044,0.0,0.0,0.0,0.0,0.0,0.0,0.0
Simulation,547,0.0,0.0,0.0,0.0,0.0,0.0,0.5465100300736208,0.765041829746159,1.0763207181374996,0.8495443670738497,0.8668696648086304,0.779642871045009,0.36253379962568294,0.3240257121877734,0.3158873583596621,0.26999315656380724,0.0818856440724162,0.0,0.0,0.0,0.0,0.0,0.0,0.0
Simulation,548,0.0,0.0,0.0,0.0,0.0,0.0,0.27501711677942875,0.5813131389603364,0.8942891530810178,1.415776565857418,1.9566215697020166,2.0305921919472527,1.9029898347142644,1.5340725631114969,0.9898398875596557,0.5763972266559668,0.16214443476768783,0.0,0.0,0.0,0.0,0.0,0.0,0.0
Simulation,549,0.0,0.0,0.0,0.0,0.0,0.0,0.3532497358641878,1.0192719086236095,1.5452213912366723,1.1551770526566523,1.4306779340287228,1.5408859072939305,0.5981565223260021,0.34701778551026297,0.27754663321012124,0.4739064984011697,0.25112974614078143,0.0,0.0,0.0,0.0,0.0,0.0,0.0
Simulation,550,0.0,0.0,0.0,0.0,0.0,0.0,0.3676670746406964,0.9877121709806977,1.5131503157385355,1.0678906078880177,1.043416998267715,1.000393234028258,0.6999009629310816,0.7359997793499357,0.6876910182646621,0.527841944138147,0.13315288891205948,0.0,0.0,0.0,0.0,0.0,0.0,0.0
Simulation,551,0.0,0.0,0.0,0.0,0.0,0.0,0.1281510969291521,0.4800091941971085,0.8685822744839287,0.5051905668573864,0.5665611807850968,0.5038248927544519,0.14799675690589909,0.06723621640541638,0.033902415755717286,0.1279754854773454,0.09145294066666661,0.0,0.0,0.0,0.0,0.0,0.0,0.0
Simulation,552,0.0,0.0,0.0,0.0,0.0,0.0,0.06769121830695335,0.19286198332682847,0.38130709134853946,0.2614846006656042,0.13357844804890728,0.12715224320462126,0.19637201611039284,0.24799965997047613,0.20827875125165984,0.129348166418636,0.07640598419317958,0.0,0.0,0.0,0.0,0.0,0.0,0.0
Simulation,553,0.0,0.0,0.0,0.0,0.0,0.0,0.36020107994750145,0.6471411252708024,0.935337426560955,1.3174351978486163,1.4576344590970332,1.3748803843412911,0.6966968047933935,0.6095118261838356,0.5339202854148763,0.3429333412235146,0.07701101641213919,0.0,0.0,0.0,0.0,0.0,0.0,0.0
Simulation,554,0.0,0.0,0.0,0.0,0.0,0.0,0.9253493425624795,1.1101533621141364,1.2819007651130747,0.883546223761227,1.2554290487708228,1.5698445319935028,1.598037363666688,1.210244406794828,0.747190539160179,0.38095245351545814,0.13632194031959352,0.0,0.0,0.0,0.0,0.0,0.0,0.0
Simulation,555,0.0,0.0,0.0,0.0,0.0,0.0,0.1527956814804467,0.6214744978689978,1.1433236021983175,1.0574951905960506,1.1197654027395012,1.1434415191112433,0.688280588935698,0.5918100386386513,0.4290624995122182,0.29949831223262735,0.1449374906581289,0.0,0.0,0.0,0.0,0.0,0.0,0.0
Simulation,556,0.0,0.0,0.0,0.0,0.0,0.0,0.09692175564813774,0.23089657701989885,0.4500105730940779,0.7996878796051983,1.2647849387005423,1.5036665481154299,0.808820830318386,0.6042255432435101,0.41964737907650684,0.3106986095613744,0.16268307132709423,0.0,0.0,0.0,0.0,0.0,0.0,0.0
Simulation,557,0.0,0.0,0.0,0.0,0.0,0.0,0.21264249673869093,0.7852297253239285,1.3604633501506775,0.8295863320684229,1.0851937576960604,1.220866528415194,0.6277491833856182,0.46605293878234477,0.31922953033019263,0.31426965775507115,0.19930430981600966,0.0,0.0,0.0,0.0,0.0,0.0,0.0
Simulation,558,0.0,0.0,0.0,0.0,0.0,0.0,0.31323444687546254,0.6827346933378251,0.9065747278421942,0.37478752238200175,0.45167968361086497,0.6896411793541581,0.6211854454469605,0.5455462280615713,0.40204492048485674,0.24509987696280644,0.08981802926300277,0.0,0.0,0.0,0.0,0.0,0.0,0.0
Simulation,559,0.0,0.0,0.0,0.0,0.0,0.0,0.3379830895683126,0.735057329377762,1.2204000027597637,1.0166213828719266,1.0769765164624137,1.0269874998278445,0.5363756778854546,0.4221342614319046,0.3617685228620372,0.3383994387580565,0.10235471022730191,0.0,0.0,0.0,0.0,0.0,0.0,0.0
Simulation,560,0.0,0.0,0.0,0.0,0.0,0.0,0.6675587135074732,1.1851191909964836,1.85021568257056,1.9589324225134828,1.98673929638683,1.9733382999593752,1.3925899539525073,1.2324419366115293,0.9312240645819467,0.45099017652424334,0.08970805137795579,0.0,0.0,0.0,0.0,0.0,0.0,0.0
Simulation,561,0.0,0.0,0.0,0.0,0.0,0.0,0.8024216170967671,0.8822252007208453,1.2648039619112916,1.2144935217462534,1.206360243506994,1.1241111912258113,0.6048929890914019,0.5614444805799831,0.61497065621304,0.7117406204917989,0.09360779293494395,0.0,0.0,0.0,0.0,0.0,0.0,0.0
Simulation,562,0.0,0.0,0.0,0.0,0.0,0.0,0.15005914068594797,0.389993611952041,0.4748612438834744,0.11412333276854869,0.1751242373201266,0.43836928837492306,0.5903245426113416,0.4921924619109496,0.3232239951727366,0.1645577162332063,0.1036887141777536,0.0,0.0,0.0,0.0,0.0,0.0,0.0
Simulation,563,0.0,0.0,0.0,0.0,0.0,0.0,0.5059823612924617,0.8519405883842025,1.283263341797462,1.0941424404903335,1.1811306865411957,1.1476270327604254,0.5394853626036917,0.4452951823421396,0.4215205660369745,0.4683776102514079,0.09682515945663049,0.0,0.0,0.0,0.0,0.0,0.0,0.0
Simulation,564,0.0,0.0,0.0,0.0,0.0,0.0,0.671883123337971,1.6753461304091832,1.9358586870295156,1.6004218789266786,1.6882177406164982,1.9043130497906295,1.6622025413147146,1.5754808852947555,1.416070242088019,1.308332052971311,0.2517642955150898,0.0,0.0,0.0,0.0,0.0,0.0,0.0
Simulation,565,0.0,0.0,0.0,0.0,0.0,0.0,0.8902687384326289,1.4302907224429902,1.6701359321714535,1.116381721835718,0.881100250993702,0.8135993425357884,0.767503552726324,0.9497675392267604,0.8857637113541408,0.639410715712607,0.1039412598018763,0.0,0.0,0.0,0.0,0.0,0.0,0.0
Simulation,566,0.0,0.0,0.0,0.0,0.0,0.0,0.32141668243396215,0.5221329138279701,0.7168281687206739,0.9992533000533892,1.2929591413106813,1.3112405544391619,0.4602682658441918,0.2973249743177794,0.2982577607074862,0.4818506633094469,0.1962196039039813,0.0,0.0,0.0,0.0,0.0,0.0,0.0
Simulation,567,0.0,0.0,0.0,0.0,0.0,0.0,0.35979199256462013,0.628525511673557,0.6535104190061984,0.32808295831097445,0.7961680190561311,1.1624491736723048,0.6440669565608995,0.42169965844768986,0.2758274490251007,0.3047436811073631,0.19621960527323817,0.0,0.0,0.0,0.0,0.0,0.0,0.0
Simulation,568,0.0,0.0,0.0,0.0,0.0,0.0,0.7985688757188034,1.0617720596818576,1.4960988550577998,1.5594863452245535,1.5941976488861973,1.603858840598604,1.0909134083633976,0.9968403723161261,0.813449163578748,0.6238419492699976,0.15027031978180022,0.0,0.0,0.0,0.0,0.0,0.0,0.0
Simulation,569,0.0,0.0,0.0,0.0,0.0,0.0,0.4831082784106302,0.6815897346607389,0.8807761644818907,0.5026968890501629,0.36224523645963236,0.27907321575883703,0.1642751645134266,0.14524892478488316,0.11785750275047857,0.07989197026142444,0.05665674169591321,0.0,0.0,0.0,0.0,0.0,0.0,0.0
Simulation,570,0.0,0.0,0.0,0.0,0.0,0.0,0.33115030549490554,0.6799540454477158,1.063588054702832,1.0340501623917806,1.0661696996934544,1.080852974396228,0.709023949978105,0.7212155834395829,0.6152362576386096,0.3509325107776559,0.09105833450478307,0.0,0.0,0.0,0.0,0.0,0.0,0.0
Simulation,571,0.0,0.0,0.0,0.0,0.0,0.0,0.1926386123426106,0.6027212840381414,1.0106471624382025,0.9315217139493975,0.9786011644603406,1.0485891549628188,0.6875704890755228,0.6721478341302382,0.572636776185762,0.40995782562115635,0.13465978178456645,0.0,0.0,0.0,0.0,0.0,0.0,0.0
Simulation,572,0.0,0.0,0.0,0.0,0.0,0.0,0.40292801579933624,0.587204637125752,0.6100067532220604,0.36805602853058683,0.6157525180321647,0.6821652111625858,0.17615999376046837,0.10982653864929898,0.13473869500869712,0.2943486924202809,0.14488166388047585,0.0,0.0,0.0,0.0,0.0,0.0,0.0
Simulation,573,0.0,0.0,0.0,0.0,0.0,0.0,0.2566872535904133,0.8623581775071305,1.6149508671002037,1.3170822423307644,1.4838440088930829,1.6639739487149923,1.0702008127259899,0.6765101750621365,0.29811242428736423,0.03181749275216922,0.0758196073333333,0.0,0.0,0.0,0.0,0.0,0.0,0.0
Simulation,574,0.0,0.0,0.0,0.0,0.0,0.0,0.23556301151380435,0.8209336870399533,1.6277312114831424,1.3716148850577645,1.1431910271744927,0.9451937800963556,0.4318068125124279,0.4021989702453589,0.38740907476896924,0.3457662436767016,0.16557452710132875,0.0,0.0,0.0,0.0,0.0,0.0,0.0
Simulation,575,0.0,0.0,0.0,0.0,0.0,0.0,0.24824986396841167,0.6047314987839827,1.0581429570933656,1.3188846576925146,1.549306171439651,1.5345073428079976,0.6848587996048763,0.5106918248895363,0.4154021307042304,0.3536367949735166,0.12529176510620277,0.0,0.0,0.0,0.0,0.0,0.0,0.0
Simulation,576,0.0,0.0,0.0,0.0,0.0,0.0,1.056820297636549,1.4537784608882025,1.5403847006402913,0.6401053973106801,0.7077310309373499,0.7143767763120223,0.2814651562962433,0.18306008322984174,0.16083601007486337,0.2169671454036725,0.09950280122357658,0.0,0.0,0.0,0.0,0.0,0.0,0.0
Simulation,577,0.0,0.0,0.0,0.0,0.0,0.0,0.09398094186310643,0.60227771937858,1.256580549739832,1.425213028525987,1.3480954204542304,1.2835133809476171,0.5907935245252831,0.4895604102952701,0.4108018651358214,0.31351038669170794,0.14446926718199618,0.0,0.0,0.0,0.0,0.0,0.0,0.0
Simulation,578,0.0,0.0,0.0,0.0,0.0,0.0,0.23539127168790186,0.8178837616787284,1.4210878987208877,1.038038765577535,1.179989198753456,1.3880291272769254,1.3032564600441465,1.2299271821614437,0.8767540152495568,0.45499843801391104,0.1492394131592319,0.0,0.0,0.0,0.0,0.0,0.0,0.0
Simulation,579,0.0,0.0,0.0,0.0,0.0,0.0,0.1512317081221846,0.2876480384298595,0.39163622135435705,0.18102523653246327,0.3419840386271785,0.48412653359493485,0.2513016872986123,0.15164826971074885,0.11836178644223838,0.20162731300351294,0.11282773014715973,0.0,0.0,0.0,0.0,0.0,0.0,0.0
Simulation,580,0.0,0.0,0.0,0.0,0.0,0.0,0.7302529401709308,1.2572712410308,1.3581992565464318,0.6122085990785671,0.7628198775442319,0.9976722735490052,0.7193205964185906,0.729079072753724,0.7128345072973794,0.8434031794659044,0.20280836118854573,0.0,0.0,0.0,0.0,0.0,0.0,0.0
Simulation,581,0.0,0.0,0.0,0.0,0.0,0.0,0.45518480222761726,1.157431519060074,1.5978143493117933,1.0187003086786945,0.8704778133003523,0.9088081377866255,0.7825760339524326,0.8435851001318823,0.6520870340720522,0.333419603385278,0.10364823128794007,0.0,0.0,0.0,0.0,0.0,0.0,0.0
Simulation,582,0.0,0.0,0.0,0.0,0.0,0.0,0.30587456869959445,0.6570712911782817,0.8976342919793123,0.6833659965063928,1.092804842228878,1.310962288604739,0.7254193797238982,0.4936931951204824,0.2484131929679519,0.14202611497898135,0.09055708334414568,0.0,0.0,0.0,0.0,0.0,0.0,0.0
Simulation,583,0.0,0.0,0.0,0.0,0.0,0.0,0.9252245802636134,1.2123984677957136,1.6278486047044962,1.8330056526167235,1.8264699640165594,1.701273042206207,1.5909103451856992,1.8216371160332303,1.8359602575012997,1.5381626042431586,0.1414286933040398,0.0,0.0,0.0,0.0,0.0,0.0,0.0
Simulation,584,0.0,0.0,0.0,0.0,0.0,0.0,0.2698815069936084,0.5817911284105489,0.9733456246667043,1.173088545989137,1.0839592676013992,0.8812959996668018,0.5093062309594081,0.5252679797542078,0.5269874129260076,0.34943750556282094,0.08071960735992458,0.0,0.0,0.0,0.0,0.0,0.0,0.0
Simulation,585,0.0,0.0,0.0,0.0,0.0,0.0,0.2614694356117183,0.37846199500357497,0.47095117093167027,0.9038882560387363,1.3733552500633197,1.8510768910083826,1.9521252154088402,1.7276164677129084,1.0865937158463899,0.3428724339586437,0.08981960732672355,0.0,0.0,0.0,0.0,0.0,0.0,0.0
Simulation,586,0.0,0.0,0.0,0.0,0.0,0.0,0.30424526268342644,0.6173648044405067,0.8641773811965179,1.1596518743828088,1.6386250247344494,1.9693421461888425,1.734731676286309,1.5763136166585034,1.2292649884513118,0.8007698890959449,0.1632225689934766,0.0,0.0,0.0,0.0,0.0,0.0,0.0
Simulation,587,0.0,0.0,0.0,0.0,0.0,0.0,0.33905317406915914,0.5815651412020534,0.7277169442618061,0.918569011438437,0.899343472724837,0.9448172850459385,1.074922967380191,1.4482323648328275,1.2282324685328798,0.3419286403743259,0.05813825160101245,0.0,0.0,0.0,0.0,0.0,0.0,0.0
Simulation,588,0.0,0.0,0.0,0.0,0.0,0.0,0.35233422103629064,0.9650159384937828,1.9284405595019234,2.0185426698331828,2.000277001909578,1.8202880992910018,0.8065948365722898,0.7296568361907482,0.6159924199458918,0.36082610447277236,0.08041482807435439,0.0,0.0,0.0,0.0,0.0,0.0,0.0
Simulation,589,0.0,0.0,0.0,0.0,0.0,0.0,0.09377659042155606,0.6713267802924219,1.3775037177956613,1.262204641521686,1.2515167107983005,1.1759486771072902,0.6175144751495196,0.5498192381314148,0.42787496564443406,0.2832392533399943,0.08896822851535732,0.0,0.0,0.0,0.0,0.0,0.0,0.0
Simulation,590,0.0,0.0,0.0,0.0,0.0,0.0,0.07732805886158889,0.1726215369873737,0.28421607658865766,0.40703518226261004,0.6139099969754107,0.8169431774673757,0.6027955602904876,0.48522595393609974,0.3269277100123431,0.14355598007698403,0.0886034109396052,0.0,0.0,0.0,0.0,0.0,0.0,0.0
Simulation,591,0.0,0.0,0.0,0.0,0.0,0.0,0.32654489560607314,0.7902239661615102,1.2988888863297778,1.0456980805141882,1.2595894070637104,1.3219102968931147,0.6103856118629575,0.38669679349335834,0.2218755932904836,0.17251155839628768,0.09109798629491195,0.0,0.0,0.0,0.0,0.0,0.0,0.0
Simulation,592,0.0,0.0,0.0,0.0,0.0,0.0,0.6400022728538792,1.551802015017104,1.9212665297801828,1.2817860141222568,1.1067252528939493,0.8974782890928792,0.3593908641835316,0.29783781711904955,0.22013488077432897,0.15510732757378767,0.0758196073333333,0.0,0.0,0.0,0.0,0.0,0.0,0.0
Simulation,593,0.0,0.0,0.0,0.0,0.0,0.0,0.4802212753961918,0.6730686148675756,1.0385528730609088,1.3510256417687465,1.5934281983397651,1.5862602971422992,0.7211195409766356,0.5345838342463275,0.43312121905539386,0.559340690333986,0.1913221917048872,0.0,0.0,0.0,0.0,0.0,0.0,0.0
Simulation,594,0.0,0.0,0.0,0.0,0.0,0.0,0.33839303521834985,1.0664819413464672,1.5810479510420448,0.9458227462870634,0.7628488357174984,0.8890458128782167,1.147239137222936,1.2924709504155607,0.8796413866003194,0.25620211220085265,0.08912680304667421,0.0,0.0,0.0,0.0,0.0,0.0,0.0
Simulation,595,0.0,0.0,0.0,0.0,0.0,0.0,0.8516771709789497,1.1308570457109737,1.3558479178420542,0.9808380264733628,1.344302302808205,1.5228724535734757,0.6389126217501311,0.3935484121885925,0.2585195464382832,0.2851395845708051,0.11064083182161966,0.0,0.0,0.0,0.0,0.0,0.0,0.0
Simulation,596,0.0,0.0,0.0,0.0,0.0,0.0,0.555993549648285,0.8338960743677032,1.2556937936490125,1.1192463991176558,1.5824253770668986,1.6968100166997013,0.6143268658601967,0.33245223667791113,0.22237177689646387,0.3246927172109466,0.16179395181539896,0.0,0.0,0.0,0.0,0.0,0.0,0.0
Simulation,597,0.0,0.0,0.0,0.0,0.0,0.0,0.5295491772221628,0.6848977065105926,0.8170544653712107,0.6796864602063816,0.8599478269289551,0.8708126980416575,0.40753880666440534,0.4219577510751767,0.5413121053028727,1.1881314249691768,0.24763130353218737,0.0,0.0,0.0,0.0,0.0,0.0,0.0
Simulation,598,0.0,0.0,0.0,0.0,0.0,0.0,0.503387991177739,1.3776909854051334,1.861026647156925,1.1433377431177414,1.0124045788787193,0.9099264580995883,0.5718072379490433,0.49522333086360365,0.4147531343183344,0.3296275605971298,0.16315446533361458,0.0,0.0,0.0,0.0,0.0,0.0,0.0
Simulation,599,0.0,0.0,0.0,0.0,0.0,0.0,0.4875372252615265,1.3813384577394414,1.7954036204481247,0.9807644701567088,0.7970473934899682,0.7470674490778834,0.46870134740006886,0.37708749620789805,0.28750284551480565,0.21074321314762198,0.09189805363866363,0.0,0.0,0.0,0.0,0.0,0.0,0.0
Simulation,600,0.0,0.0,0.0,0.0,0.0,0.0,0.9389651520411118,1.6730658472630768,1.8175801565305276,0.8770889173793148,0.8788502350407793,1.1289100305245452,1.3745526769958554,1.3020254954371202,0.776523816401782,0.273252168842495,0.09145294066666661,0.0,0.0,0.0,0.0,0.0,0.0,0.0
Simulation,601,0.0,0.0,0.0,0.0,0.0,0.0,1.9172539006981875,0.9203990469248762,0.8179605805329333,0.6766212044096962,0.8616668871219803,0.8559847356781995,0.532305665330648,0.5107302430506778,0.6158794358840476,1.036027197478847,0.10218785522968818,0.0,0.0,0.0,0.0,0.0,0.0,0.0
Simulation,602,0.0,0.0,0.0,0.0,0.0,0.0,1.5156675222280622,0.9319609124705379,1.1501507283182568,1.4329886833177226,1.641637761790475,1.6715249446415466,1.1819641754766934,1.0768539810848694,0.9409761072521858,0.7865095432457296,0.0910683278241763,0.0,0.0,0.0,0.0,0.0,0.0,0.0
Simulation,603,0.0,0.0,0.0,0.0,0.0,0.0,0.28744310239522863,0.34037618447576967,0.5103968078831378,1.1544247666721592,1.319537096448062,1.2962474223886922,0.6898166712689778,0.6902570470895669,0.7486529793086244,0.8726400645169263,0.0915715629252187,0.0,0.0,0.0,0.0,0.0,0.0,0.0
Simulation,604,0.0,0.0,0.0,0.0,0.0,0.0,1.4988846683871788,0.9764909469712345,1.1024689567937132,1.0718405706005112,1.3689555716443427,1.486124926608207,0.8037219145872436,0.6920725278773647,0.677905687496128,1.01026304463681,0.23806501157895116,0.0,0.0,0.0,0.0,0.0,0.0,0.0
Simulation,605,0.0,0.0,0.0,0.0,0.0,0.0,0.7115222590103568,1.1868023385278303,1.8468972720619385,1.99059229853339,2.0111916682002837,2.0285804818154523,1.925722217593869,1.7000676746151708,1.439288341109333,1.0284324785834285,0.19858101880187007,0.0,0.0,0.0,0.0,0.0,0.0,0.0
Simulation,606,0.0,0.0,0.0,0.0,0.0,0.0,0.21211573863207694,0.7959235456896878,1.4524185915583174,0.9284875753384547,0.8982807687021941,0.8699515084934684,0.35415724323789444,0.2954872124149768,0.2465366127444712,0.2946633071611814,0.10377916475089007,0.0,0.0,0.0,0.0,0.0,0.0,0.0
Simulation,607,0.0,0.0,0.0,0.0,0.0,0.0,0.7405106338226546,0.693555698029727,0.9566275785765507,1.3107208467098252,1.5914905550095912,1.518917665851193,0.616360838813863,0.49031471864070547,0.4847363278391737,0.8696703428087516,0.16563618194369079,0.0,0.0,0.0,0.0,0.0,0.0,0.0
Simulation,608,0.0,0.0,0.0,0.0,0.0,0.0,0.5201430266187642,1.4427401344911481,1.9583085720764695,1.9933860620252806,2.052309155452064,2.0698929550380587,1.7546191466567076,1.0217406587431395,0.4237262719634847,0.1292992770431275,0.08813858640034224,0.0,0.0,0.0,0.0,0.0,0.0,0.0
Simulation,609,0.0,0.0,0.0,0.0,0.0,0.0,0.6908193854495785,1.0813539155471794,1.3293854613141933,0.6620219903469649,0.6488034927093358,0.6837817437104751,0.5212046364831616,0.4353194246681207,0.35470564447920155,0.2834130317061901,0.14037784994388464,0.0,0.0,0.0,0.0,0.0,0.0,0.0
Simulation,610,0.0,0.0,0.0,0.0,0.0,0.0,0.25812598464493236,0.3981307092679131,0.540974865827943,0.6197601527770568,0.6155249674367624,0.7466505103533772,0.9567079253014201,1.2067723159393113,1.2021546579655622,0.7794306945281753,0.15790748173458335,0.0,0.0,0.0,0.0,0.0,0.0,0.0
Simulation,611,0.0,0.0,0.0,0.0,0.0,0.0,0.7117112793082334,0.6013658243777165,0.6312376698939759,0.969322192599218,1.195965057066029,1.2388471151555922,0.8766133352406424,0.8204053140740801,0.7138119541051056,0.41522579082128885,0.08407905899704834,0.0,0.0,0.0,0.0,0.0,0.0,0.0
Simulation,612,0.0,0.0,0.0,0.0,0.0,0.0,0.8493586176914445,1.2858763967954032,1.8470806093972423,1.8301142314786119,1.7477596411369813,1.6103741781857333,1.1449786905352193,1.1263083526901156,0.9431052190330396,0.6077701234930895,0.08937854178118301,0.0,0.0,0.0,0.0,0.0,0.0,0.0
Simulation,613,0.0,0.0,0.0,0.0,0.0,0.0,0.1608131672265947,0.6862311863755769,1.4302991166360504,1.7173622965542654,1.9008836915261105,1.9685416338001014,1.718808390721809,1.5733842573172419,1.0915584224760764,0.5115158208978977,0.1941717168791191,0.0,0.0,0.0,0.0,0.0,0.0,0.0
Simulation,614,0.0,0.0,0.0,0.0,0.0,0.0,0.28387020367100746,0.8201582432250478,1.3767396487899286,0.7404977092618237,0.4910748583918114,0.3737704822835346,0.31612618670097953,0.3435584119653431,0.3434529358378878,0.3174557994731934,0.12734708655210408,0.0,0.0,0.0,0.0,0.0,0.0,0.0
Simulation,615,0.0,0.0,0.0,0.0,0.0,0.0,0.7060699613074327,0.2610287012567003,0.08943749364419262,0.34996061724390515,1.125916206498578,1.3368412903674096,0.47660039181585134,0.22864422458800482,0.20804238718359475,0.4452596980260363,0.1962196034776796,0.0,0.0,0.0,0.0,0.0,0.0,0.0
Simulation,616,0.0,0.0,0.0,0.0,0.0,0.0,0.2731564505066572,0.5750170877557369,0.8064778719859482,0.8364084929125306,1.3181822745068918,1.6020454554901786,0.682605605160613,0.4405127463937682,0.3410715944796192,0.4477430071078381,0.2181307458876,0.0,0.0,0.0,0.0,0.0,0.0,0.0
Simulation,617,0.0,0.0,0.0,0.0,0.0,0.0,0.31630579529946806,0.8588639465037547,1.2561981368478956,0.6730760268637648,1.0608373730074565,1.559146103495105,2.0250002041062256,2.0055092546556925,1.8564934218990115,0.8555781697083986,0.24609926561183598,0.0,0.0,0.0,0.0,0.0,0.0,0.0
Simulation,618,0.0,0.0,0.0,0.0,0.0,0.0,1.0341473279957236,1.7950219051201806,1.9573210029049677,1.664794307764153,1.5655764792398248,1.5384414462606877,1.2265567881338013,1.2288937277984662,1.0198097730182463,0.5558764970786421,0.10073658798191772,0.0,0.0,0.0,0.0,0.0,0.0,0.0
Simulation,619,0.0,0.0,0.0,0.0,0.0,0.0,0.27510026900598966,0.685213017370864,1.2179289742653965,0.9317656957343942,0.7031725766509525,0.4799520489258995,0.47067518189470503,0.4930723877802998,0.41944619813751377,0.24130008902826172,0.0758196073333333,0.0,0.0,0.0,0.0,0.0,0.0,0.0
Simulation,620,0.0,0.0,0.0,0.0,0.0,0.0,0.32606272349762916,0.69197481385275,1.2459216994941404,1.295608406064213,1.3016743397495014,1.249105141389178,0.6105728848035343,0.434188404280078,0.2555815652397507,0.0939253082905602,0.06066180457740026,0.0,0.0,0.0,0.0,0.0,0.0,0.0
Simulation,621,0.0,0.0,0.0,0.0,0.0,0.0,0.05772131993920809,0.628211643367584,1.386032389783662,1.489411115263025,1.4799533711873638,1.483033188607142,0.7823211132249381,0.7123400092054875,0.6149202307893461,0.6859882405631044,0.23552114730448515,0.0,0.0,0.0,0.0,0.0,0.0,0.0
Simulation,622,0.0,0.0,0.0,0.0,0.0,0.0,0.8313857681066104,1.1890458776026422,1.4281473212267926,1.0631864512990725,1.1701604327557604,1.287029047838859,1.0289733737826887,1.0813042100561758,0.9932548603673741,0.9604611355189961,0.19474335549272176,0.0,0.0,0.0,0.0,0.0,0.0,0.0
Simulation,623,0.0,0.0,0.0,0.0,0.0,0.0,0.27558718643091795,0.4678927052967933,0.6673145236626369,0.8048537786564208,1.0842269283365555,1.0847095899920125,0.3002629220125314,0.19897712743238444,0.19147206663848246,0.30311619869768025,0.09205879095658279,0.0,0.0,0.0,0.0,0.0,0.0,0.0
Simulation,624,0.0,0.0,0.0,0.0,0.0,0.0,0.5217020380176232,1.2784207926955276,1.9285524230172542,1.903010311673738,1.7994267139978624,1.4086864367633811,0.6124470538833039,0.6018304875751592,0.7240889496695349,1.2584547228452467,0.19331952689435783,0.0,0.0,0.0,0.0,0.0,0.0,0.0
Simulation,625,0.0,0.0,0.0,0.0,0.0,0.0,0.12781779678271132,0.1656656509580754,0.19699618875662295,0.6120225404596442,0.8972868472631012,1.0603481333812086,0.6220629604864838,0.585555976163632,0.5478517916908355,0.44581609239245773,0.10431264365002967,0.0,0.0,0.0,0.0,0.0,0.0,0.0
Simulation,626,0.0,0.0,0.0,0.0,0.0,0.0,0.5286521690224493,1.5108095686029324,1.9303906715704304,1.4317266945901088,1.3953017944253445,1.3790726924302783,0.6308683758408833,0.42800988704280435,0.23973982113790504,0.14609000550291465,0.089819607038588,0.0,0.0,0.0,0.0,0.0,0.0,0.0
Simulation,627,0.0,0.0,0.0,0.0,0.0,0.0,0.6460778274532564,0.8398013695342417,1.0731007899780909,0.48708791012096897,0.6166203741546219,0.687656212321674,0.3603532626587449,0.32104360386715775,0.3545434257503932,0.6002912278976245,0.16562903770461807,0.0,0.0,0.0,0.0,0.0,0.0,0.0
Simulation,628,0.0,0.0,0.0,0.0,0.0,0.0,0.33737188779219573,0.7515457287108313,1.291092988551524,1.2456543979315913,1.2089816074305595,1.191658785775897,0.7955034571998887,0.6954404069446299,0.4477275802963715,0.21001436316564204,0.0758196073333333,0.0,0.0,0.0,0.0,0.0,0.0,0.0
Simulation,629,0.0,0.0,0.0,0.0,0.0,0.0,0.6964139680737774,0.7624635631388212,0.895902972891745,0.76216990000749,1.1078155601637634,1.1393145149731914,0.40925976134604436,0.31105231234510017,0.3664400266277343,0.78549012942619,0.19621960516920434,0.0,0.0,0.0,0.0,0.0,0.0,0.0
Simulation,630,0.0,0.0,0.0,0.0,0.0,0.0,0.5831699720940907,0.5804827534606692,0.7107261034759983,1.0984512879691404,1.1976080755183127,0.9394151676837317,0.13201295558266524,0.0842957985220193,0.1513684285309166,0.24440589403584112,0.07051231042025363,0.0,0.0,0.0,0.0,0.0,0.0,0.0
Simulation,631,0.0,0.0,0.0,0.0,0.0,0.0,1.7397130147036157,1.9475405698271477,1.9668172495590943,1.7348999884122351,1.4985408987577526,1.312294561098498,0.7455892557044134,0.720449627754141,0.7104378100607807,0.740234637882041,0.14489343938344365,0.0,0.0,0.0,0.0,0.0,0.0,0.0
Simulation,632,0.0,0.0,0.0,0.0,0.0,0.0,0.4062174042597104,0.670017489422515,0.8150608141214664,0.6896272366651544,1.27523888700329,1.5096923919678733,0.6333924873581589,0.389907211910859,0.3228534796034896,0.5405947882671517,0.23551621330677952,0.0,0.0,0.0,0.0,0.0,0.0,0.0
Simulation,633,0.0,0.0,0.0,0.0,0.0,0.0,0.30438198415896867,0.7617888364534846,1.2924362323333658,1.0251310173110537,1.0649293260596024,1.0976239708227098,0.6911077404893732,0.5714671264222473,0.42059388912593304,0.280184491974099,0.09764371568529343,0.0,0.0,0.0,0.0,0.0,0.0,0.0
Simulation,634,0.0,0.0,0.0,0.0,0.0,0.0,0.5180887110865848,0.7184375148335509,1.0226886134612232,0.9349316367214182,0.9050425676740295,0.8916109587526271,0.6902845966012138,0.695411599824878,0.59743737873033,0.33552938885893585,0.08071960736348127,0.0,0.0,0.0,0.0,0.0,0.0,0.0
Simulation,635,0.0,0.0,0.0,0.0,0.0,0.0,1.163787686242604,1.4220014643007388,1.6093552848811359,1.171917199493573,1.2034008491370476,1.284983999605419,1.1284137736884194,1.0805509890644998,0.811970184825879,0.5838101247232932,0.11249523971768963,0.0,0.0,0.0,0.0,0.0,0.0,0.0
Simulation,636,0.0,0.0,0.0,0.0,0.0,0.0,0.45634227855615056,0.9500888574114887,1.5283076591332199,1.3488025107297552,1.205350682879228,1.117313633027986,0.5950043077438181,0.5106380258074877,0.4212506382634275,0.2945907279653181,0.08108388913025229,0.0,0.0,0.0,0.0,0.0,0.0,0.0
Simulation,637,0.0,0.0,0.0,0.0,0.0,0.0,0.3602574717134284,0.9066386916361756,1.4063094214836789,0.8376451000457156,1.0875842169166516,1.3187991250306044,1.3074549203296635,0.9659699790854073,0.42769901307398855,0.10482835265731993,0.08016163092080422,0.0,0.0,0.0,0.0,0.0,0.0,0.0
Simulation,638,0.0,0.0,0.0,0.0,0.0,0.0,0.15853513892682444,0.6537361342248464,1.3518409306633437,1.7591854128724194,1.6380166099428661,1.5717465114979277,1.3891831760888536,1.5658320462922917,1.2301087282412253,0.4188630355123466,0.09145294066666661,0.0,0.0,0.0,0.0,0.0,0.0,0.0
Simulation,639,0.0,0.0,0.0,0.0,0.0,0.0,0.3043463821749537,0.6345939674533227,1.1562768203644658,1.6738668441442117,1.918088309441171,1.828187453176622,0.7306797928486068,0.49435880510907565,0.30044570064784765,0.13200761488047152,0.07210228216408707,0.0,0.0,0.0,0.0,0.0,0.0,0.0
Simulation,640,0.0,0.0,0.0,0.0,0.0,0.0,0.5097066385544281,1.1915397082973627,1.62790100571185,1.089693151220394,1.043098207043222,0.9308353108791226,0.5488849655213607,0.4902647352691025,0.4291064511811614,0.4702524849403195,0.14939318211408245,0.0,0.0,0.0,0.0,0.0,0.0,0.0
Simulation,641,0.0,0.0,0.0,0.0,0.0,0.0,0.7103642495000464,0.8109776374828,1.1495113409627173,0.8557575307454137,1.1857264294047873,1.3096290849865067,0.6083954622231694,0.32133510033691914,0.1631341397432718,0.12357126241103586,0.09098627376712788,0.0,0.0,0.0,0.0,0.0,0.0,0.0
Simulation,642,0.0,0.0,0.0,0.0,0.0,0.0,0.03088711288360335,0.027670990886155877,0.042744604150011245,0.40808055590886816,0.6287519582326737,0.6899470847911595,0.4656340779397581,0.4234579674740374,0.36321407211811685,0.20275019843034062,0.07059523499070915,0.0,0.0,0.0,0.0,0.0,0.0,0.0
Simulation,643,0.0,0.0,0.0,0.0,0.0,0.0,0.2455986219902708,0.4024905697435466,0.6756696906935604,0.7959844052383003,0.9775422218534624,1.0507944247766212,0.4702094226969152,0.26378974442633407,0.13842632037641417,0.06580206436790981,0.06993076612458604,0.0,0.0,0.0,0.0,0.0,0.0,0.0
Simulation,644,0.0,0.0,0.0,0.0,0.0,0.0,0.2692057914063819,0.770323589075853,1.489493617370887,1.4405331773604595,1.2760270170580528,1.1715948725567258,0.7633813822770956,0.7883884038164863,0.6630443993802995,0.3456638897638417,0.09114100885788201,0.0,0.0,0.0,0.0,0.0,0.0,0.0
Simulation,645,0.0,0.0,0.0,0.0,0.0,0.0,0.0930271269334956,0.38875746152589324,0.8202964845069511,0.837799241721079,1.0855217136688167,1.1693587271927572,0.6272160163472477,0.4291344698858801,0.19601942414397772,0.06374428701451301,0.0758196073333333,0.0,0.0,0.0,0.0,0.0,0.0,0.0
Simulation,646,0.0,0.0,0.0,0.0,0.0,0.0,0.12311391101924804,0.5139021851019973,0.9748548739881712,0.856512950092346,0.8788954257520822,0.9467887549047702,0.6984044652418652,0.6427052225521415,0.449805450421186,0.28170582397612,0.09145294066666661,0.0,0.0,0.0,0.0,0.0,0.0,0.0
Simulation,647,0.0,0.0,0.0,0.0,0.0,0.0,0.7173264133328042,0.7164526921952991,0.9102274187670202,1.1137071834199648,1.3724113963717977,1.5351647760392555,1.122253539749221,0.963776102724818,0.7150000503423657,0.41755186416377243,0.09091158088787613,0.0,0.0,0.0,0.0,0.0,0.0,0.0
Simulation,648,0.0,0.0,0.0,0.0,0.0,0.0,0.7305277439467261,0.722036493424262,1.0236964047962778,1.051220930433232,1.2981500631979044,1.1689887723493568,0.12971418834685366,0.0234943861703642,0.0041131705807128105,0.10803032051496786,0.0802378857352259,0.0,0.0,0.0,0.0,0.0,0.0,0.0
Simulation,649,0.0,0.0,0.0,0.0,0.0,0.0,0.2756852361267162,0.597871658037859,0.8514147286352781,0.662336464572197,0.8083231624584695,1.0972600377191122,1.1068248897550264,0.9992417648869607,0.5872083961109369,0.24443174872222834,0.08981960710335038,0.0,0.0,0.0,0.0,0.0,0.0,0.0
Simulation,650,0.0,0.0,0.0,0.0,0.0,0.0,0.21952747746891801,0.19391322467290434,0.17594841264761463,0.35318052662232446,0.4644371284885779,0.47377183581352456,0.23717722141090808,0.15102498503613937,0.08526874826299186,0.018230708133201157,0.0375951197670834,0.0,0.0,0.0,0.0,0.0,0.0,0.0
Simulation,651,0.0,0.0,0.0,0.0,0.0,0.0,0.14257718644845452,0.3960425617328177,0.884001480433833,1.1555010814232407,0.849165730160421,0.4634743590280441,0.31547553180025506,0.37133035478952414,0.37862558259901535,0.24175646188387462,0.07713289573893987,0.0,0.0,0.0,0.0,0.0,0.0,0.0
Simulation,652,0.0,0.0,0.0,0.0,0.0,0.0,0.19206423491737476,0.7246209903616426,1.3460455184052773,1.0386690103397944,0.8876759061188237,0.7556587839273191,0.41561596930279865,0.4116325176822635,0.3632735869274094,0.28015346562883303,0.0895314594033335,0.0,0.0,0.0,0.0,0.0,0.0,0.0
Simulation,653,0.0,0.0,0.0,0.0,0.0,0.0,0.543428331221387,0.6700939565030238,0.9136711633159971,1.375583655163149,1.645065904457382,1.771968335768454,1.1474931697554274,0.8067897395479682,0.4498217816629534,0.1272145467598403,0.056568433180404186,0.0,0.0,0.0,0.0,0.0,0.0,0.0
Simulation,654,0.0,0.0,0.0,0.0,0.0,0.0,1.1843052490639485,1.4273718703559406,1.866567052742841,1.9015062376928484,1.7319355981295774,1.3655176795204271,0.6865916245978319,0.7167662464054309,0.8843881564355345,1.1679692951280638,0.1436331732495849,0.0,0.0,0.0,0.0,0.0,0.0,0.0
Simulation,655,0.0,0.0,0.0,0.0,0.0,0.0,0.3152770669154003,0.7271276950093564,1.241084262187202,1.3751431712453723,1.3085742201225856,1.4059953256471447,1.8392873646007393,1.9281912021147707,1.6879506904070671,0.6534939537401299,0.09098627405313621,0.0,0.0,0.0,0.0,0.0,0.0,0.0
Simulation,656,0.0,0.0,0.0,0.0,0.0,0.0,0.9619804783603965,1.573353161803511,1.9286098237592917,1.7122982460756986,1.6035326515201516,1.4995429275222587,0.8973513327511322,0.7595850487338213,0.6709336470718534,0.7865478875272192,0.23402307888521506,0.0,0.0,0.0,0.0,0.0,0.0,0.0
Simulation,657,0.0,0.0,0.0,0.0,0.0,0.0,0.3237433695753902,1.4011270654212291,1.978033891145503,1.9960069225243124,2.0233383937725966,2.0307066708283563,1.1848866241951088,0.7355436145596541,0.41143795360602464,0.12604688822837884,0.07053400324484992,0.0,0.0,0.0,0.0,0.0,0.0,0.0
Simulation,658,0.0,0.0,0.0,0.0,0.0,0.0,1.1404820534073654,1.2425094239231846,1.4953914923435578,1.2397220561636417,1.1499386778885612,1.1672106146406156,1.5388380922655038,1.8346939103069986,1.6108463762381482,0.9459705087025436,0.09593916756931298,0.0,0.0,0.0,0.0,0.0,0.0,0.0
Simulation,659,0.0,0.0,0.0,0.0,0.0,0.0,0.3174797236368502,0.6837490353974967,1.0576508966525966,0.6044573353234968,0.5675995638110624,0.5447428076114693,0.40485159307648844,0.3317501732038959,0.24607297445266033,0.21919839459296153,0.0897673320965899,0.0,0.0,0.0,0.0,0.0,0.0,0.0
Simulation,660,0.0,0.0,0.0,0.0,0.0,0.0,0.38182593213888694,0.9784279755430281,1.5429488350139062,1.0920314710267793,1.0032582013707498,0.8786248553965234,0.41051814942048476,0.3580652481720764,0.33022226470641414,0.3186043324184084,0.11603939290116469,0.0,0.0,0.0,0.0,0.0,0.0,0.0
Simulation,661,0.0,0.0,0.0,0.0,0.0,0.0,0.45432585372313233,0.8418800828639529,1.3157982060853488,1.0669091473042205,1.409643502841527,1.6137079558906475,0.8055745320020808,0.5107857107768191,0.2655350033626438,0.15503131789440486,0.09036737066733748,0.0,0.0,0.0,0.0,0.0,0.0,0.0
Simulation,662,0.0,0.0,0.0,0.0,0.0,0.0,0.008551284594698727,0.03719854750251139,0.04482321945486012,0.0038634126417451675,0.07097842432496115,0.09115434124569921,0.0,0.00986388509903896,0.0,0.06544038449792583,0.08063835969014449,0.0,0.0,0.0,0.0,0.0,0.0,0.0
Simulation,663,0.0,0.0,0.0,0.0,0.0,0.0,0.45421409906199467,0.8605751169476956,1.493557195941876,1.4885579723936793,1.5503192762571234,1.390674831210246,0.537082429041053,0.33241764490234177,0.2484202521365082,0.2702161667964732,0.08967794264587589,0.0,0.0,0.0,0.0,0.0,0.0,0.0
Simulation,664,0.0,0.0,0.0,0.0,0.0,0.0,0.08611981231311189,0.21786049348779873,0.4401225482051735,0.5765600968280645,0.6936131600277564,0.7636877917305707,0.594346445361133,0.5292633663047487,0.43050521724724233,0.3439107118911056,0.14664122070140245,0.0,0.0,0.0,0.0,0.0,0.0,0.0
Simulation,665,0.0,0.0,0.0,0.0,0.0,0.0,0.3450845668560437,0.28138401235135735,0.13723992686652609,0.10756369307719948,0.25439542339746113,0.46422021451102546,0.47840643090312623,0.3867191020902605,0.28405305776361073,0.12654063474705723,0.0545403658137168,0.0,0.0,0.0,0.0,0.0,0.0,0.0
Simulation,666,0.0,0.0,0.0,0.0,0.0,0.0,0.3032705058895132,0.6948158397238487,1.1277325544563563,0.9661527704539955,1.0431217146592608,0.9458662014599927,0.5024573664027522,0.5033044692247005,0.5324420946782126,0.7155321150428677,0.15879970493924433,0.0,0.0,0.0,0.0,0.0,0.0,0.0
Simulation,667,0.0,0.0,0.0,0.0,0.0,0.0,0.5609519315088455,1.139195237623527,1.6256757642846713,1.3778172945164424,1.6622700608575505,1.758219239881222,0.6983985155533313,0.4566034524291671,0.33768623256056113,0.40062135153830514,0.1962196036759783,0.0,0.0,0.0,0.0,0.0,0.0,0.0
Simulation,668,0.0,0.0,0.0,0.0,0.0,0.0,0.6173430232463544,1.1908427175079184,1.6278397816011345,1.2232613458145476,1.3458153491514064,1.313579633796817,0.3461844846895843,0.1410712717015411,0.04356997000093399,0.07280102356340232,0.07704031642072287,0.0,0.0,0.0,0.0,0.0,0.0,0.0
Simulation,669,0.0,0.0,0.0,0.0,0.0,0.0,0.4029336410460419,0.7574166406966046,1.2922298796005132,1.7271434144106437,1.8087097532626277,1.6641620995202824,0.9104018683078822,0.8107335973440755,0.7142791659379971,0.5070623717804728,0.08731139453353612,0.0,0.0,0.0,0.0,0.0,0.0,0.0
Simulation,670,0.0,0.0,0.0,0.0,0.0,0.0,0.8530412901382822,1.4006983965697684,1.9109629268763664,1.877529775491759,1.9682100838952432,1.9637904688145635,0.9819114980614582,0.614178748974935,0.40884817298253723,0.3112372715254486,0.16041589085260594,0.0,0.0,0.0,0.0,0.0,0.0,0.0
Simulation,671,0.0,0.0,0.0,0.0,0.0,0.0,0.22098678490747187,0.5725467797941531,0.6043146881496643,0.10421658594711047,0.11497107090267045,0.1653120943713271,0.15655511664952187,0.2033360809023228,0.23634192115591138,0.31871109167462375,0.09145231998591677,0.0,0.0,0.0,0.0,0.0,0.0,0.0
Simulation,672,0.0,0.0,0.0,0.0,0.0,0.0,0.3448971133657057,0.6523514225528698,1.0394087453246952,1.352918481631833,1.361699620927212,1.2174670263862617,0.510139707751752,0.4345935288752712,0.45936741899542355,0.7295408702074027,0.1311236599432568,0.0,0.0,0.0,0.0,0.0,0.0,0.0
Simulation,673,0.0,0.0,0.0,0.0,0.0,0.0,0.5216926928607907,0.9028770777970607,1.421827081466606,1.4165534364495378,1.3747175740753113,1.349486349866885,0.8548978726582118,0.8328625107266467,0.7131963427969796,0.45213539295746036,0.0910823591967791,0.0,0.0,0.0,0.0,0.0,0.0,0.0
Simulation,674,0.0,0.0,0.0,0.0,0.0,0.0,0.29467714393874495,0.9055073139034795,1.4440978952635881,0.9673648130665391,1.0782485590621045,1.1644966139595345,0.8557083121327941,0.9997198901525242,1.0177350723505194,1.174886026460474,0.23587792926764206,0.0,0.0,0.0,0.0,0.0,0.0,0.0
Simulation,675,0.0,0.0,0.0,0.0,0.0,0.0,0.13406991586379272,0.18734642887533098,0.312761609235618,0.8699124486362366,1.1688176231909952,1.1692505688194064,0.5505735801122901,0.4737925606160556,0.4651703017172375,0.5992957395499499,0.15833518639344257,0.0,0.0,0.0,0.0,0.0,0.0,0.0
Simulation,676,0.0,0.0,0.0,0.0,0.0,0.0,0.36515951316340395,0.9507093755473395,1.629845953265643,1.6562075731408874,1.620988623585903,1.3803184960764296,0.4334288656407438,0.317481289798144,0.2984117701723674,0.3132000702993705,0.09098981023617489,0.0,0.0,0.0,0.0,0.0,0.0,0.0
Simulation,677,0.0,0.0,0.0,0.0,0.0,0.0,1.7311947324779857,1.0616198839079163,1.0771386785733807,0.772606353888705,1.0834719849496541,1.1286328700267056,0.537409069075032,0.33175005022262216,0.26372863811190084,0.29534196275422137,0.09738689966791375,0.0,0.0,0.0,0.0,0.0,0.0,0.0
Simulation,678,0.0,0.0,0.0,0.0,0.0,0.0,0.33149557529893514,0.891016437707991,1.4305821536113297,0.8520060318505172,0.7365271452858705,0.7440709830744843,0.6200392321101964,0.6614979399830425,0.6014271087865306,0.42837735002141925,0.13404060457883046,0.0,0.0,0.0,0.0,0.0,0.0,0.0
Simulation,679,0.0,0.0,0.0,0.0,0.0,0.0,0.3810449583108495,0.8074119116686699,1.4268572358236153,1.7095893156067041,1.9586138600710408,1.9950310371377435,1.36157329731431,1.0494861668891646,0.7574204565191376,0.6591914956303685,0.1962196058516689,0.0,0.0,0.0,0.0,0.0,0.0,0.0
Simulation,680,0.0,0.0,0.0,0.0,0.0,0.0,0.3015273059638933,0.47718161165891104,0.7049157058617256,1.0150208148944728,1.0924660675556135,1.1108390098792658,0.7623782111502859,0.7896547735738644,0.6686757648931139,0.3217189673842203,0.07713959072125204,0.0,0.0,0.0,0.0,0.0,0.0,0.0
Simulation,681,0.0,0.0,0.0,0.0,0.0,0.0,0.45600491058598386,0.8698758158482239,1.2406683448619127,0.4993663228322631,0.5273843495749959,0.608238783936951,0.29776443592869994,0.1962720806434161,0.15047898791334988,0.17321121803000009,0.09201696278295064,0.0,0.0,0.0,0.0,0.0,0.0,0.0
Simulation,682,0.0,0.0,0.0,0.0,0.0,0.0,0.3529209286899275,1.1169930455382546,1.900527712465657,1.8156348522874768,1.7316203009752344,1.4919297463324146,0.6117397754463407,0.47381051000030944,0.3829042288962275,0.328632937155735,0.09160090176652354,0.0,0.0,0.0,0.0,0.0,0.0,0.0
Simulation,683,0.0,0.0,0.0,0.0,0.0,0.0,0.3474438687098976,0.4191132809545008,0.3838267851984861,0.6886026695619241,1.1211422405474418,1.2718877854461947,0.7437431921748399,0.7350828781949813,0.8311630156268268,1.177746964829971,0.20468219803837706,0.0,0.0,0.0,0.0,0.0,0.0,0.0
Simulation,684,0.0,0.0,0.0,0.0,0.0,0.0,0.030661158199590977,0.171495718430698,0.6087692284305251,0.9693431435775691,1.1006250198870406,0.8903795731903201,0.10446712051187557,0.027318418264746736,0.0200235259680544,0.10426032316541245,0.08788376307249005,0.0,0.0,0.0,0.0,0.0,0.0,0.0
Simulation,685,0.0,0.0,0.0,0.0,0.0,0.0,0.32655748862324824,0.3541694021430244,0.2929096732592862,0.37974289003628126,0.8853828410685752,1.1942792684655297,0.7211370575192861,0.5108991390644446,0.32869690086582354,0.1956294498447855,0.08071960737764938,0.0,0.0,0.0,0.0,0.0,0.0,0.0
Simulation,686,0.0,0.0,0.0,0.0,0.0,0.0,0.18918218248237967,0.6066695331084722,0.9787777913134601,0.8253270614049202,0.9178057974127766,1.1261015761183133,0.9440164206974371,0.8634006142720644,0.5677667224155061,0.2701943565354237,0.08981960694717961,0.0,0.0,0.0,0.0,0.0,0.0,0.0
Simulation,687,0.0,0.0,0.0,0.0,0.0,0.0,0.09429112452160238,0.34004862496572885,0.709254814883532,0.6825830688906319,0.7588992089204374,0.6688201471018156,0.19698452343138972,0.15561684345668458,0.16147108082180475,0.22174043173819283,0.09157190501787266,0.0,0.0,0.0,0.0,0.0,0.0,0.0
Simulation,688,0.0,0.0,0.0,0.0,0.0,0.0,0.4171901152109444,0.8403217717005953,1.276077249561309,0.9673621689327849,1.0338547335422545,1.0546930280718019,0.6049130386887117,0.5124060870417594,0.42114603940243156,0.30101981587157056,0.09124598481458042,0.0,0.0,0.0,0.0,0.0,0.0,0.0
Simulation,689,0.0,0.0,0.0,0.0,0.0,0.0,0.35999289376324733,0.7929324914687027,1.199758911806628,0.8018596669618164,0.7627055916828083,0.782932064604471,0.6052654572604758,0.6328333919970677,0.7029579249330848,0.9054277034125112,0.19697788947986603,0.0,0.0,0.0,0.0,0.0,0.0,0.0
Simulation,690,0.0,0.0,0.0,0.0,0.0,0.0,0.28171656555750035,0.6776726448397823,1.1435981262267763,1.033183703330376,1.0701982704446578,0.8869353700671228,0.2644859481946004,0.24627287898913186,0.2923564269519096,0.4105353233644796,0.09282907176301007,0.0,0.0,0.0,0.0,0.0,0.0,0.0
Simulation,691,0.0,0.0,0.0,0.0,0.0,0.0,0.28162370120143865,0.8034113822853421,1.4961833115898215,1.4391273367515436,1.5434542568373433,1.569810490894763,0.8976242892159236,0.7567004995384033,0.6066113948656502,0.5277171665575024,0.16294255954570208,0.0,0.0,0.0,0.0,0.0,0.0,0.0
Simulation,692,0.0,0.0,0.0,0.0,0.0,0.0,0.2578137269545908,0.6094136118371367,0.7963871757317258,0.520339065745109,0.7115808690979539,0.8866209440818102,0.6604933002144572,0.6459705041586727,0.532338035844721,0.33448273869733064,0.09176859794945845,0.0,0.0,0.0,0.0,0.0,0.0,0.0
Simulation,693,0.0,0.0,0.0,0.0,0.0,0.0,1.215326592725198,1.2488562920269528,1.4973365944782615,0.88504083461194,0.6991479407624233,0.33154475122272087,0.06794543831027822,0.022686494291207948,0.026327974656363773,0.10808554603363624,0.0646427705336367,0.0,0.0,0.0,0.0,0.0,0.0,0.0
Simulation,694,0.0,0.0,0.0,0.0,0.0,0.0,0.5230100819393024,0.6812326344963697,0.8953150043797409,1.0134408857847994,1.2940352105480009,1.3339006971016856,0.6962453080380407,0.5613797113500079,0.5170640274051614,0.6157895370973043,0.13618916439493706,0.0,0.0,0.0,0.0,0.0,0.0,0.0
Simulation,695,0.0,0.0,0.0,0.0,0.0,0.0,0.34490732093668985,0.5818334095586765,0.6331982161544905,0.10853088903704655,0.13241309445828475,0.11305396391641653,0.012009228459949117,0.010333936047682346,0.0,0.07368718601019664,0.07695676248085494,0.0,0.0,0.0,0.0,0.0,0.0,0.0
Simulation,696,0.0,0.0,0.0,0.0,0.0,0.0,0.27835595403012825,1.1285139817151346,1.9024533581052414,1.1573494143981058,0.9042368934433572,0.6377578014443415,0.1273116991050059,0.047405461888378575,0.019381725444511333,0.048993418946811446,0.08052602864487046,0.0,0.0,0.0,0.0,0.0,0.0,0.0
Simulation,697,0.0,0.0,0.0,0.0,0.0,0.0,0.269727384012416,0.574382071179825,0.8777095021369118,0.8410130124753062,0.9327139520359935,0.7830300914851126,0.12993164413681008,0.077675695407118,0.1143110930717714,0.23528676417806296,0.09139898383052675,0.0,0.0,0.0,0.0,0.0,0.0,0.0
Simulation,698,0.0,0.0,0.0,0.0,0.0,0.0,0.6932642239771154,1.408667559335767,1.6046466186073896,0.7850121540300659,0.7189554513786041,0.8012069408290444,0.6969111085125806,0.6894500329752344,0.5132595207642522,0.2973883981071397,0.08875266656905557,0.0,0.0,0.0,0.0,0.0,0.0,0.0
Simulation,699,0.0,0.0,0.0,0.0,0.0,0.0,0.09883181042022154,0.22912105250863463,0.6233932484551059,1.3183072777089613,1.8077922109066553,1.9349607360832162,0.752431610307427,0.4788977612705472,0.2998374393109625,0.2428369710894211,0.09114175494790772,0.0,0.0,0.0,0.0,0.0,0.0,0.0
Simulation,700,0.0,0.0,0.0,0.0,0.0,0.0,0.1331881426050854,0.22018331960413084,0.40159475511419984,0.8403798648260907,0.9891493677955959,0.9942933639490191,0.6132070938985654,0.6157171572990014,0.6438214447506768,0.6736738896176712,0.1598989198802758,0.0,0.0,0.0,0.0,0.0,0.0,0.0
Simulation,701,0.0,0.0,0.0,0.0,0.0,0.0,0.5071868321340457,1.2490021918793155,1.9162063365382127,1.7056248476792684,1.3592691110381971,1.1278930932431983,0.5133009268386304,0.425375170616382,0.3754580025700861,0.31433120169436174,0.07952377536351976,0.0,0.0,0.0,0.0,0.0,0.0,0.0
Simulation,702,0.0,0.0,0.0,0.0,0.0,0.0,0.06875192815917044,0.6463558412530401,1.5154711899590743,1.6446580940282352,1.604262608715136,1.5181006985979337,0.7170796587180875,0.5591055022947078,0.39332289954829397,0.24136854726696957,0.09102758025644057,0.0,0.0,0.0,0.0,0.0,0.0,0.0
Simulation,703,0.0,0.0,0.0,0.0,0.0,0.0,0.3615230975663294,0.27269855343439486,0.3125638203593373,0.9993395563757361,1.5487714060624027,1.6600252757754317,0.7353738591936276,0.46631070897495575,0.3285782466460781,0.30069597655785796,0.09214362350055132,0.0,0.0,0.0,0.0,0.0,0.0,0.0
Simulation,704,0.0,0.0,0.0,0.0,0.0,0.0,0.7240975148764821,1.228083223314925,1.6502754122078747,1.7526711976733587,1.905675018275716,1.9522034098467695,1.639549886286066,1.5745315484665083,1.4190815541585142,0.9888719310148156,0.19621960453080417,0.0,0.0,0.0,0.0,0.0,0.0,0.0
Simulation,705,0.0,0.0,0.0,0.0,0.0,0.0,0.30281118972707605,0.3979691485634946,0.3864040352720892,0.3541788677677995,0.5966229885544924,0.824224729013781,0.5961902961863649,0.5066659385493256,0.4212558070602936,0.3412106370463457,0.14144464719132688,0.0,0.0,0.0,0.0,0.0,0.0,0.0
Simulation,706,0.0,0.0,0.0,0.0,0.0,0.0,0.46730336150228735,0.6708204072936724,0.8711744028200284,0.8564627297360511,1.1108970360602353,1.142618548717628,0.5640612818699702,0.41126764560048873,0.38001234983532045,0.478268983515579,0.1656168003457043,0.0,0.0,0.0,0.0,0.0,0.0,0.0
Simulation,707,0.0,0.0,0.0,0.0,0.0,0.0,0.3677208546222335,0.8597066601083658,1.3100462916271514,0.8337271627292082,0.866681533373768,0.9691690645453079,0.6343642401472774,0.5209025859660847,0.3442488969378695,0.1513661227911372,0.08935253222389158,0.0,0.0,0.0,0.0,0.0,0.0,0.0
Simulation,708,0.0,0.0,0.0,0.0,0.0,0.0,1.0293245847103811,0.845520501608732,1.0734913489933076,1.2279252599288297,1.5666366372212375,1.8325506716575632,1.9128734344214513,1.8898165989995428,1.633090520662282,1.3654690148181183,0.19621960518053885,0.0,0.0,0.0,0.0,0.0,0.0,0.0
Simulation,709,0.0,0.0,0.0,0.0,0.0,0.0,1.5961748447850792,1.6681140388014106,1.663958950406537,1.221984125572818,1.1773798641023523,1.1301528065037554,0.6383258292592866,0.6082717795486079,0.61520664394843,0.7111424925845198,0.16991470096108025,0.0,0.0,0.0,0.0,0.0,0.0,0.0
Simulation,710,0.0,0.0,0.0,0.0,0.0,0.0,0.3533847788359067,0.6447161999501491,0.9011070166360132,0.9849631102874555,1.4848588956081015,1.6287691142784897,0.5520603929252487,0.22384292885737322,0.13891612432577866,0.26157671083785855,0.16001962077474385,0.0,0.0,0.0,0.0,0.0,0.0,0.0
Simulation,711,0.0,0.0,0.0,0.0,0.0,0.0,0.2773850065064593,0.9915292536406088,1.5041952943638526,0.6927408093505565,0.9515671027482504,1.2174995528256385,0.7880111978497771,0.6160189942436756,0.40431814103495173,0.2765364669221892,0.1288279938661153,0.0,0.0,0.0,0.0,0.0,0.0,0.0
Simulation,712,0.0,0.0,0.0,0.0,0.0,0.0,0.34558562294590095,0.7645188828037582,1.2475609487526453,1.1494392964727158,1.1957270762982115,1.1480008860737276,0.4502852571892241,0.30900122374870914,0.22298514209598147,0.21021542507440324,0.08071960735968253,0.0,0.0,0.0,0.0,0.0,0.0,0.0
Simulation,713,0.0,0.0,0.0,0.0,0.0,0.0,0.940273006895034,1.2914862363310229,1.636495143087179,1.4566832472563844,1.4296531476346543,1.2942419347792455,0.6086036003392896,0.5285151698862277,0.5601032053189905,0.9413910659214277,0.1655500852415937,0.0,0.0,0.0,0.0,0.0,0.0,0.0
Simulation,714,0.0,0.0,0.0,0.0,0.0,0.0,0.00910383048473895,0.040181294854644056,0.04327708074372327,0.0,0.07090667551681085,0.0910639816789276,0.0,0.006822201758346247,0.0,0.05149280297568826,0.09026619475020635,0.0,0.0,0.0,0.0,0.0,0.0,0.0
Simulation,715,0.0,0.0,0.0,0.0,0.0,0.0,0.8096068059493993,1.6307705982552823,1.9339107979101446,1.8581359388752847,1.9526378787898242,1.907120929199467,0.7842463553107379,0.6410859016726567,0.6072883440536743,0.9235354576683782,0.23557251551283126,0.0,0.0,0.0,0.0,0.0,0.0,0.0
Simulation,716,0.0,0.0,0.0,0.0,0.0,0.0,0.031946613752365516,0.21858517567975855,0.6050754468373524,0.9434087223708729,1.201437190843643,1.3235500636728679,0.8040278503432843,0.737585703886133,0.5968590105928279,0.39725574031158456,0.15720580894882963,0.0,0.0,0.0,0.0,0.0,0.0,0.0
Simulation,717,0.0,0.0,0.0,0.0,0.0,0.0,0.6327319309657352,1.046049037491486,1.5596036865631207,1.5597687583624886,1.8069346177978969,1.8145181034223123,0.6603946435575729,0.3593052074418638,0.1803098298499522,0.1143197443880129,0.07813393558241484,0.0,0.0,0.0,0.0,0.0,0.0,0.0
Simulation,718,0.0,0.0,0.0,0.0,0.0,0.0,0.03345230428178153,0.3157278763607813,0.9739118609904215,1.4310079116718128,1.584716101026783,1.4858057790891541,0.5530889662852638,0.331253713716801,0.2080109205152345,0.18339625139304933,0.0912871299274528,0.0,0.0,0.0,0.0,0.0,0.0,0.0
Simulation,719,0.0,0.0,0.0,0.0,0.0,0.0,0.21325908859686676,0.2618752094592366,0.45710201665295136,1.1551367176232648,1.5498325023164694,1.6319861145541057,0.7734872755290143,0.5949140522029852,0.46898853520864797,0.37203489396416334,0.16269134113854555,0.0,0.0,0.0,0.0,0.0,0.0,0.0
Simulation,720,0.0,0.0,0.0,0.0,0.0,0.0,0.19141082341885535,0.536606345902584,0.9182260038048919,0.8772914616643095,1.0438038834186965,1.0595209804664967,0.49100531124727587,0.3653640570567812,0.3285611866137792,0.34566970935410996,0.19621960671762373,0.0,0.0,0.0,0.0,0.0,0.0,0.0
Simulation,721,0.0,0.0,0.0,0.0,0.0,0.0,0.33636778817880253,0.6700321835570102,0.8880901358146075,0.5576927912329686,0.3301704899793636,0.2501899948744132,0.35913106675260364,0.4826087183277938,0.5420412573574234,0.564368771619626,0.10470732324695427,0.0,0.0,0.0,0.0,0.0,0.0,0.0
Simulation,722,0.0,0.0,0.0,0.0,0.0,0.0,0.0923328405436567,0.37747178270315473,0.9276621966842271,1.6466502037268542,1.9234052574653526,1.9320711967764606,1.060848124912304,0.9178823201135686,0.742487812013559,0.5541743811623485,0.12545546138258726,0.0,0.0,0.0,0.0,0.0,0.0,0.0
Simulation,723,0.0,0.0,0.0,0.0,0.0,0.0,0.39582924617392773,1.4354321249106272,1.9173964701799253,1.3915153029925316,1.5968851541885534,1.8429480748406546,1.1904106708688955,0.7688642216038213,0.4222859836500163,0.2607967740702844,0.19621960509927372,0.0,0.0,0.0,0.0,0.0,0.0,0.0
Simulation,724,0.0,0.0,0.0,0.0,0.0,0.0,0.2865930886539085,1.1122670744433123,1.8673810315712407,1.214397871436495,1.0833051131257088,0.8605990956983247,0.201769473314856,0.16354988951082805,0.16848213312361185,0.2763727382082644,0.12503718084526383,0.0,0.0,0.0,0.0,0.0,0.0,0.0
Simulation,725,0.0,0.0,0.0,0.0,0.0,0.0,0.942125290282233,1.487109600136004,1.7619160924736073,1.2525764907164123,1.29862245136641,1.229106742115579,0.42449994212080006,0.25930888129016727,0.18225725656212338,0.17334851117435324,0.07893697402677782,0.0,0.0,0.0,0.0,0.0,0.0,0.0
Simulation,726,0.0,0.0,0.0,0.0,0.0,0.0,0.053285492799682366,0.29545322468214497,0.8143668425313004,1.0534809210314444,0.9846069839285094,0.8552346605479724,0.41131659837773404,0.4255341458519787,0.4250465577719141,0.38420514429370933,0.09967532011879521,0.0,0.0,0.0,0.0,0.0,0.0,0.0
Simulation,727,0.0,0.0,0.0,0.0,0.0,0.0,0.3524839789342543,0.660892298959413,0.8482203913767641,0.6815606527727791,0.7616876491805835,0.8622429562236851,0.6875465163727389,0.6943441002778157,0.605278455538069,0.40223029268159655,0.09098627405029773,0.0,0.0,0.0,0.0,0.0,0.0,0.0
Simulation,728,0.0,0.0,0.0,0.0,0.0,0.0,0.0684601319768679,0.16629297877302185,0.4208577219572812,0.974765829107364,1.1430348381296127,1.1345718981288628,0.6843313745537721,0.7028674171969649,0.7616540657945532,1.0655483009452684,0.18286386923982945,0.0,0.0,0.0,0.0,0.0,0.0,0.0
Simulation,729,0.0,0.0,0.0,0.0,0.0,0.0,0.3419678895909273,0.7605894413501103,1.2565793967492733,1.37262565939588,1.667675892829136,1.9292636161741643,1.633623223822797,1.2998205233071025,0.9376607270581057,0.6902286231576142,0.19174795738765887,0.0,0.0,0.0,0.0,0.0,0.0,0.0
Simulation,730,0.0,0.0,0.0,0.0,0.0,0.0,0.34538526330267694,1.177282905190594,1.9104167292593681,1.8594635720091208,1.8683053607536928,1.6783906042345684,0.80493727012381,0.7044199020641386,0.5600638024710245,0.3502377774973731,0.09129061247751319,0.0,0.0,0.0,0.0,0.0,0.0,0.0
Simulation,731,0.0,0.0,0.0,0.0,0.0,0.0,0.2771477111569419,0.31699749294792495,0.27069138689897165,0.24035068119547542,0.5941682373806979,0.8653044123065055,0.42079608891507975,0.2891676530180992,0.2212947644665391,0.28396997054243084,0.09118097375731765,0.0,0.0,0.0,0.0,0.0,0.0,0.0
Simulation,732,0.0,0.0,0.0,0.0,0.0,0.0,0.5307734943332445,1.2338806395146,1.4400152552849643,0.5610943345522414,0.6423739098511456,0.8690655391460099,0.6835035103362711,0.6913064932403955,0.6318067867062465,0.7043269714878864,0.2192308997392614,0.0,0.0,0.0,0.0,0.0,0.0,0.0
Simulation,733,0.0,0.0,0.0,0.0,0.0,0.0,0.1479053330348314,0.25760253385198084,0.3912550729808091,0.2629645429026346,0.2929516032373858,0.3132793696870402,0.1360776849511099,0.08181029871813628,0.04662016917323686,0.07853241874474545,0.07572424791063004,0.0,0.0,0.0,0.0,0.0,0.0,0.0
Simulation,734,0.0,0.0,0.0,0.0,0.0,0.0,0.7074981869859489,0.7699470448171524,1.2429665914555066,1.5807530808650845,1.6676951380376783,1.6147418949415215,1.1132682682582982,0.9523804678812177,0.7415904728366522,0.537819819873429,0.09129758274936874,0.0,0.0,0.0,0.0,0.0,0.0,0.0
Simulation,735,0.0,0.0,0.0,0.0,0.0,0.0,0.3532160348006022,0.8807013868392091,1.5021643332007384,1.2130372685987296,1.0176678254547942,0.8596436471505937,0.6100545236546432,0.657137201547338,0.6474303866549432,0.4473854502810791,0.09225816175834069,0.0,0.0,0.0,0.0,0.0,0.0,0.0
Simulation,736,0.0,0.0,0.0,0.0,0.0,0.0,0.2820713734788024,0.4067275444161989,0.5144994327459294,0.8759144178763612,1.3714772844541474,1.629878782989227,0.8099398485668401,0.6612399940545486,0.5854801956638429,0.7289596128522164,0.1954608302575176,0.0,0.0,0.0,0.0,0.0,0.0,0.0
Simulation,737,0.0,0.0,0.0,0.0,0.0,0.0,0.3224627641453401,0.6640300303865877,0.8660010289732869,0.5734355899947596,0.757092220337977,0.9223192240909042,0.7232662187665042,0.7529344545765685,0.7642310490018702,1.1424385743095975,0.2497982524137482,0.0,0.0,0.0,0.0,0.0,0.0,0.0
Simulation,738,0.0,0.0,0.0,0.0,0.0,0.0,0.5968988709081344,0.7964281669276987,0.9829933334439975,0.2961189695365488,0.24018984539094312,0.300038675638411,0.15167661974255897,0.11278294312250203,0.10250087733480023,0.13745943853171086,0.08911355366813577,0.0,0.0,0.0,0.0,0.0,0.0,0.0
Simulation,739,0.0,0.0,0.0,0.0,0.0,0.0,0.3971213949326555,1.3391687696720025,1.9363889987745266,1.8524919853273256,1.9575031458634171,1.9647211177031867,0.9994536407413017,0.6924297339391186,0.439299294029591,0.33976090905435796,0.1703639305756034,0.0,0.0,0.0,0.0,0.0,0.0,0.0
Simulation,740,0.0,0.0,0.0,0.0,0.0,0.0,0.06755110965010555,0.5723870737902137,1.1801823107672824,0.9640596704868434,0.8705997040161328,0.8839069790115158,0.5869428434951958,0.534460985248528,0.4209580147651031,0.2752420572579944,0.08981960724753177,0.0,0.0,0.0,0.0,0.0,0.0,0.0
Simulation,741,0.0,0.0,0.0,0.0,0.0,0.0,0.7858256914495105,1.8001142367128948,2.035674173040502,1.8543394200361445,1.9064559849855318,1.906842642747263,1.5540131299564868,1.2435331123000353,0.7620156362909248,0.32445230671786224,0.08216077972920195,0.0,0.0,0.0,0.0,0.0,0.0,0.0
Simulation,742,0.0,0.0,0.0,0.0,0.0,0.0,0.5272036206095305,0.6939576581216093,1.0206079113583915,1.0897574565580945,1.2045350214299684,1.2739737635910382,1.0929874201546312,1.0835660770393996,0.8331140670317396,0.4243867741764549,0.08979553361218759,0.0,0.0,0.0,0.0,0.0,0.0,0.0
Simulation,743,0.0,0.0,0.0,0.0,0.0,0.0,0.24918015656223524,0.6403232227840827,0.9737652976760992,0.8811914878054213,0.956653475302585,1.1190290764511983,1.072605285017028,1.245591360094478,1.2177843234587409,0.9227107875810775,0.18871197736281264,0.0,0.0,0.0,0.0,0.0,0.0,0.0
Simulation,744,0.0,0.0,0.0,0.0,0.0,0.0,0.39717682591962283,1.2448906553317256,1.9242657012628444,1.8774635226617464,1.8988692723230813,1.7705884198962412,1.1854496664892205,1.0843778185889223,0.7766595803444353,0.4291677346434223,0.09214843864218719,0.0,0.0,0.0,0.0,0.0,0.0,0.0
Simulation,745,0.0,0.0,0.0,0.0,0.0,0.0,0.5084636594464407,1.0467462894014545,1.6763064545042492,1.6367802689745925,1.1814447181945762,0.7099613761853145,0.2775176418694479,0.3761703316310262,0.5129989632800038,0.709681845302092,0.0973487538091008,0.0,0.0,0.0,0.0,0.0,0.0,0.0
Simulation,746,0.0,0.0,0.0,0.0,0.0,0.0,0.38175288812515373,0.7877924082224229,1.2473235640028106,0.8554111279480805,0.8697244221341769,0.6809278333896434,0.1009514736238909,0.027955858789731614,0.028900419584029113,0.15092270520010473,0.09145294066666661,0.0,0.0,0.0,0.0,0.0,0.0,0.0
Simulation,747,0.0,0.0,0.0,0.0,0.0,0.0,0.4307800060388385,1.043302401418714,1.5080378358696773,0.7692057555019621,0.8109443071895834,0.8867407453798244,0.36092546310303986,0.16535040931980083,0.04112826136394643,0.04900354176858071,0.08420461186671839,0.0,0.0,0.0,0.0,0.0,0.0,0.0
Simulation,748,0.0,0.0,0.0,0.0,0.0,0.0,0.33691368872134936,0.7739658250853179,1.3725660171478864,1.4580600978982703,1.3588244900370112,1.2942386665588974,0.7126497590555209,0.642302498334847,0.4691345715499332,0.24704116032611653,0.0758196073333333,0.0,0.0,0.0,0.0,0.0,0.0,0.0
Simulation,749,0.0,0.0,0.0,0.0,0.0,0.0,0.2206883670044541,0.7618414072569072,1.5274256423106456,1.5739294253876794,1.5900332884830126,1.4904391684989986,0.7135704541536361,0.6098819317273667,0.5328102922650001,0.5801405586396797,0.2346824034067661,0.0,0.0,0.0,0.0,0.0,0.0,0.0
Simulation,750,0.0,0.0,0.0,0.0,0.0,0.0,0.42848098570626486,0.5727582341064321,0.678019872558292,0.7712194033675146,0.844672862032837,0.8701273199047719,0.6377111892620282,0.5878033974798458,0.46816148157936466,0.295471340745514,0.08002257348755902,0.0,0.0,0.0,0.0,0.0,0.0,0.0
Simulation,751,0.0,0.0,0.0,0.0,0.0,0.0,0.33282702617051857,0.7324445973978781,1.003106960510937,0.3248065748927381,0.30167262512273296,0.463196252975449,0.5180042634645572,0.4158429787702956,0.27539648794606353,0.17209702166143837,0.09129089964021454,0.0,0.0,0.0,0.0,0.0,0.0,0.0
Simulation,752,0.0,0.0,0.0,0.0,0.0,0.0,0.9232507590997214,1.0555640126043166,1.3834567791817274,1.256072745615342,1.5784395940816422,1.638636082807361,0.7699936744342122,0.5196519605029156,0.3687290838026231,0.32811106551337116,0.09382521965755485,0.0,0.0,0.0,0.0,0.0,0.0,0.0
Simulation,753,0.0,0.0,0.0,0.0,0.0,0.0,0.3209821340464901,0.6630477839140515,0.8817520233379621,0.5193811257330251,0.7156047590735766,0.8661337020935764,0.4659315437312186,0.31705686151590534,0.20718750879769363,0.2015946597018456,0.1491128831646511,0.0,0.0,0.0,0.0,0.0,0.0,0.0
Simulation,754,0.0,0.0,0.0,0.0,0.0,0.0,0.786583027288438,1.4071005019524248,1.8529914011549589,1.6393836731741862,1.7315117711775703,1.9001064562210683,1.8815132069890255,1.6241044567716458,1.1316233928038413,0.4744047757340653,0.11541168631712544,0.0,0.0,0.0,0.0,0.0,0.0,0.0
Simulation,755,0.0,0.0,0.0,0.0,0.0,0.0,0.27896436097908245,0.652716915157122,0.9560451223681448,1.1043929772321008,1.4722711765750374,1.6587782745897586,1.1098080908298429,1.002869254880057,0.7823985870803727,0.58304550630016,0.1323038180046918,0.0,0.0,0.0,0.0,0.0,0.0,0.0
Simulation,756,0.0,0.0,0.0,0.0,0.0,0.0,0.3345715815138084,0.6714751930603838,1.0197617437262039,1.00191859524816,1.2062842600723431,1.31270427588704,0.7254249311955318,0.5589511031101916,0.4162645445474897,0.31967634276789514,0.14558235289436267,0.0,0.0,0.0,0.0,0.0,0.0,0.0
Simulation,757,0.0,0.0,0.0,0.0,0.0,0.0,0.5006570422177349,0.6061014176754277,0.68591567006192,1.0209449111528508,1.43867586586368,1.6308584094835112,0.9826578085107202,0.7012046143818516,0.4508574901609526,0.26205319526435006,0.08071960737527971,0.0,0.0,0.0,0.0,0.0,0.0,0.0
Simulation,758,0.0,0.0,0.0,0.0,0.0,0.0,0.5303558582785902,1.488579492282629,1.9472763279249836,1.6131138631312596,1.6677222024334797,1.6146163031038299,0.6568074538697226,0.42988765826409603,0.3327846700440937,0.4719281051079396,0.23373239554486813,0.0,0.0,0.0,0.0,0.0,0.0,0.0
Simulation,759,0.0,0.0,0.0,0.0,0.0,0.0,1.5532102634280192,1.2147067005631091,1.4882251831038094,1.598113375678134,1.4614113097559138,1.2158792716784261,0.6452586921298895,0.6695420210879831,0.7449302619111886,0.7297336348982275,0.0758196073333333,0.0,0.0,0.0,0.0,0.0,0.0,0.0
Simulation,760,0.0,0.0,0.0,0.0,0.0,0.0,0.23931957270929843,0.6461068839526564,1.1092979406581254,1.0968427618566816,1.0420803708087205,0.9046230999040655,0.6215268094954071,0.6618704390261749,0.6154257366662453,0.40126879788694164,0.09043635526729356,0.0,0.0,0.0,0.0,0.0,0.0,0.0
Simulation,761,0.0,0.0,0.0,0.0,0.0,0.0,0.6849976232549078,0.8062443018820438,1.2553932397395637,1.5300883522446913,1.5900956467472698,1.446748802062644,0.6910583409451645,0.6139384033754224,0.6153127682688719,0.6903105344294477,0.12581300876037066,0.0,0.0,0.0,0.0,0.0,0.0,0.0
Simulation,762,0.0,0.0,0.0,0.0,0.0,0.0,0.19643126165718067,0.5747272265524218,0.8278697040789761,0.5275334406121728,0.8659555227355925,1.090591762514166,0.41100635592360735,0.20338795486104588,0.0919764715508275,0.042976052433108036,0.062465498011677306,0.0,0.0,0.0,0.0,0.0,0.0,0.0
Simulation,763,0.0,0.0,0.0,0.0,0.0,0.0,0.07730956188007346,0.5982130638693718,1.2105391000916597,0.9317052514265899,0.9031893049873089,0.8898689638567754,0.4242643794887724,0.33250206563955653,0.22205827344663268,0.1587015692981017,0.0774241356687638,0.0,0.0,0.0,0.0,0.0,0.0,0.0
Simulation,764,0.0,0.0,0.0,0.0,0.0,0.0,0.27073740673556024,0.6224026617288181,1.0887105727763606,1.1710331988637468,1.1438188957137116,0.9311841971567374,0.3110387068762634,0.2743034198863406,0.33872603719910666,0.5416167037206238,0.15402636339703824,0.0,0.0,0.0,0.0,0.0,0.0,0.0
Simulation,765,0.0,0.0,0.0,0.0,0.0,0.0,0.32642079778011013,0.84990736400294,1.4886075679437656,1.2265974748118826,1.4612757682832336,1.492163148897222,0.6084307777275745,0.3767034414845456,0.23336271116562435,0.19930677813208078,0.08161708112801253,0.0,0.0,0.0,0.0,0.0,0.0,0.0
Simulation,766,0.0,0.0,0.0,0.0,0.0,0.0,0.3026368003775854,0.9326214269874948,1.6059785375071889,1.3985754271506217,1.5614376114978663,1.7377066349086236,1.436679582154306,1.2031488459108663,0.7107542683131025,0.2828740550580988,0.09168151918040243,0.0,0.0,0.0,0.0,0.0,0.0,0.0
Simulation,767,0.0,0.0,0.0,0.0,0.0,0.0,0.7172867644840308,0.9095668386544677,1.2114923565224103,0.4964483196591509,0.46448316970885417,0.4642307410921642,0.23783296707473572,0.15159672328487928,0.11844012795733772,0.15662828629416237,0.09209687108196438,0.0,0.0,0.0,0.0,0.0,0.0,0.0
Simulation,768,0.0,0.0,0.0,0.0,0.0,0.0,0.9634525844393922,1.449513178054349,1.9178331077331248,1.8945730763597552,1.9699147701300033,1.9486618051774571,0.7951877747992213,0.4670763256719519,0.17982104226077936,0.0037528741645918573,0.024589701898500613,0.0,0.0,0.0,0.0,0.0,0.0,0.0
Simulation,769,0.0,0.0,0.0,0.0,0.0,0.0,0.5663966344685176,0.9576876874494382,1.488503022656868,1.224521850130267,1.167084795785664,1.101125391259311,0.5709682105680483,0.4588204335546253,0.35396182686241673,0.23746511959448488,0.08704037516529621,0.0,0.0,0.0,0.0,0.0,0.0,0.0
Simulation,770,0.0,0.0,0.0,0.0,0.0,0.0,0.40508400397373767,1.0016525464665622,1.544368648335141,1.4888547189193462,1.4632924584137845,1.44594943667478,0.9558992037059754,0.9514630726175269,0.7178903234893409,0.32133959032881876,0.07968355120877275,0.0,0.0,0.0,0.0,0.0,0.0,0.0
Simulation,771,0.0,0.0,0.0,0.0,0.0,0.0,0.30345534673939195,0.941736853433079,1.9040533371489854,1.954608952203164,1.9404746190774644,1.4805168283376315,0.25318489264489513,0.19104707172831498,0.28101586271517887,0.660912728284232,0.19615126582608805,0.0,0.0,0.0,0.0,0.0,0.0,0.0
Simulation,772,0.0,0.0,0.0,0.0,0.0,0.0,0.6208852279703561,1.186824372853533,1.6375105152695228,1.4014744315904775,1.2517424924718064,1.1627265536534963,0.7961041848084716,0.8402731314954983,0.7254750597950512,0.5113087503027746,0.10307746220968077,0.0,0.0,0.0,0.0,0.0,0.0,0.0
Simulation,773,0.0,0.0,0.0,0.0,0.0,0.0,0.32018753950144324,0.6164669751021569,0.9997624092894087,1.3681989231422425,1.497673654985336,1.5154471277074983,0.933808479500458,0.8024883093369812,0.6861780926580662,0.5895831954374666,0.12251982374728848,0.0,0.0,0.0,0.0,0.0,0.0,0.0
Simulation,774,0.0,0.0,0.0,0.0,0.0,0.0,0.3493657345333904,0.4786329788173722,0.4587928932277635,0.5076638740295083,1.063073949003828,1.3122076238896632,0.7747284038978324,0.541810376615287,0.3482791110536769,0.23651551051560235,0.08920398714518672,0.0,0.0,0.0,0.0,0.0,0.0,0.0
Simulation,775,0.0,0.0,0.0,0.0,0.0,0.0,1.515269635405034,1.6854308198571948,1.8832523807587265,1.2114944504028506,1.196830925397099,1.1603439739726726,0.6017912007985919,0.3761701678758327,0.23206440893750807,0.19704171092059225,0.09003731465262248,0.0,0.0,0.0,0.0,0.0,0.0,0.0
Simulation,776,0.0,0.0,0.0,0.0,0.0,0.0,0.15855686111664716,0.5301286991309024,1.0401867900068098,1.5488831615637493,1.806149831515542,1.8698753852908725,1.1455970743668666,1.0730104082375156,1.0907873405081712,1.728526951336169,0.25202316663702906,0.0,0.0,0.0,0.0,0.0,0.0,0.0
Simulation,777,0.0,0.0,0.0,0.0,0.0,0.0,0.15585980989831916,0.37377564456636214,0.7155682386672242,1.1577361536684472,1.4306003760045507,1.490535539282656,0.7364826725141778,0.5491901589876641,0.3932527907307681,0.2293038395096212,0.08214531959049733,0.0,0.0,0.0,0.0,0.0,0.0,0.0
Simulation,778,0.0,0.0,0.0,0.0,0.0,0.0,0.6508221414421356,1.0928211234260277,1.6619551583914545,1.7997783780971637,1.8233807168936307,1.6570250744068877,0.7076337906788346,0.5259706940154502,0.41671388377134516,0.3349224814339435,0.1401159491723748,0.0,0.0,0.0,0.0,0.0,0.0,0.0
Simulation,779,0.0,0.0,0.0,0.0,0.0,0.0,1.6117742535344834,2.0604946193793277,2.059852725346709,1.9902353315617765,1.9752603515870653,1.89399102425125,0.9072306757103744,0.7293696933279885,0.5835590422363562,0.38054458335510716,0.08999993972720745,0.0,0.0,0.0,0.0,0.0,0.0,0.0
Simulation,780,0.0,0.0,0.0,0.0,0.0,0.0,1.2927360394889653,1.4537049529661883,1.539163946099526,0.919296652895312,0.8615289778260201,0.8218281302566393,0.5492334806779091,0.4948233819758727,0.4289788996810556,0.34803571316188797,0.09137317265174959,0.0,0.0,0.0,0.0,0.0,0.0,0.0
Simulation,781,0.0,0.0,0.0,0.0,0.0,0.0,1.1546628494961892,1.6259795604419272,1.8778106993411396,1.4319522843914465,1.3088687811409745,1.328974614328095,1.2495861972638205,1.164846604127274,0.7509661196817518,0.31654971518741526,0.0890742579843347,0.0,0.0,0.0,0.0,0.0,0.0,0.0
Simulation,782,0.0,0.0,0.0,0.0,0.0,0.0,0.39541151131607827,0.8223149214380903,1.2560401962822405,0.6129385693913341,0.6831792506071728,0.7478782923618763,0.37952597778296626,0.20776776833711896,0.08459241736281203,0.016127967143097,0.06024436370750792,0.0,0.0,0.0,0.0,0.0,0.0,0.0
Simulation,783,0.0,0.0,0.0,0.0,0.0,0.0,0.13568915770604664,0.26146278883415014,0.44571463676723433,0.5080171546619618,0.526846685382857,0.5235226393405509,0.37045198959436887,0.3593755581127498,0.34221884149697857,0.3000391903828187,0.10921773120517067,0.0,0.0,0.0,0.0,0.0,0.0,0.0
Simulation,784,0.0,0.0,0.0,0.0,0.0,0.0,0.747524162671409,0.8925653165340672,1.2211389774434844,0.9483924083206932,1.1806448298467447,1.2719639599869037,0.6442989737706343,0.5058319069093928,0.38093655159583767,0.283705450220364,0.08822016735166732,0.0,0.0,0.0,0.0,0.0,0.0,0.0
Simulation,785,0.0,0.0,0.0,0.0,0.0,0.0,0.27733623512358924,0.28914091420481686,0.19971470452010853,0.05471742328725082,0.0817593971082422,0.1156340273034826,0.3409045624162509,0.35952524511594625,0.25808265789602586,0.08361687232070669,0.05310885697645229,0.0,0.0,0.0,0.0,0.0,0.0,0.0
Simulation,786,0.0,0.0,0.0,0.0,0.0,0.0,1.1789651487684376,1.8001403181531928,1.9286378163310913,1.2518487944333905,1.2928342969162707,1.5293020952295753,1.947777677773582,1.9404928643860526,1.8278546663894253,1.3942611243845893,0.24197259839915503,0.0,0.0,0.0,0.0,0.0,0.0,0.0
Simulation,787,0.0,0.0,0.0,0.0,0.0,0.0,0.4593510221997533,0.3811280735761342,0.2769228730797956,0.40401179250274055,0.47857464110950076,0.46134854168018213,0.3023855922194245,0.2947867649338405,0.32960109501982865,0.317667636636825,0.0877227648929511,0.0,0.0,0.0,0.0,0.0,0.0,0.0
Simulation,788,0.0,0.0,0.0,0.0,0.0,0.0,0.2934304465291824,0.37567841058959134,0.6444585090349706,1.4369776097599347,1.921272922362319,1.971405437482817,1.0202500383444584,0.7167298420225396,0.5936307810673517,0.683318463274496,0.23034018628619135,0.0,0.0,0.0,0.0,0.0,0.0,0.0
Simulation,789,0.0,0.0,0.0,0.0,0.0,0.0,0.35270061852159945,0.39746488891761383,0.39166397632124184,0.5087882424313579,0.36759756034299507,0.2693818585660711,0.3039316749724702,0.4125169765917905,0.533025308455599,0.7077163483714555,0.14451267691556263,0.0,0.0,0.0,0.0,0.0,0.0,0.0
Simulation,790,0.0,0.0,0.0,0.0,0.0,0.0,0.6658275287544275,0.6065507696054097,0.4739793049916068,0.3211938464412326,0.47471649346390754,0.3864513653405035,0.06408347299760042,0.015753816714671298,0.01992677348599592,0.1963045896540245,0.08985493351235428,0.0,0.0,0.0,0.0,0.0,0.0,0.0
Simulation,791,0.0,0.0,0.0,0.0,0.0,0.0,0.20893162134631077,0.28887612965205306,0.3910840353041155,0.4654007844250144,0.527346420634456,0.49871600390531545,0.24245364358029664,0.22667150941397207,0.2390034130157547,0.32410667828998113,0.0921896694847772,0.0,0.0,0.0,0.0,0.0,0.0,0.0
Simulation,792,0.0,0.0,0.0,0.0,0.0,0.0,0.27180581319363173,0.9760018476246297,1.884073861356089,1.7519654503930573,1.750449968087416,1.5698228275313115,0.4961418506561174,0.3042395093020047,0.21335428263722717,0.2511263786676753,0.09144259065112452,0.0,0.0,0.0,0.0,0.0,0.0,0.0
Simulation,793,0.0,0.0,0.0,0.0,0.0,0.0,1.9467812799568394,2.0523957353956455,1.9692363511876239,1.3408746039224295,1.2539161896009023,1.1489285788904753,0.5535597520109271,0.4688053861350802,0.43014238718050263,0.5312327168096268,0.1446575263428096,0.0,0.0,0.0,0.0,0.0,0.0,0.0
Simulation,794,0.0,0.0,0.0,0.0,0.0,0.0,0.2964480270864821,0.6891204013674997,1.0917855100970777,0.525935776186972,0.627351407149014,0.693186615463578,0.32258943568901766,0.21169695068346694,0.18887059226609185,0.339749465510052,0.23992165718053338,0.0,0.0,0.0,0.0,0.0,0.0,0.0
Simulation,795,0.0,0.0,0.0,0.0,0.0,0.0,0.3529400608787836,0.8710934069759544,1.2459324508321352,0.3499357989720635,0.22255058731546684,0.33427462489523996,0.4151329394783104,0.384694669740826,0.3055125293692196,0.23330956975981149,0.09025604151808526,0.0,0.0,0.0,0.0,0.0,0.0,0.0
Simulation,796,0.0,0.0,0.0,0.0,0.0,0.0,1.1863819597216336,2.064743274082073,2.069822227376211,2.003988884023073,2.0025086452919814,2.0220345069468757,1.9887222385365835,1.8988355542373432,1.4543367655570396,1.077603381107115,0.23872569854140124,0.0,0.0,0.0,0.0,0.0,0.0,0.0
Simulation,797,0.0,0.0,0.0,0.0,0.0,0.0,0.35584818768457976,0.7365876993226791,1.2630023242220223,1.1556461324625928,1.196368822079908,1.1628892615095412,0.5890190631968092,0.37384977112884266,0.23623999659636305,0.22615822281982942,0.14585855550131424,0.0,0.0,0.0,0.0,0.0,0.0,0.0
Simulation,798,0.0,0.0,0.0,0.0,0.0,0.0,0.5358907017649095,1.0442113978855672,1.6447247700091263,1.8103249739720852,1.9187308750068184,1.8303826471074853,1.025416299386824,0.7837594262868534,0.5444376614368328,0.31674173482711315,0.08885384010268205,0.0,0.0,0.0,0.0,0.0,0.0,0.0
Simulation,799,0.0,0.0,0.0,0.0,0.0,0.0,0.03663110715367557,0.287116284938737,0.8166266022904825,1.0146111777395719,0.932942887772577,0.887106849897754,0.5956488557118387,0.5605974943425311,0.4860195168838332,0.3513038988941655,0.14971337414806368,0.0,0.0,0.0,0.0,0.0,0.0,0.0
Simulation,800,0.0,0.0,0.0,0.0,0.0,0.0,0.26275863542404604,0.48039290837713255,0.9065283201931496,1.5319934189117816,1.5893626756298298,1.4961475607226078,0.91120500994641,0.8519400125089369,0.7260426479411421,0.5205153461333488,0.15775966356459153,0.0,0.0,0.0,0.0,0.0,0.0,0.0
Simulation,801,0.0,0.0,0.0,0.0,0.0,0.0,0.6803149244820509,1.449743744478734,1.9299821494015186,1.8896632746097048,1.9010671476464178,1.6975452561946,1.0247170883471497,1.0462665875309094,1.0940231324732514,1.485312260998527,0.23559055547364105,0.0,0.0,0.0,0.0,0.0,0.0,0.0
Simulation,802,0.0,0.0,0.0,0.0,0.0,0.0,1.3311192201786717,2.0149175610766417,2.0502052203816423,1.6106112906060184,1.3099557033461187,1.2539293218180596,1.1131122475414055,1.291797737703614,1.283101498976231,0.8107202620690112,0.14529037453597118,0.0,0.0,0.0,0.0,0.0,0.0,0.0
Simulation,803,0.0,0.0,0.0,0.0,0.0,0.0,0.322969417827056,1.125974397373346,1.8666553786209013,1.7219611516221123,1.9654116738793665,2.0131627399603333,1.55411595072297,1.0857328033230855,0.744263278241955,0.8357317318353522,0.25218603424438457,0.0,0.0,0.0,0.0,0.0,0.0,0.0
Simulation,804,0.0,0.0,0.0,0.0,0.0,0.0,0.7986395684120979,0.9725894781093536,1.2651078879007032,0.7695714029149938,0.7148693693072854,0.562209892517056,0.3353204446013076,0.2982991341407096,0.2885220292475019,0.293109171530134,0.092330074370695,0.0,0.0,0.0,0.0,0.0,0.0,0.0
Simulation,805,0.0,0.0,0.0,0.0,0.0,0.0,0.24537397398601413,0.5304241905572623,0.8183202573868529,0.8401436301081793,1.3656738841012566,1.6117040590386855,0.5265053169686673,0.16378911081107939,0.029077080285984158,0.047985347255753874,0.07765134016935737,0.0,0.0,0.0,0.0,0.0,0.0,0.0
Simulation,806,0.0,0.0,0.0,0.0,0.0,0.0,0.05672393779749113,0.18693674886778577,0.4751066523762889,1.0626225828233429,1.4677463214847972,1.72633138495915,1.1942747739837796,0.9180295156878499,0.5498089044644708,0.28113741786984303,0.08975572527363446,0.0,0.0,0.0,0.0,0.0,0.0,0.0
Simulation,807,0.0,0.0,0.0,0.0,0.0,0.0,0.38325502420728175,1.4060048060388408,1.937004446154365,1.794188923127871,1.5375364644174394,1.3121990859592165,0.6585147020220536,0.6530175747918017,0.6316375115683452,0.5950814557564049,0.1002551037605422,0.0,0.0,0.0,0.0,0.0,0.0,0.0
Simulation,808,0.0,0.0,0.0,0.0,0.0,0.0,0.45668968149167066,0.9014771969117467,1.6008606478277203,1.9158931731712903,2.041142667240005,2.0588705363158946,1.4896691902502013,1.0193666116253133,0.7422126824959592,0.8129721657942002,0.19621960284593484,0.0,0.0,0.0,0.0,0.0,0.0,0.0
Simulation,809,0.0,0.0,0.0,0.0,0.0,0.0,0.5609355448171447,1.1515799213547755,1.3862837081801618,0.7351649856460838,1.0441194505022957,1.2473120541624187,0.7863175870648924,0.62141789810468,0.4216045346626969,0.27841209211101087,0.10157796353651904,0.0,0.0,0.0,0.0,0.0,0.0,0.0
Simulation,810,0.0,0.0,0.0,0.0,0.0,0.0,1.3095904305459878,1.4541445451351325,1.6158650228327611,1.0257950493274837,1.0927842635309246,1.0729880797028324,0.4425338440901233,0.2983826849405936,0.2342727927382504,0.300004896335022,0.11748468962249428,0.0,0.0,0.0,0.0,0.0,0.0,0.0
Simulation,811,0.0,0.0,0.0,0.0,0.0,0.0,0.008756313022211526,0.423783118730486,1.1565769443750067,1.2367414961073968,1.1714093679271964,1.109707190828686,0.5693423943256835,0.5078061456594334,0.4152666382378296,0.28036176459995943,0.0897776951197519,0.0,0.0,0.0,0.0,0.0,0.0,0.0
Simulation,812,0.0,0.0,0.0,0.0,0.0,0.0,1.1550599230476382,1.2981560204333928,1.5006535279551203,1.251347542334362,1.3921086771796878,1.4050103251938968,0.7083437635314724,0.6146843387157312,0.5886926632390571,0.7862375524337573,0.16319022732896,0.0,0.0,0.0,0.0,0.0,0.0,0.0
Simulation,813,0.0,0.0,0.0,0.0,0.0,0.0,1.0348651123339907,0.9725265671376444,1.3317635132330141,1.384163380641002,1.9120038181605292,1.9590489782845637,0.6983985516528552,0.35706640447359783,0.2237358302873652,0.3484988010699863,0.19519756724671317,0.0,0.0,0.0,0.0,0.0,0.0,0.0
Simulation,814,0.0,0.0,0.0,0.0,0.0,0.0,0.28265942459556537,0.5231428937355536,0.8961307162789751,1.3491891171029546,1.3439658039650586,1.274168290973932,0.6915404246696195,0.6081135502539461,0.512575329866313,0.3428003102239461,0.08820009948166584,0.0,0.0,0.0,0.0,0.0,0.0,0.0
Simulation,815,0.0,0.0,0.0,0.0,0.0,0.0,1.9249012193307822,2.0192424557024404,2.0465444380029774,1.8312882142344344,1.7013364965958322,1.4544939787524627,0.6614525431143772,0.5539195269774138,0.5491133461865465,0.8012853055465196,0.19621960529906504,0.0,0.0,0.0,0.0,0.0,0.0,0.0
Simulation,816,0.0,0.0,0.0,0.0,0.0,0.0,0.5373575360054478,1.4463135183549396,1.8863004148599443,1.310657046974382,1.3441351561097108,1.3119949212784818,0.4659327381700248,0.30445992592760307,0.2245337614259166,0.27245914904161006,0.09760671321558739,0.0,0.0,0.0,0.0,0.0,0.0,0.0
Simulation,817,0.0,0.0,0.0,0.0,0.0,0.0,0.19653541041846218,0.35733157527075604,0.7101087512266795,1.0926697469559055,1.2932368607939548,1.1706868573477889,0.28393112886391275,0.1749595711113796,0.18857168840078695,0.3281805286709208,0.13545031095681526,0.0,0.0,0.0,0.0,0.0,0.0,0.0
Simulation,818,0.0,0.0,0.0,0.0,0.0,0.0,0.31786362471941554,0.6719652044535361,1.2008750127234749,1.5840033498966122,1.550143891534077,1.450809256756457,1.0502873636342778,1.1265363691932904,1.0223156965157763,0.5557753355289534,0.08683022417903039,0.0,0.0,0.0,0.0,0.0,0.0,0.0
Simulation,819,0.0,0.0,0.0,0.0,0.0,0.0,0.2689466179005437,0.7282614032462379,1.1989809802579452,0.5735174750095664,0.5273937071222532,0.5356333340279521,0.28875456341920813,0.2050985357856296,0.13657910669892906,0.07481428783821753,0.07337600472722326,0.0,0.0,0.0,0.0,0.0,0.0,0.0
Simulation,820,0.0,0.0,0.0,0.0,0.0,0.0,0.13098789612808448,0.6194941526553627,0.985925015894626,0.17971299531682816,0.14052435862861767,0.18425835760822662,0.12736273216300215,0.0684197765951371,0.034346360135059095,0.1277432776361917,0.1418309415853059,0.0,0.0,0.0,0.0,0.0,0.0,0.0
Simulation,821,0.0,0.0,0.0,0.0,0.0,0.0,0.6430698115745421,1.369184433494873,1.514246425732333,0.505226818393877,0.37482521381922196,0.4622768922914039,0.5250494376554047,0.518089898545112,0.43756492104765005,0.3417377312575808,0.15766010955045925,0.0,0.0,0.0,0.0,0.0,0.0,0.0
Simulation,822,0.0,0.0,0.0,0.0,0.0,0.0,0.2325194610772981,0.3690420287904315,0.7040429412572111,1.3748627844555037,1.4843020961282,1.364805640940911,0.7209592216046471,0.734907923162343,0.8333606622285903,0.9730480269981224,0.1284627283561302,0.0,0.0,0.0,0.0,0.0,0.0,0.0
Simulation,823,0.0,0.0,0.0,0.0,0.0,0.0,0.04330734990813259,0.17148299161800462,0.3000508652927397,0.10502178443046284,0.13401254946457652,0.23490832477712986,0.2557526029592222,0.20331505703654001,0.14101308160936693,0.12787522972707216,0.10018168367409717,0.0,0.0,0.0,0.0,0.0,0.0,0.0
Simulation,824,0.0,0.0,0.0,0.0,0.0,0.0,0.2883431472211331,0.6356753467043982,1.0083473724619754,1.0351269255034241,1.1718251529726968,1.1920369717595554,0.6689799069453579,0.5852403144852477,0.5610346935995051,0.8044602024966995,0.2358017526990671,0.0,0.0,0.0,0.0,0.0,0.0,0.0
Simulation,825,0.0,0.0,0.0,0.0,0.0,0.0,0.27302421484477113,0.43319942344951134,0.6097141106759825,0.48688105580548546,0.22885304454685274,0.2592725657595424,0.6568071829077906,0.9957491974830985,1.2542505424218064,1.341696498841318,0.2384196174433143,0.0,0.0,0.0,0.0,0.0,0.0,0.0
Simulation,826,0.0,0.0,0.0,0.0,0.0,0.0,1.3406520301116596,1.1513361177640675,1.3055856168913702,1.0386719087522525,1.1277654753000046,0.9978753746647205,0.3454542834952058,0.2609022682867552,0.266578564890908,0.30209730365159077,0.077779982391287,0.0,0.0,0.0,0.0,0.0,0.0,0.0
Simulation,827,0.0,0.0,0.0,0.0,0.0,0.0,0.9026084247624582,1.170579497790425,1.531925900631114,1.4323352614462435,1.5983334339329214,1.8292709838189882,1.7309518083617708,1.3279014585293267,0.6158106849463897,0.11578225292231215,0.05422558369233489,0.0,0.0,0.0,0.0,0.0,0.0,0.0
Simulation,828,0.0,0.0,0.0,0.0,0.0,0.0,0.6644761299269111,0.8073226959011095,1.2233654041635043,1.1683016662058907,1.2093474716860766,1.1739158219198786,0.6892877036377515,0.5740449125087367,0.44752462283371386,0.31996147250106205,0.08057808677600836,0.0,0.0,0.0,0.0,0.0,0.0,0.0
Simulation,829,0.0,0.0,0.0,0.0,0.0,0.0,0.2832029878613384,0.6734221308679654,1.1201466111233005,1.1555488892476984,1.18504880547018,1.1883311435261827,0.7731666434685174,0.7931417259330149,0.751872629376787,0.74276740805224,0.16412749419312397,0.0,0.0,0.0,0.0,0.0,0.0,0.0
Simulation,830,0.0,0.0,0.0,0.0,0.0,0.0,0.11791593844224513,0.4894337537692238,0.8199493173539903,0.4118466152668826,0.3998304532927378,0.5474351850277741,0.6418895381232447,0.6243014111360665,0.4886122933760575,0.3902811549721817,0.19621960372983138,0.0,0.0,0.0,0.0,0.0,0.0,0.0
Simulation,831,0.0,0.0,0.0,0.0,0.0,0.0,1.1476906876002213,0.803499954497998,0.897075504714451,0.82746957992961,1.1255668592404104,1.1967551702314974,0.6492176199730518,0.507897077313827,0.3924237898485982,0.27891182007833076,0.07651125617121868,0.0,0.0,0.0,0.0,0.0,0.0,0.0
Simulation,832,0.0,0.0,0.0,0.0,0.0,0.0,0.05558262792610913,0.11523964085439753,0.16955268170439253,0.5692727167254246,0.7262075183759782,0.6519215095527544,0.2243253503848866,0.2273808733177926,0.21781309939692559,0.18133445221946531,0.06582142787179376,0.0,0.0,0.0,0.0,0.0,0.0,0.0
Simulation,833,0.0,0.0,0.0,0.0,0.0,0.0,0.3882334988495504,0.7848662671401536,1.2832732766298085,1.2557517516513268,1.0622511097833018,0.8920498911819336,0.8558675204447865,1.166941650428293,1.1310336840562805,0.5296968886940101,0.08213856209828292,0.0,0.0,0.0,0.0,0.0,0.0,0.0
Simulation,834,0.0,0.0,0.0,0.0,0.0,0.0,0.35010551773978976,0.5465245992006349,0.6866532864031014,1.1016103997979263,1.5897890243578598,1.9196728402051608,1.662761570888819,1.306290828240851,0.8266070107926744,0.32514419101994113,0.08934145244338314,0.0,0.0,0.0,0.0,0.0,0.0,0.0
Simulation,835,0.0,0.0,0.0,0.0,0.0,0.0,0.21193364514390745,0.5136822584343345,0.819492846146368,0.9554172093352868,1.1020560793805785,1.1259678346534154,0.5987988764135084,0.5105819473292359,0.42996803415173784,0.3604409182265241,0.10290345599867952,0.0,0.0,0.0,0.0,0.0,0.0,0.0
Simulation,836,0.0,0.0,0.0,0.0,0.0,0.0,0.34539615916536603,0.3730539265078832,0.31180367495637373,0.4964205522679136,0.7067421427583334,0.6595941829715181,0.3140592353038363,0.3144733763669135,0.3991212791777359,0.4865860291529147,0.09251833509637368,0.0,0.0,0.0,0.0,0.0,0.0,0.0
Simulation,837,0.0,0.0,0.0,0.0,0.0,0.0,0.18641539778153646,0.5212804394906095,0.5664756621914374,0.05137952248499711,0.13757175332143723,0.4600895806845744,0.587366585097376,0.46602098030481076,0.25745430726891505,0.12022947250610436,0.08794762456725816,0.0,0.0,0.0,0.0,0.0,0.0,0.0
Simulation,838,0.0,0.0,0.0,0.0,0.0,0.0,0.7870250506051009,1.2506545525938633,1.7821429910352373,1.6623936605555674,1.4533501993149534,1.218099896386125,0.6386066505397817,0.6212208307704601,0.6440567608034709,0.6707877878886328,0.12868935102788673,0.0,0.0,0.0,0.0,0.0,0.0,0.0
Simulation,839,0.0,0.0,0.0,0.0,0.0,0.0,0.27548310138376153,0.6840554323008171,1.2015293883137428,1.1892805177269534,1.3173890655839533,1.3367135528414749,0.6700558515310931,0.5500131422095781,0.43831853978864643,0.3601983281917641,0.1419538949020426,0.0,0.0,0.0,0.0,0.0,0.0,0.0
Simulation,840,0.0,0.0,0.0,0.0,0.0,0.0,0.14454463036204213,0.25824736799958337,0.4879296826356204,0.9302011418230643,0.8524247720590615,0.6828486535877067,0.5761516519030171,0.7288161336655321,0.9899220138953313,0.8929271432956309,0.09924702228046448,0.0,0.0,0.0,0.0,0.0,0.0,0.0
Simulation,841,0.0,0.0,0.0,0.0,0.0,0.0,0.28501133680775903,0.7751295340855822,1.1277272178942717,0.46534170142497655,0.6683084447917539,0.9335484126518909,0.619888015229576,0.5108512342867007,0.3759051873689689,0.30754948150475037,0.16055420754229682,0.0,0.0,0.0,0.0,0.0,0.0,0.0
Simulation,842,0.0,0.0,0.0,0.0,0.0,0.0,0.7867384534868216,1.5128663058094949,1.7309510879489693,1.167911743477655,1.2934280125827002,1.4954442939803605,1.3908652827627412,1.5215107046865004,1.350703282905111,1.1880297052155993,0.23577651596796656,0.0,0.0,0.0,0.0,0.0,0.0,0.0
Simulation,843,0.0,0.0,0.0,0.0,0.0,0.0,1.515693794663659,1.4490803759544124,1.6028572145174003,1.441189273700096,1.6386135302091773,1.71333588893937,1.078871122412349,0.8096820166967287,0.6534014360206741,0.640736825935163,0.19949332958683336,0.0,0.0,0.0,0.0,0.0,0.0,0.0
Simulation,844,0.0,0.0,0.0,0.0,0.0,0.0,1.8701468626570763,1.7065676995184027,1.6337203082970424,0.9315701703798175,1.0701581059017866,0.9534208746537968,0.3242591965617304,0.18671078262131208,0.1720211118278058,0.2822323593726239,0.09045864831434997,0.0,0.0,0.0,0.0,0.0,0.0,0.0
Simulation,845,0.0,0.0,0.0,0.0,0.0,0.0,0.2573998483952916,0.3843290990384407,0.5542761408813183,0.8515924553382523,1.27701061357412,1.5443230305293878,1.18937859135951,0.9778099054123133,0.6664195144336927,0.3970513683174052,0.1532633049769721,0.0,0.0,0.0,0.0,0.0,0.0,0.0
Simulation,846,0.0,0.0,0.0,0.0,0.0,0.0,0.31933076200968835,0.7918329143657277,1.374961547664769,1.4812862492693983,1.3014453118199885,1.200270871429079,0.8246860788232755,1.1509215908794066,1.435145963728271,1.3574406289817114,0.1571571745031973,0.0,0.0,0.0,0.0,0.0,0.0,0.0
Simulation,847,0.0,0.0,0.0,0.0,0.0,0.0,0.34149063099980764,0.8518316608154791,1.4358021303735953,1.1635593946355065,1.1268312188360237,1.0809322646881463,0.5491905133586,0.49347605150188445,0.44759960891149086,0.5184104020006796,0.19436742187639516,0.0,0.0,0.0,0.0,0.0,0.0,0.0
Simulation,848,0.0,0.0,0.0,0.0,0.0,0.0,0.8473680268751798,1.124520363581377,1.4959448955646903,0.9815117053994741,0.9760587996078791,0.9426678102138732,0.5487865494961518,0.35805659884010665,0.21531833000530218,0.18587529454553003,0.09575144803183036,0.0,0.0,0.0,0.0,0.0,0.0,0.0
Simulation,849,0.0,0.0,0.0,0.0,0.0,0.0,0.5610876397621283,0.9999500535472534,1.3243233333775384,0.6618702604116709,0.5050076923759638,0.3547823921057167,0.16688896329223485,0.17732738450829177,0.2051146458853693,0.30693437353149616,0.09976326768855522,0.0,0.0,0.0,0.0,0.0,0.0,0.0
Simulation,850,0.0,0.0,0.0,0.0,0.0,0.0,1.806561871644071,1.929188745440963,1.9637630840177618,1.670845147685057,1.5969813605515617,1.405791470664504,0.6255056175965751,0.44348196086054753,0.35888927979549734,0.39745700747221374,0.16093052757957843,0.0,0.0,0.0,0.0,0.0,0.0,0.0
Simulation,851,0.0,0.0,0.0,0.0,0.0,0.0,0.24399040872698452,0.389595967381786,0.715048343260064,1.7100582294624087,1.9939087027680702,2.029257965042708,1.6148869126117948,1.2883780912741793,1.094224208009683,0.7860497114606515,0.12871396636358143,0.0,0.0,0.0,0.0,0.0,0.0,0.0
Simulation,852,0.0,0.0,0.0,0.0,0.0,0.0,0.3196238298969689,0.6804990874196778,0.9777017298313769,0.5057070610078842,0.4630649260181554,0.4642291388881964,0.3717689826591901,0.3856792803897344,0.423797050989884,0.7435788711495412,0.23427520901950616,0.0,0.0,0.0,0.0,0.0,0.0,0.0
Simulation,853,0.0,0.0,0.0,0.0,0.0,0.0,0.45499091804413305,0.34026563863775244,0.15999582920971456,0.027997820040591148,0.07802767549496048,0.09191147059372873,0.030524980197252582,0.02737014683971417,0.12065137858110797,0.3901258973448686,0.14646962629546573,0.0,0.0,0.0,0.0,0.0,0.0,0.0
Simulation,854,0.0,0.0,0.0,0.0,0.0,0.0,0.6725909062509121,0.8496731639516473,1.3690548782003067,1.4238368109281572,1.6107271517993236,1.6089448746526067,0.6233888544409018,0.32198972588604635,0.11824605023261914,0.0,0.02817622998271268,0.0,0.0,0.0,0.0,0.0,0.0,0.0
Simulation,855,0.0,0.0,0.0,0.0,0.0,0.0,0.4887870416632476,0.7846281471903697,1.211393325958372,1.0912921297851028,1.0085219092234188,0.9102269863294784,0.8259929776484267,1.1262332488387734,1.3272931194268451,1.1885671408974239,0.16288127211731018,0.0,0.0,0.0,0.0,0.0,0.0,0.0
Simulation,856,0.0,0.0,0.0,0.0,0.0,0.0,0.3971205203258993,0.8185630980727026,1.124144390201771,0.33677758050678785,0.15449894556387644,0.24151772664671,0.5664230610439672,0.6040909518162667,0.5390354487295282,0.35427271128127685,0.1413502404087188,0.0,0.0,0.0,0.0,0.0,0.0,0.0
Simulation,857,0.0,0.0,0.0,0.0,0.0,0.0,0.6968667523639775,0.8555464445093469,1.0920029100687578,0.6543229466937504,0.7696334061121106,1.0496868908069723,0.9623108576276862,0.9916467618278452,0.7425205373297562,0.4141663123888002,0.13140458691444148,0.0,0.0,0.0,0.0,0.0,0.0,0.0
Simulation,858,0.0,0.0,0.0,0.0,0.0,0.0,0.3424374568429211,0.7721130944077321,1.2106972640535092,0.9815883649090085,1.194313021573448,1.3273129704108664,0.8703722098353633,0.7274732526987192,0.4876090516789511,0.2825518779278315,0.10105963689229125,0.0,0.0,0.0,0.0,0.0,0.0,0.0
Simulation,859,0.0,0.0,0.0,0.0,0.0,0.0,0.281200673627106,0.42794732746427666,0.5361235518056919,0.6527710070874814,0.9007402005458982,1.1244672795463884,0.8536925756220861,0.8428519438081029,0.6566872949934486,0.33955456413289303,0.0909862738629745,0.0,0.0,0.0,0.0,0.0,0.0,0.0
Simulation,860,0.0,0.0,0.0,0.0,0.0,0.0,1.6650782667399233,1.9009140958650692,1.9514818351039143,1.3909462901944032,1.2766776148058074,1.1677436596097086,0.5970054054024876,0.42377451116038445,0.3572478177650983,0.4144959264382455,0.1513377175789543,0.0,0.0,0.0,0.0,0.0,0.0,0.0
Simulation,861,0.0,0.0,0.0,0.0,0.0,0.0,0.41278677818492704,0.7590544585511553,1.245050004095192,1.5713390983531577,1.7998177180480162,1.9203966624885074,1.617933886592258,1.2795573481756972,0.7347401744217196,0.22849402814919784,0.057199396837660385,0.0,0.0,0.0,0.0,0.0,0.0,0.0
Simulation,862,0.0,0.0,0.0,0.0,0.0,0.0,0.21177948713258465,0.622294054998756,1.0396909979786402,0.9090288433378857,1.1498317912548714,1.2924205324261449,0.7579093119002963,0.5508793668751428,0.3019343450995452,0.08005376684565813,0.07539378918408605,0.0,0.0,0.0,0.0,0.0,0.0,0.0
Simulation,863,0.0,0.0,0.0,0.0,0.0,0.0,0.36640602111190856,1.016901999439519,1.628514087424981,1.3814006388105693,1.2751049565277797,1.1868945028256992,0.6438842388757002,0.5543285086792937,0.4255839608574802,0.2939333123945842,0.08955165707464308,0.0,0.0,0.0,0.0,0.0,0.0,0.0
Simulation,864,0.0,0.0,0.0,0.0,0.0,0.0,0.38619847007637514,0.7633578199392829,1.0789992317458088,0.6597925559201743,0.5677359649134469,0.4874139327462421,0.4658760595765331,0.4792916715089291,0.41931346296752287,0.2545885158150508,0.07061301518834893,0.0,0.0,0.0,0.0,0.0,0.0,0.0
Simulation,865,0.0,0.0,0.0,0.0,0.0,0.0,0.2119758466794876,0.5036677634837098,0.8185578197918304,0.8725847864884768,1.25153729272063,1.3184691849723635,0.5522504240517706,0.32288613556864876,0.21779134592736846,0.28024934826410086,0.1633171249223027,0.0,0.0,0.0,0.0,0.0,0.0,0.0
Simulation,866,0.0,0.0,0.0,0.0,0.0,0.0,1.6265943726152388,1.8143246742632424,1.9538511844710138,1.9085049696694605,1.8027808446987579,1.4994936540366774,1.042634776793029,1.3529673149387824,1.6472192294773484,1.9269408533700894,0.20578984926543709,0.0,0.0,0.0,0.0,0.0,0.0,0.0
Simulation,867,0.0,0.0,0.0,0.0,0.0,0.0,0.8606622324203137,1.454011566987746,1.8992215721608148,1.4345686233721535,1.2518572606884562,1.007818714534267,0.3576755125963559,0.30426688639559984,0.3322536173271947,0.4485701454850348,0.13347417041464715,0.0,0.0,0.0,0.0,0.0,0.0,0.0
Simulation,868,0.0,0.0,0.0,0.0,0.0,0.0,1.5206928520224665,1.389107566441802,1.5770885918943838,1.606394659618855,1.7572102670328933,1.6114329694047633,0.5872567400264723,0.3759917826938859,0.3427198963739335,0.33551954243185667,0.09039583123078354,0.0,0.0,0.0,0.0,0.0,0.0,0.0
Simulation,869,0.0,0.0,0.0,0.0,0.0,0.0,0.31307560569567583,0.6805688605077332,1.1433798206963326,1.2452202265819248,1.4359770318514855,1.3936915077303456,0.6047887472558454,0.43985660285934614,0.3777137595710378,0.34615664487416964,0.10647560416712518,0.0,0.0,0.0,0.0,0.0,0.0,0.0
Simulation,870,0.0,0.0,0.0,0.0,0.0,0.0,0.24738333665966114,0.8401004503516868,1.4149321558030308,0.7943196492428612,0.6291733497098229,0.5583580346947284,0.3893720145511097,0.4224983816264814,0.4194147464372721,0.38285256261203193,0.10608507231447817,0.0,0.0,0.0,0.0,0.0,0.0,0.0
Simulation,871,0.0,0.0,0.0,0.0,0.0,0.0,0.32011313979862466,0.6929453661603339,1.0904857772364096,0.9811435831523966,1.0997755794676378,1.1477201057042827,0.6991232189179795,0.6515778784835611,0.48477415308881633,0.2796261653771378,0.07836639915594974,0.0,0.0,0.0,0.0,0.0,0.0,0.0
Simulation,872,0.0,0.0,0.0,0.0,0.0,0.0,0.23716910213707199,0.3290865876573235,0.48922414543219483,0.6584922820038939,0.7929022456938197,0.7668893194839059,0.42449286779836415,0.3958991285439489,0.41301042121340475,0.42678429945534346,0.09185971311985958,0.0,0.0,0.0,0.0,0.0,0.0,0.0
Simulation,873,0.0,0.0,0.0,0.0,0.0,0.0,0.8912682093281474,0.6698943138394259,0.3916370956059241,0.10434192634888162,0.3985949410463281,0.8741531526572555,0.6213008279499881,0.4102834652211835,0.190231226774099,0.06620499285302298,0.05686216458460494,0.0,0.0,0.0,0.0,0.0,0.0,0.0
Simulation,874,0.0,0.0,0.0,0.0,0.0,0.0,0.31509571112887436,0.6845031199802594,1.4985132432247148,1.996443582322164,1.9969001496346557,1.9356197297406528,0.8929905129921527,0.6934783884488029,0.4798833190287264,0.2596072560953226,0.0756624203221165,0.0,0.0,0.0,0.0,0.0,0.0,0.0
Simulation,875,0.0,0.0,0.0,0.0,0.0,0.0,0.14413747253416131,0.5783540433973298,1.129364546089356,1.3120966141360761,1.1657126987238557,0.9696659415546678,0.41205834989648665,0.3936253009383894,0.35112714080244256,0.21092800268113432,0.0758196073333333,0.0,0.0,0.0,0.0,0.0,0.0,0.0
Simulation,876,0.0,0.0,0.0,0.0,0.0,0.0,1.1716774214192465,1.668032608467136,1.8641113929724922,1.319598113454028,1.4351486970600091,1.5053276653540772,0.9787577598415289,0.8103337912246862,0.6822038954824704,0.695072491856014,0.1962196027064511,0.0,0.0,0.0,0.0,0.0,0.0,0.0
Simulation,877,0.0,0.0,0.0,0.0,0.0,0.0,0.3532777412261743,0.13661648540961413,0.03327345567678819,0.03311791805281039,0.3395684529356192,0.43385454150856495,0.05904427872688267,0.013030313682910855,0.02452168299375257,0.2993792945945351,0.09097340583224789,0.0,0.0,0.0,0.0,0.0,0.0,0.0
Simulation,878,0.0,0.0,0.0,0.0,0.0,0.0,0.5180979199812947,0.616482141296119,0.6290043686906422,0.28806624244966506,0.30300311488103293,0.31148253487080646,0.17844958386928184,0.1260833099967617,0.11170780682757281,0.11797044258197567,0.0758196073333333,0.0,0.0,0.0,0.0,0.0,0.0,0.0
Simulation,879,0.0,0.0,0.0,0.0,0.0,0.0,1.9445105869622064,1.6493895408836248,1.3826493915527975,0.7459180675390997,0.9430023710789022,1.1465128416171897,0.9424147710704649,0.7830247796286594,0.587350292526586,0.4026563599773174,0.09203421813446733,0.0,0.0,0.0,0.0,0.0,0.0,0.0
Simulation,880,0.0,0.0,0.0,0.0,0.0,0.0,0.4370021263125521,0.8546413488497345,1.3568104717496654,1.1731475127303008,1.1083944945713153,1.0717187245590412,0.7557647085742183,0.9631090775486946,1.0915350034905615,1.1511739961534744,0.19621960319460052,0.0,0.0,0.0,0.0,0.0,0.0,0.0
Simulation,881,0.0,0.0,0.0,0.0,0.0,0.0,0.21133347218118187,0.8115212828583217,1.6049838635972278,1.333461144531009,1.3100888897166085,1.3285164129792155,0.7203351303337272,0.5622879759619543,0.37568581225685455,0.1993045229440655,0.08981960688478201,0.0,0.0,0.0,0.0,0.0,0.0,0.0
Simulation,882,0.0,0.0,0.0,0.0,0.0,0.0,0.3013426369468164,0.7963250162705279,1.473026538494418,1.1636499672571978,1.2637598006242832,1.2999590220004131,0.6904688747368164,0.4922864294955231,0.3235522935804571,0.28202762976494794,0.16315528218273617,0.0,0.0,0.0,0.0,0.0,0.0,0.0
Simulation,883,0.0,0.0,0.0,0.0,0.0,0.0,0.44578364743709475,0.561316662098071,0.6571390976687759,1.1586882660860471,1.9190368080023112,2.0095123622861535,0.9697150995488226,0.5434237658366594,0.3683291753757895,0.3387291027624114,0.1289073694219251,0.0,0.0,0.0,0.0,0.0,0.0,0.0
Simulation,884,0.0,0.0,0.0,0.0,0.0,0.0,0.3097509980087742,0.623271379544779,0.911913948035064,0.8559900767456302,0.8992577888623249,0.8914738576161751,0.574450022213831,0.4690103729404105,0.33273897195997176,0.14591343686067015,0.07403823556037269,0.0,0.0,0.0,0.0,0.0,0.0,0.0
Simulation,885,0.0,0.0,0.0,0.0,0.0,0.0,0.2564418253348582,0.8589493617059476,1.3329534929067948,0.6522187189775408,0.6246837970101334,0.853289652641416,0.7758978857364954,0.9309636947555795,0.7597612266145843,0.4481230985577901,0.1296601317862985,0.0,0.0,0.0,0.0,0.0,0.0,0.0
Simulation,886,0.0,0.0,0.0,0.0,0.0,0.0,0.3241655223697422,0.6015103821566614,0.9396349975715191,1.1589436347141104,1.296554044789868,1.2233006032881335,0.5705832672483215,0.44086486561135907,0.4215906631203138,0.6079225291356984,0.15740572130626612,0.0,0.0,0.0,0.0,0.0,0.0,0.0
Simulation,887,0.0,0.0,0.0,0.0,0.0,0.0,0.39362328664797613,0.7053570638917309,0.7942624045482759,0.11820781500170885,0.19470647893278548,0.46244066608820134,0.5727798427312584,0.46821600808482366,0.29292161968690505,0.1269700655415328,0.08099126747682316,0.0,0.0,0.0,0.0,0.0,0.0,0.0
Simulation,888,0.0,0.0,0.0,0.0,0.0,0.0,0.2129977914367082,0.2282629153794975,0.18086118329368128,0.1040512778242727,0.07920500300099809,0.09302344886350511,0.09926580189378065,0.08195786100360608,0.09489909207797376,0.06646330300858286,0.07063107764984805,0.0,0.0,0.0,0.0,0.0,0.0,0.0
Simulation,889,0.0,0.0,0.0,0.0,0.0,0.0,0.27309366275842434,0.6570720744049041,1.2027455826030786,1.375566988105886,1.3488917819535582,1.1595752062166482,0.31963910875782064,0.24843067206196184,0.2832476215568376,0.33804144340762654,0.12016424997976907,0.0,0.0,0.0,0.0,0.0,0.0,0.0
Simulation,890,0.0,0.0,0.0,0.0,0.0,0.0,0.32094187602009333,0.5786589478112956,0.8943771763032763,1.217452792303095,1.4465301085191216,1.404881360832748,0.6062715969127148,0.39981894965194403,0.3065982502856786,0.2733081834925407,0.08733392704485618,0.0,0.0,0.0,0.0,0.0,0.0,0.0
Simulation,891,0.0,0.0,0.0,0.0,0.0,0.0,0.034848973839456454,0.1300432493579663,0.2557777380772337,0.4994471177825176,0.8796023467576792,0.922144738202953,0.14544944719302372,0.08278055426982289,0.16342594500341312,0.6252423038743898,0.24582945968917091,0.0,0.0,0.0,0.0,0.0,0.0,0.0
Simulation,892,0.0,0.0,0.0,0.0,0.0,0.0,0.17382917458584443,0.31489484888546326,0.669748554551969,1.5728937475889424,1.9896130496404685,2.0226898792812875,0.8274031993663178,0.5413003557285767,0.42614609511167795,0.5176412830094038,0.16456726661767762,0.0,0.0,0.0,0.0,0.0,0.0,0.0
Simulation,893,0.0,0.0,0.0,0.0,0.0,0.0,0.49247352486408535,0.7551106946455631,0.9616006323249705,0.4050042061541834,0.44385243713623,0.46701644945635545,0.3362890870960933,0.24801661232309957,0.17208591879751506,0.13175394656288958,0.07785899592424415,0.0,0.0,0.0,0.0,0.0,0.0,0.0
Simulation,894,0.0,0.0,0.0,0.0,0.0,0.0,0.11313982203688486,0.3719397148455678,0.6728545132802664,0.46532652735670565,0.31388847232187056,0.1886216464880962,0.0993391442377316,0.08167403894699998,0.13555977875832748,0.20210010548823623,0.0890093617031495,0.0,0.0,0.0,0.0,0.0,0.0,0.0
Simulation,895,0.0,0.0,0.0,0.0,0.0,0.0,0.7430299547299974,0.8733864812500458,1.3031703146109563,1.4511514699998929,1.880374647164916,1.9642416676975718,1.1912598958363003,0.8583606563604875,0.6551918211277504,0.6316599254302129,0.19388453980502118,0.0,0.0,0.0,0.0,0.0,0.0,0.0
Simulation,896,0.0,0.0,0.0,0.0,0.0,0.0,0.5884374240748023,0.767666362991333,0.9614006746815383,0.2304718959975126,0.21841244279682415,0.3011344887269545,0.15533500366248543,0.0732441122952388,0.027077805763577656,0.06772824691618448,0.08214672583991053,0.0,0.0,0.0,0.0,0.0,0.0,0.0
Simulation,897,0.0,0.0,0.0,0.0,0.0,0.0,0.5068917330517138,0.6355451747692507,0.7039562601516456,0.6257106472844454,1.006674946701776,1.1674283691972798,0.7819021290957248,0.6829275404681384,0.6044582596756418,0.7964518096805041,0.1999857512905402,0.0,0.0,0.0,0.0,0.0,0.0,0.0
Simulation,898,0.0,0.0,0.0,0.0,0.0,0.0,0.11739668185032393,0.6136700511261802,1.0643225690130242,0.6848391175536834,1.1073000240676154,1.2717009510816688,0.41343289829632507,0.20091624688562648,0.13485042223164087,0.27602421780440145,0.2336669620435311,0.0,0.0,0.0,0.0,0.0,0.0,0.0
Simulation,899,0.0,0.0,0.0,0.0,0.0,0.0,0.47101894077110973,0.8255247457647079,1.325329746747279,1.3749200506375747,1.3660456522476512,1.319830456512714,0.734732501228628,0.7226391351122424,0.7266301382842394,0.7944044427193775,0.192995473682735,0.0,0.0,0.0,0.0,0.0,0.0,0.0
Simulation,900,0.0,0.0,0.0,0.0,0.0,0.0,0.08185742283836214,0.5103303850087454,1.0549876422659208,1.1868235703047971,1.0909279401830527,1.1208984611452104,1.2682526084196475,1.5760368776808933,1.1316736599863624,0.2576489842824041,0.06115325580020845,0.0,0.0,0.0,0.0,0.0,0.0,0.0
Simulation,901,0.0,0.0,0.0,0.0,0.0,0.0,0.32602684360429035,0.7935889708940924,1.2830361716285816,1.0378502466265032,1.2735481113048197,1.4511491421096476,1.0763786915152007,0.8810002900760954,0.6004817837052163,0.34236013130778903,0.09777212319960733,0.0,0.0,0.0,0.0,0.0,0.0,0.0
Simulation,902,0.0,0.0,0.0,0.0,0.0,0.0,0.5793585062792177,1.027160284143533,1.5189442398706132,1.2255302686154403,1.3086594792560031,1.3122116795012522,0.5961662556284902,0.3549255344286228,0.18297810662961986,0.09568555232411324,0.06734923315006384,0.0,0.0,0.0,0.0,0.0,0.0,0.0
Simulation,903,0.0,0.0,0.0,0.0,0.0,0.0,0.5301054798756747,0.8081099241892348,1.1559189367327118,0.9306046703358676,1.1419461653770433,1.3081787143978512,1.1760080301415383,1.1083701802506514,0.8309760488338858,0.5154293943200285,0.1632335909034524,0.0,0.0,0.0,0.0,0.0,0.0,0.0
Simulation,904,0.0,0.0,0.0,0.0,0.0,0.0,0.15713205806094155,0.27847918158925694,0.32953078457412643,0.10433142237809057,0.21527768381399348,0.4642048121863882,0.3130018539626921,0.12688624354006012,0.01872770861606965,0.0,0.05858959919859978,0.0,0.0,0.0,0.0,0.0,0.0,0.0
Simulation,905,0.0,0.0,0.0,0.0,0.0,0.0,0.3648192265248786,1.2120074960188623,1.6294034400320712,0.8258562007522304,0.8082171463400717,1.0810077566215184,1.020755256698259,1.018429095125934,0.7043774777174685,0.4514754939141499,0.1965772698541594,0.0,0.0,0.0,0.0,0.0,0.0,0.0
Simulation,906,0.0,0.0,0.0,0.0,0.0,0.0,0.5915705638407285,0.8153437522415292,1.24314860353478,1.0350800148052186,1.2086819488852658,1.1998263466749375,0.411063916405491,0.2033146685741551,0.1350442157977412,0.1490614865541591,0.08823800398709626,0.0,0.0,0.0,0.0,0.0,0.0,0.0
Simulation,907,0.0,0.0,0.0,0.0,0.0,0.0,0.30442804352917946,0.8093721955114075,1.2558529053274063,0.5060081952595772,0.23022502858597182,0.33509703282044323,0.7283007393704226,1.0117009896316194,0.9212967730188328,0.6449044927941477,0.19547968421748824,0.0,0.0,0.0,0.0,0.0,0.0,0.0
Simulation,908,0.0,0.0,0.0,0.0,0.0,0.0,0.33704537562622766,0.6345358858190412,0.8172432715856718,0.6848719452896004,0.8521649450418185,0.893975459837823,0.5410074496541879,0.4654222869965942,0.40581525713982297,0.3208719954203479,0.08911828397284557,0.0,0.0,0.0,0.0,0.0,0.0,0.0
Simulation,909,0.0,0.0,0.0,0.0,0.0,0.0,0.12501381206412424,0.6371426415326685,1.2121046780545253,1.0139423146923634,1.036529486788545,0.9534758207777349,0.595790651082516,0.5582804672803874,0.5293402912318304,0.540173614357606,0.19456759123025402,0.0,0.0,0.0,0.0,0.0,0.0,0.0
Simulation,910,0.0,0.0,0.0,0.0,0.0,0.0,0.1504270158151764,0.5727609651958137,1.0177794798045872,1.0387281367411303,1.0894867421655623,1.0874904205460856,0.6436062782895962,0.6241785479156382,0.5224490936514206,0.30408173175286685,0.08971625365497406,0.0,0.0,0.0,0.0,0.0,0.0,0.0
Simulation,911,0.0,0.0,0.0,0.0,0.0,0.0,0.202192698202641,0.36504333494048785,0.4756859462784051,0.3265867980975564,0.5178547680352018,0.5108211285022307,0.0915475224546961,0.014817296778752487,0.0,0.06011339443015151,0.07635432520413832,0.0,0.0,0.0,0.0,0.0,0.0,0.0
Simulation,912,0.0,0.0,0.0,0.0,0.0,0.0,0.5358568673142983,0.5484852299293349,0.7505478790145726,1.5012078459276776,1.9616026779214129,1.9202534965299227,0.4101583832590324,0.15164428846771255,0.15289201479979977,0.2993357083728182,0.086342653743488,0.0,0.0,0.0,0.0,0.0,0.0,0.0
Simulation,913,0.0,0.0,0.0,0.0,0.0,0.0,0.10535325457828265,0.5562928698929047,0.9372441730482364,0.3162389190415038,0.12079601686267649,0.12872252545126872,0.3255657499299432,0.3210882619345794,0.18241846858521826,0.050877073773686554,0.07369554413980338,0.0,0.0,0.0,0.0,0.0,0.0,0.0
Simulation,914,0.0,0.0,0.0,0.0,0.0,0.0,0.3156549350767285,0.9684804045535861,1.6879035082858898,1.564890243565792,1.2888039143723418,1.1454564843385,0.7171905840380086,0.7882507763246668,0.7457126895470627,0.5420635997882688,0.10378644566395491,0.0,0.0,0.0,0.0,0.0,0.0,0.0
Simulation,915,0.0,0.0,0.0,0.0,0.0,0.0,0.349254870378639,0.7847705572938406,1.443146969006184,1.8751796906115097,2.0014850562463353,2.0230943563218364,1.2251702081955465,0.7327152303166222,0.40580721443794926,0.10144468579394253,0.05686365289849279,0.0,0.0,0.0,0.0,0.0,0.0,0.0
Simulation,916,0.0,0.0,0.0,0.0,0.0,0.0,0.6207994906654878,0.6317366530438753,0.6217739422423209,0.5199170540871965,0.9117612344400219,1.077638991938001,0.38993058031936,0.245714516938691,0.21349892180217037,0.3349629448889386,0.13155614333844767,0.0,0.0,0.0,0.0,0.0,0.0,0.0
Simulation,917,0.0,0.0,0.0,0.0,0.0,0.0,0.18357043732979517,0.3220210560196456,0.5393953402612044,0.6471409616247563,0.9265396695243304,1.0865129015061186,0.4515476954487987,0.25908154789876187,0.1668192262570115,0.1549805487888118,0.09098627380118196,0.0,0.0,0.0,0.0,0.0,0.0,0.0
Simulation,918,0.0,0.0,0.0,0.0,0.0,0.0,0.45259116344374695,1.1384173623803395,1.681038043448806,1.6240789316972468,1.9499534537385497,2.001470457627867,1.2446478159387766,0.7753420930685085,0.42335032480358636,0.19692378581055053,0.08048997097244054,0.0,0.0,0.0,0.0,0.0,0.0,0.0
Simulation,919,0.0,0.0,0.0,0.0,0.0,0.0,0.5569134122706506,1.100202197937013,1.8988971600617568,2.0071010951629376,2.0223050618349188,1.9860706593338096,0.7060014705003823,0.527443969808015,0.4411583020365052,0.4427514569752702,0.09144894307117055,0.0,0.0,0.0,0.0,0.0,0.0,0.0
Simulation,920,0.0,0.0,0.0,0.0,0.0,0.0,0.3012859414236109,0.7476777593768442,1.2371598545286562,1.056924404573183,1.3520613114428297,1.6561364112238097,1.3748252070874663,0.9979395989204387,0.4862492128827507,0.1970175760417036,0.09992940463808064,0.0,0.0,0.0,0.0,0.0,0.0,0.0
Simulation,921,0.0,0.0,0.0,0.0,0.0,0.0,0.31879503245189633,0.8254588903672854,1.4204444747393743,1.4870758574943879,1.7441664233038567,1.9879649912463835,2.0210439905244977,1.9846827004351588,1.6958042012153278,0.7434832317576503,0.16345289876669025,0.0,0.0,0.0,0.0,0.0,0.0,0.0
Simulation,922,0.0,0.0,0.0,0.0,0.0,0.0,0.4879014157279349,0.41682775311393283,0.36204565343354345,0.7858977806992375,1.4311103707828967,1.7647970186164486,0.9072509525851176,0.5608780119284562,0.41839830374111464,0.4157840504191186,0.16563652003162793,0.0,0.0,0.0,0.0,0.0,0.0,0.0
Simulation,923,0.0,0.0,0.0,0.0,0.0,0.0,0.24559549537776026,1.1300567439470337,1.87315067376761,1.417057828844767,1.31787448258216,1.283215967250328,0.5846060787063279,0.5115145063345579,0.4722736027822109,0.5444906973389739,0.16172725030600454,0.0,0.0,0.0,0.0,0.0,0.0,0.0
Simulation,924,0.0,0.0,0.0,0.0,0.0,0.0,0.19102649655108805,0.6613177930023992,1.1277193209136975,0.7842412764531668,0.7229938502093274,0.7247056989441494,0.48983348896363654,0.42696120306987745,0.3687645294478083,0.33450731227461017,0.18212318446402703,0.0,0.0,0.0,0.0,0.0,0.0,0.0
Simulation,925,0.0,0.0,0.0,0.0,0.0,0.0,0.3057845626858843,0.7595788860491114,1.2132606894775924,0.5200274465563031,0.33970259025726135,0.16085745528710627,0.0,0.010485172957312883,0.009927190039524358,0.2111432737190051,0.09006446389185496,0.0,0.0,0.0,0.0,0.0,0.0,0.0
Simulation,926,0.0,0.0,0.0,0.0,0.0,0.0,0.13243730674679421,0.6173700325143681,0.8928707140700453,0.16447705326754414,0.14737264719933663,0.3214835414878092,0.41483047672606677,0.35572905284193085,0.20693601974289877,0.12667424266436608,0.08733847587770376,0.0,0.0,0.0,0.0,0.0,0.0,0.0
Simulation,927,0.0,0.0,0.0,0.0,0.0,0.0,0.29464023136537576,0.31387466623567056,0.4122786409775543,1.0351869486724652,1.5849060117285074,1.6556139000039662,0.6105539506841251,0.3577141598438369,0.23624626627825668,0.2164859193133771,0.07613143842286291,0.0,0.0,0.0,0.0,0.0,0.0,0.0
Simulation,928,0.0,0.0,0.0,0.0,0.0,0.0,0.2186893693294814,0.6138970254460904,0.9882377663333477,1.0386059991242629,1.2630918371779516,1.3362047460311275,1.0167518459374976,1.0645036483264598,1.0354068768802884,1.271169974393002,0.23523703827908538,0.0,0.0,0.0,0.0,0.0,0.0,0.0
Simulation,929,0.0,0.0,0.0,0.0,0.0,0.0,0.31983136028200476,0.6158312456435908,1.1088594555308904,1.5711708588397737,1.650577155761813,1.5701173680327898,0.6740785697051803,0.46489705469329956,0.2760683400485573,0.12584737104310337,0.058434135390729086,0.0,0.0,0.0,0.0,0.0,0.0,0.0
Simulation,930,0.0,0.0,0.0,0.0,0.0,0.0,0.7065509642158592,0.6854676549360563,1.0548742177031933,1.752179641672201,1.9816830474690488,2.011063732507396,1.8750989819198793,1.5413850027498095,0.9405748691632823,0.3339286753881708,0.07711969038469942,0.0,0.0,0.0,0.0,0.0,0.0,0.0
Simulation,931,0.0,0.0,0.0,0.0,0.0,0.0,0.5599851958318853,1.4370168403961046,1.9745206523493253,2.0196924082570664,2.081361651763597,2.0706086474510865,1.9989857371645894,1.875981510944807,1.4156239427342705,0.6435315907509817,0.14286230432398578,0.0,0.0,0.0,0.0,0.0,0.0,0.0
Simulation,932,0.0,0.0,0.0,0.0,0.0,0.0,0.7172887348332615,0.841623712929545,1.276521339390576,1.2520604035180092,1.3437999845988127,1.3121837659126974,0.6608392442801578,0.521187312063499,0.4214386842277945,0.3399420425852147,0.0900432636345917,0.0,0.0,0.0,0.0,0.0,0.0,0.0
Simulation,933,0.0,0.0,0.0,0.0,0.0,0.0,0.14664273007980902,0.7717441183663145,1.5633126595595819,1.2614751803759368,1.2047285276599806,1.1056682933724233,0.2981167619918016,0.2311874112191475,0.23050787480458768,0.3455995857264377,0.16557267079667753,0.0,0.0,0.0,0.0,0.0,0.0,0.0
Simulation,934,0.0,0.0,0.0,0.0,0.0,0.0,0.3830947601457376,0.7496829008166588,1.298848410763453,1.8121401416039276,1.9519074381104817,1.8604744202413015,0.8244543018618602,0.722614873305346,0.6822661685460902,0.626146494304271,0.10636569354567613,0.0,0.0,0.0,0.0,0.0,0.0,0.0
Simulation,935,0.0,0.0,0.0,0.0,0.0,0.0,0.21108143825543993,0.4737079003092381,0.5968740929787328,0.09589711774849219,0.09553873840306548,0.1408338503072194,0.13107360708164156,0.08074727541598842,0.02900106141953429,0.028792531814775923,0.05649625430644155,0.0,0.0,0.0,0.0,0.0,0.0,0.0
Simulation,936,0.0,0.0,0.0,0.0,0.0,0.0,0.3311852473360684,0.7721255764927718,1.4121601446084386,1.7548054437569527,1.7146877225411883,1.5714446711759504,0.8078734706408518,0.9208897451744389,1.11641683235145,1.5580206671561139,0.23486655807536294,0.0,0.0,0.0,0.0,0.0,0.0,0.0
Simulation,937,0.0,0.0,0.0,0.0,0.0,0.0,0.4830619083512002,1.055985257795623,1.9243770452282247,2.0197534203577687,2.071455770371181,2.0531875044528114,1.9702669727830975,1.6706808317340727,1.0627503351778105,0.30373549505821557,0.0758196073333333,0.0,0.0,0.0,0.0,0.0,0.0,0.0
Simulation,938,0.0,0.0,0.0,0.0,0.0,0.0,0.5406630194718816,0.6803328793599208,0.9822487726751132,1.0608512174054323,1.2740244673780077,1.1611816271938602,0.2813829922547888,0.17556665292100715,0.23190168412882367,0.6307104660914233,0.2185172624734471,0.0,0.0,0.0,0.0,0.0,0.0,0.0
Simulation,939,0.0,0.0,0.0,0.0,0.0,0.0,0.095259067417518,0.21746114452755677,0.3182255699612927,0.06984001386449823,0.08881447817755816,0.09829307281233057,0.006138705806474687,0.008211072821078691,0.0,0.0,0.024945120215959293,0.0,0.0,0.0,0.0,0.0,0.0,0.0
Simulation,940,0.0,0.0,0.0,0.0,0.0,0.0,0.269149583370535,0.6821183599755044,1.2112820945303147,1.2521650416208938,1.348392048330734,1.4065231582890874,0.9594064317815623,0.9832389031144642,0.9882859922970155,1.3293077707218932,0.2487825284308997,0.0,0.0,0.0,0.0,0.0,0.0,0.0
Simulation,941,0.0,0.0,0.0,0.0,0.0,0.0,0.12810767400622985,0.3972309596534521,0.7442437417813161,1.0130126373138588,1.1956524902711003,1.3122958982150308,0.9126212743625148,0.7960464954653729,0.5152224370058144,0.21065720880214805,0.0758196073333333,0.0,0.0,0.0,0.0,0.0,0.0,0.0
Simulation,942,0.0,0.0,0.0,0.0,0.0,0.0,0.6020322182236606,1.2861484233412304,1.8239341350155933,1.51546609831344,1.2543555134544646,1.1363695216903056,0.8312753321375372,1.025538185039398,0.9928684731498736,0.6618804110077197,0.0939530430899353,0.0,0.0,0.0,0.0,0.0,0.0,0.0
Simulation,943,0.0,0.0,0.0,0.0,0.0,0.0,0.1916501696561713,0.12034817341200665,0.15791489004876547,1.0717690313221202,1.6784109406189218,1.9030791119531973,0.9877566524318592,0.7384415510066251,0.684996573691853,0.8478896531136496,0.18103554656065673,0.0,0.0,0.0,0.0,0.0,0.0,0.0
Simulation,944,0.0,0.0,0.0,0.0,0.0,0.0,0.09681772723289028,0.6845019842150438,1.4304881601839692,1.1630164073534635,1.1079938141424786,1.1547450283370595,0.9445339347051355,0.8905053884643774,0.566450280105157,0.24657526602868707,0.10065415130205574,0.0,0.0,0.0,0.0,0.0,0.0,0.0
Simulation,945,0.0,0.0,0.0,0.0,0.0,0.0,0.6719274391053321,0.927512790954133,1.4010305186401983,1.441902040593244,1.592627927172684,1.649930741406525,1.1933845568788377,1.0793887336242176,0.8364186984381552,0.6689642499522774,0.16294853555509708,0.0,0.0,0.0,0.0,0.0,0.0,0.0
Simulation,946,0.0,0.0,0.0,0.0,0.0,0.0,0.20135034460956427,0.7371350368129462,1.2722133105326447,1.0387032339094977,1.0921885603114423,1.2719063448230212,1.7220202006338217,1.9352433828175934,1.9467587647014422,1.7636102150331736,0.25149507732797655,0.0,0.0,0.0,0.0,0.0,0.0,0.0
Simulation,947,0.0,0.0,0.0,0.0,0.0,0.0,0.34082502583389096,0.8386296055841678,1.3348645566459634,1.1549629657293028,1.2522140982654866,1.554452918462563,2.0206957960942953,1.9975460839908787,1.8210229187095701,0.6239300448785958,0.1370411290186744,0.0,0.0,0.0,0.0,0.0,0.0,0.0
Simulation,948,0.0,0.0,0.0,0.0,0.0,0.0,0.2567502140869239,0.10615884753243066,0.07855591670746664,0.31823832097632787,0.5408443506689303,0.5567726810514223,0.20672928504731009,0.13382138366229684,0.12149738933574616,0.15446706973237845,0.08960159846023363,0.0,0.0,0.0,0.0,0.0,0.0,0.0
Simulation,949,0.0,0.0,0.0,0.0,0.0,0.0,0.3446938360627262,0.8166908731596647,1.4467407573287159,1.2755452011181638,1.1667787570730557,1.1224181273569473,0.7413351446164296,0.7256571826165114,0.6433271160156814,0.5218264370440219,0.17978950127018217,0.0,0.0,0.0,0.0,0.0,0.0,0.0
Simulation,950,0.0,0.0,0.0,0.0,0.0,0.0,0.10750481065681392,0.41996929119682663,0.8903016182484509,1.2501097898498985,1.325390645295029,1.3311498957298196,0.7742819041950162,0.7370943851349298,0.6504212594553151,0.4562110243567622,0.1301684003181113,0.0,0.0,0.0,0.0,0.0,0.0,0.0
Simulation,951,0.0,0.0,0.0,0.0,0.0,0.0,0.16390279474973535,0.6926168612248134,1.0373607910669616,0.10476887420978032,0.10424312801892333,0.24339487265645754,0.4206307320616439,0.3968675342108463,0.3223864484875436,0.3177796591705489,0.20072653675117752,0.0,0.0,0.0,0.0,0.0,0.0,0.0
Simulation,952,0.0,0.0,0.0,0.0,0.0,0.0,0.4841434133524487,0.7633663767772461,0.9446933878587382,0.41476983523900124,0.7614927567312761,1.0969635815681351,0.6170208161812885,0.3641866277397118,0.16113604676353044,0.07342543595995574,0.07055476044287724,0.0,0.0,0.0,0.0,0.0,0.0,0.0
Simulation,953,0.0,0.0,0.0,0.0,0.0,0.0,0.3133667487802928,0.3925132276747288,0.3534157624002897,0.39969472313897414,0.7958994416107067,1.1045948252408142,0.6966878821639042,0.5615124232435189,0.4236393794473784,0.2797798134499327,0.08726636534740581,0.0,0.0,0.0,0.0,0.0,0.0,0.0
Simulation,954,0.0,0.0,0.0,0.0,0.0,0.0,0.9587831562669411,1.175439491031378,1.3749114050481368,1.2505474527547504,1.566053548027177,1.6744388899502336,0.941423160793998,0.7941241678023155,0.7460585521347229,0.9541090090193008,0.1981962134996869,0.0,0.0,0.0,0.0,0.0,0.0,0.0
Simulation,955,0.0,0.0,0.0,0.0,0.0,0.0,0.24394312755771422,0.7565780592448563,1.220333466981629,0.48560425625959747,0.37751735329237524,0.4595431484076833,0.3320412933723104,0.2790981409322959,0.21902575937471286,0.27272035842119086,0.19621960500606112,0.0,0.0,0.0,0.0,0.0,0.0,0.0
Simulation,956,0.0,0.0,0.0,0.0,0.0,0.0,0.4022355942929639,0.8711732472380505,1.2701582485596794,0.534525078467361,0.720295903981377,0.8095943969018625,0.25620514064640654,0.14107166309470298,0.09484322868424455,0.176551979397775,0.10489195009640985,0.0,0.0,0.0,0.0,0.0,0.0,0.0
Simulation,957,0.0,0.0,0.0,0.0,0.0,0.0,1.6964571447477463,1.696072009294964,1.9300370816828911,1.9925773587976459,2.0005249582934717,2.001832567661353,1.9025484787902986,1.881162715904003,1.8134088957436745,1.8156766101934172,0.23318808725682488,0.0,0.0,0.0,0.0,0.0,0.0,0.0
Simulation,958,0.0,0.0,0.0,0.0,0.0,0.0,0.1308530373639963,0.38837715436953507,0.5614488324388707,0.2886561610003918,0.2563437252392693,0.4767178004036272,0.6439828982515576,0.6078574650010675,0.41189956708212266,0.14462477535665919,0.08063676885155298,0.0,0.0,0.0,0.0,0.0,0.0,0.0
Simulation,959,0.0,0.0,0.0,0.0,0.0,0.0,0.32277560189290416,0.8410797774658336,1.5752054578465071,1.2745614320331178,1.175558387129322,1.1436787590947888,0.6986185151820076,0.5480117956995251,0.32919262391242327,0.09505568473429313,0.07024301151656924,0.0,0.0,0.0,0.0,0.0,0.0,0.0
Simulation,960,0.0,0.0,0.0,0.0,0.0,0.0,0.1480898975251798,0.12744830901075177,0.14799081804226488,0.6000026072025927,1.0357309378754274,1.1108164002116807,0.47071956357030326,0.33348224864790965,0.2888911016424075,0.2595159774990734,0.07723411728296488,0.0,0.0,0.0,0.0,0.0,0.0,0.0
Simulation,961,0.0,0.0,0.0,0.0,0.0,0.0,0.6721551224557855,1.1258965003200214,1.552781324636678,1.4749327885523982,1.591143074864146,1.5980632331115758,0.8035703367495606,0.6775876007922659,0.5635854530098596,0.5443992050267432,0.13346725521943806,0.0,0.0,0.0,0.0,0.0,0.0,0.0
Simulation,962,0.0,0.0,0.0,0.0,0.0,0.0,0.0667179400925067,0.37612227645053425,0.8825598803728484,0.9071293941785309,0.9361922100563795,0.9195776610575517,0.4641968344847348,0.3807640613845996,0.35921453375878776,0.39581568528916333,0.21311409636491302,0.0,0.0,0.0,0.0,0.0,0.0,0.0
Simulation,963,0.0,0.0,0.0,0.0,0.0,0.0,0.2066886744973021,0.61725709935934,1.2418191203919984,1.8985916598795156,1.9888881672398673,2.023580385667136,2.0213208786351826,1.9988430406017905,1.973910648181489,1.1506339317924068,0.19621960314649112,0.0,0.0,0.0,0.0,0.0,0.0,0.0
Simulation,964,0.0,0.0,0.0,0.0,0.0,0.0,0.245333375387792,0.5772485342224853,0.8198620827951228,0.7911455548425064,1.1962709039249597,1.3790797499170155,0.6231530371749228,0.41157848284766696,0.2773570053945328,0.2797341199109799,0.1045051869395654,0.0,0.0,0.0,0.0,0.0,0.0,0.0
Simulation,965,0.0,0.0,0.0,0.0,0.0,0.0,0.1118198314437654,0.22921232997385144,0.39561935040542173,0.681739838914208,0.8903692731063131,1.1287754615348486,1.188197536496564,1.346438248878083,1.1103063960103836,0.4986916634538258,0.09272949823499575,0.0,0.0,0.0,0.0,0.0,0.0,0.0
Simulation,966,0.0,0.0,0.0,0.0,0.0,0.0,0.21232450011407605,0.41460658078688556,0.8062230144225525,1.234870922281995,1.3588120840011768,1.2727294332498444,0.47433647699960274,0.35866733734009326,0.34796478005853576,0.3421505594075114,0.08979558476196843,0.0,0.0,0.0,0.0,0.0,0.0,0.0
Simulation,967,0.0,0.0,0.0,0.0,0.0,0.0,0.45288998174634587,0.7633632985572061,1.2317146279411886,1.4160313850887047,1.9016904062356113,2.0172098195849326,1.995218345509186,1.5822204780684792,0.8743491485817387,0.3909088863331994,0.19599854606240386,0.0,0.0,0.0,0.0,0.0,0.0,0.0
Simulation,968,0.0,0.0,0.0,0.0,0.0,0.0,0.33817624594184936,0.598161715434207,0.7141963061012955,0.6771541399434531,0.7372580904735702,0.7828993724496829,0.6947856695996121,0.8109981125582755,0.9391607625063378,1.0547614983422924,0.19621960493867915,0.0,0.0,0.0,0.0,0.0,0.0,0.0
Simulation,969,0.0,0.0,0.0,0.0,0.0,0.0,0.2626555406680862,0.40136027946262043,0.5767436048507861,0.782769052973575,0.796912716287946,0.6283025858740149,0.23290522346894493,0.3048986369125323,0.45902159752299476,1.2435471282320902,0.23155828168635856,0.0,0.0,0.0,0.0,0.0,0.0,0.0
Simulation,970,0.0,0.0,0.0,0.0,0.0,0.0,0.20307393534839158,0.36540458842344103,0.6310182121165475,0.7445902446791115,0.7383774003721928,0.5891618305284364,0.33310576269004066,0.32563419568000906,0.35111984565657856,0.33974670950841307,0.09098627403271081,0.0,0.0,0.0,0.0,0.0,0.0,0.0
Simulation,971,0.0,0.0,0.0,0.0,0.0,0.0,0.11961255496717096,0.42011029715263376,0.9251426946684767,1.0560781010991187,1.1203561382418492,0.9510956050853551,0.21105073216121867,0.1218911504656901,0.11444410746395195,0.19694532939937748,0.09098627399569943,0.0,0.0,0.0,0.0,0.0,0.0,0.0
Simulation,972,0.0,0.0,0.0,0.0,0.0,0.0,0.3568814888741174,0.5725248445977897,0.6372312387321254,0.4065890392752549,0.6288583156930141,0.6699632645682765,0.1872633887117281,0.08485181965380723,0.033730141055663354,0.05905107835421358,0.06581573533411732,0.0,0.0,0.0,0.0,0.0,0.0,0.0
Simulation,973,0.0,0.0,0.0,0.0,0.0,0.0,0.21853604070940874,0.3965947325282759,0.4733284714066357,0.16555341496389586,0.13437091614580288,0.1556914964140288,0.14385993433295824,0.1281117781637201,0.1169230343861643,0.11634136451976751,0.07709546764080259,0.0,0.0,0.0,0.0,0.0,0.0,0.0
Simulation,974,0.0,0.0,0.0,0.0,0.0,0.0,0.26338176149167025,0.574400897624916,0.8602462612911499,0.9056754337305244,1.1300097791253398,1.1631433599981518,0.5884460285753773,0.465800048878566,0.4042010917584802,0.35136216570039647,0.13626944309292607,0.0,0.0,0.0,0.0,0.0,0.0,0.0
Simulation,975,0.0,0.0,0.0,0.0,0.0,0.0,0.2727680038357197,0.3175374302998386,0.3069585792438224,0.4853639367017215,1.1428861250023767,1.504680079012286,0.982957585539759,0.6944302019124571,0.5098620598882105,0.6319701379669682,0.23497151963307011,0.0,0.0,0.0,0.0,0.0,0.0,0.0
Simulation,976,0.0,0.0,0.0,0.0,0.0,0.0,0.06964914918318671,0.37626431792946485,0.7450378223813845,0.5665202305665511,0.14881557430781223,0.10737462093103267,0.28433275584608675,0.5310644734492191,0.7134647894236372,0.7057766162531772,0.14121306847918205,0.0,0.0,0.0,0.0,0.0,0.0,0.0
Simulation,977,0.0,0.0,0.0,0.0,0.0,0.0,0.5420093264633832,0.6873484664593127,0.8705279242595818,0.6950678201936002,1.0390091810450168,1.1306202760687245,0.6112387109928643,0.4568853504318965,0.33631132171382494,0.2760438942945021,0.08612600966599541,0.0,0.0,0.0,0.0,0.0,0.0,0.0
Simulation,978,0.0,0.0,0.0,0.0,0.0,0.0,0.25529074065666574,0.7220645835979087,1.307161594732829,1.1952805997462026,1.2826861854688307,1.271914011561209,0.5942087485660085,0.43366082800485517,0.34360341827186025,0.3135244672399862,0.1378680732118675,0.0,0.0,0.0,0.0,0.0,0.0,0.0
Simulation,979,0.0,0.0,0.0,0.0,0.0,0.0,0.24777963369224376,0.3487257626442016,0.40342922551526683,0.3326473211142289,0.31400789375666494,0.3430716818547669,0.3854209325721898,0.39982045587061266,0.4134987733889728,0.38074081972661017,0.1613135554121229,0.0,0.0,0.0,0.0,0.0,0.0,0.0
Simulation,980,0.0,0.0,0.0,0.0,0.0,0.0,0.6436727661862862,1.436291463161346,1.9284591683288435,1.852798847259165,1.9641938637612062,1.9865147001408636,1.3042190635249158,0.8616589101187848,0.48603477034083337,0.27523505316576063,0.10198428678935756,0.0,0.0,0.0,0.0,0.0,0.0,0.0
Simulation,981,0.0,0.0,0.0,0.0,0.0,0.0,1.2875108810034424,1.6975848332583852,1.937292991910463,1.7063654696996935,1.7034670463277326,1.5999045698707082,0.6234173719626135,0.3715265200172814,0.21138076368645775,0.18586942899496373,0.08966867185165647,0.0,0.0,0.0,0.0,0.0,0.0,0.0
Simulation,982,0.0,0.0,0.0,0.0,0.0,0.0,0.8016456233112594,1.3872579628810964,1.5467930640541325,0.6826775606728895,0.7075720842241191,0.7874204879559019,0.6160022750977008,0.5107980879257173,0.34986439212608433,0.19709972629572567,0.08071960736513827,0.0,0.0,0.0,0.0,0.0,0.0,0.0
Simulation,983,0.0,0.0,0.0,0.0,0.0,0.0,1.1519493551135354,1.6820180874999326,1.9141053574854512,1.6205237671078998,1.7312896275169591,1.7001954335549239,0.9017392153736083,0.7228212119980136,0.5635273062428025,0.36248205314915194,0.09040189561143598,0.0,0.0,0.0,0.0,0.0,0.0,0.0
Simulation,984,0.0,0.0,0.0,0.0,0.0,0.0,1.7240436412167144,2.0101248925345354,2.0483986655712725,1.91827806923372,1.9833805718688078,1.98696753254068,1.3035170527098896,0.9993693072726537,0.6503837753989554,0.32863260780556613,0.08039541155527606,0.0,0.0,0.0,0.0,0.0,0.0,0.0
Simulation,985,0.0,0.0,0.0,0.0,0.0,0.0,0.37323395723814445,1.2147874890478496,1.782654961238522,1.2502985564177178,1.058495256564147,0.8883316688424366,0.5750084419645959,0.5488458781432619,0.4357576463887046,0.248690831763239,0.08075609193993341,0.0,0.0,0.0,0.0,0.0,0.0,0.0
Simulation,986,0.0,0.0,0.0,0.0,0.0,0.0,0.5424845945757346,0.6064374895078645,0.7103487999637321,0.9633219913852653,1.2722695618539335,1.3378199736320584,0.8239711137006341,0.6575295340766026,0.467936615105237,0.31858979817895305,0.088834694333508,0.0,0.0,0.0,0.0,0.0,0.0,0.0
Simulation,987,0.0,0.0,0.0,0.0,0.0,0.0,0.3164953116118171,0.4703515185562659,0.8088144088384036,1.3675576586509401,1.4311155878186892,1.3236627293778926,0.71346413858525,0.5883642356144955,0.4211332400494525,0.1522197956384649,0.04376567245791662,0.0,0.0,0.0,0.0,0.0,0.0,0.0
Simulation,988,0.0,0.0,0.0,0.0,0.0,0.0,0.20898833569295966,0.4180440248316003,0.7158165931352413,0.9066636393745371,1.1428961923667413,1.1484524674605288,0.4763576081023512,0.30680030037232164,0.2153581956386002,0.23537776011863382,0.10081227084034473,0.0,0.0,0.0,0.0,0.0,0.0,0.0
Simulation,989,0.0,0.0,0.0,0.0,0.0,0.0,0.08875087729150491,0.39777376562570016,0.9128894029712034,1.2219340669128014,1.0815246841040773,0.8113968972204267,0.4125698288931724,0.4750349582236563,0.4507645840496059,0.3180618278529265,0.07655171445916503,0.0,0.0,0.0,0.0,0.0,0.0,0.0
Simulation,990,0.0,0.0,0.0,0.0,0.0,0.0,0.884681442605507,0.900774867493634,1.374729530886664,1.6230155863517663,1.5418882049493918,1.3706425563325553,0.9595509966125835,0.967448688808248,0.7323275777827838,0.29297448058110054,0.06711709523248766,0.0,0.0,0.0,0.0,0.0,0.0,0.0
Simulation,991,0.0,0.0,0.0,0.0,0.0,0.0,0.32744057023328255,0.8009427733896545,1.4297161329319756,1.609609659367857,1.6103097590170905,1.6115397421883357,1.3121489918274647,1.5464352918861353,1.4603262656364904,1.1983984138162191,0.19084485676100332,0.0,0.0,0.0,0.0,0.0,0.0,0.0
Simulation,992,0.0,0.0,0.0,0.0,0.0,0.0,0.4399291809112317,0.6697711478072177,0.7092060796086299,0.2570188911723985,0.4440695111241637,0.6351974007461908,0.3348798771542661,0.18075499456365657,0.1064209904459073,0.09313092472390885,0.07755387991210831,0.0,0.0,0.0,0.0,0.0,0.0,0.0
Simulation,993,0.0,0.0,0.0,0.0,0.0,0.0,0.678568999059632,1.0524299213538992,1.5175523661769974,1.510285392054955,1.4832299983154553,1.5061125983359362,1.2764282579277961,1.1736455918948843,0.807141092468022,0.333419609093811,0.08447967461962888,0.0,0.0,0.0,0.0,0.0,0.0,0.0
Simulation,994,0.0,0.0,0.0,0.0,0.0,0.0,0.6173350835084948,1.6643324464353588,1.9297421563104031,1.0975272244080183,1.1799302964023541,1.146815177004364,0.22279510735853347,0.0806955282294568,0.036193960152356985,0.15834171475818634,0.10582841738964273,0.0,0.0,0.0,0.0,0.0,0.0,0.0
Simulation,995,0.0,0.0,0.0,0.0,0.0,0.0,0.17523144218010275,0.4034756596923004,0.6858455762886888,1.0629625303329053,1.5671666886913542,1.8779025795988118,1.1621386070499669,0.8114608905180192,0.5323830763649167,0.3246004081907339,0.1356320272771873,0.0,0.0,0.0,0.0,0.0,0.0,0.0
Simulation,996,0.0,0.0,0.0,0.0,0.0,0.0,0.1309298513905687,0.16642853327870866,0.19378345018060683,0.5007125120430251,0.9283947651126104,1.1125780391763758,0.46502708775957546,0.3000314001161826,0.23335214198955323,0.2922909466498527,0.13081200514681843,0.0,0.0,0.0,0.0,0.0,0.0,0.0
Simulation,997,0.0,0.0,0.0,0.0,0.0,0.0,0.013747668475422137,0.2214750211318146,0.6282344137638163,0.8253755444424198,0.8407309495989428,0.8611797972810609,0.5711299695214932,0.5259524094675986,0.40679517103024665,0.1513266701020786,0.07163636263332968,0.0,0.0,0.0,0.0,0.0,0.0,0.0
Simulation,998,0.0,0.0,0.0,0.0,0.0,0.0,0.26802021541775195,1.0253989039000384,1.8879540922183533,1.7594524249686407,1.677427680960251,1.7250824120181871,1.541220961094851,1.231108066123435,0.6492563577547502,0.15246456118091098,0.07064262699042315,0.0,0.0,0.0,0.0,0.0,0.0,0.0
Simulation,999,0.0,0.0,0.0,0.0,0.0,0.0,0.1958950866873149,0.4018378053429386,0.6618329408946807,0.6355127563120329,0.8485431883213517,0.8870478485140305,0.33275062933293775,0.20333561736840128,0.15274644103966312,0.12662452467249402,0.07881627511345485,0.0,0.0,0.0,0.0,0.0,0.0,0.0
Simulation,1000,0.0,0.0,0.0,0.0,0.0,0.0,0.09126932212121283,0.30190466958616974,0.6358914321269078,0.474502408589368,0.3359315455655393,0.2718875667578864,0.13087706491341444,0.10420708348974056,0.0928537401463918,0.08549273154967663,0.08008421439463918,0.0,0.0,0.0,0.0,0.0,0.0,0.0
