Type,Index,0600,0700,0800,0900,1000,1100,1200,1300,1400,1500,1600,1700,1800,1900,2000,2100,2200,2300,0000,0100,0200,0300,0400,0500
Actual,1,0.0,0.0,0.0,0.0,0.0,0.0072000000833333,0.2000000063333333,0.6258000275,1.17860005,1.3654000916666666,1.124800015,1.5940000666666665,1.4520000666666666,0.9596000191666666,0.8278000333333333,0.4770000191666666,0.0372000016916666,0.0,0.0,0.0,0.0,0.0,0.0,0.0
Forecast,1,0.0,0.0,0.0,0.0,0.0,0.0,0.3600000089607842,0.7298823668627451,0.9032941492156862,0.8330823913725487,0.911388265490196,0.9250353225490195,0.8761882672549021,0.7890353237254902,0.7081412015686275,0.6712000221568628,0.2365647118039215,0.0,0.0,0.0,0.0,0.0,0.0,0.0
Simulation,1,0.0,0.0,0.0,0.0,0.0,0.0,0.4496095608519449,0.5818919633504127,0.6616594717957294,0.7196432253725037,0.8474686672514424,0.8983596456845602,0.9998954659376911,1.0150012560805317,1.056681499758871,1.146233121125654,0.3210558609080527,0.0,0.0,0.0,0.0,0.0,0.0,0.0
Simulation,2,0.0,0.0,0.0,0.0,0.0,0.0,0.3790543450699016,0.5708184027402641,0.814777114489945,1.2047182416800402,1.3384507285056133,1.41833556322313,1.3250050763476866,1.1936204975996485,1.1154069861195586,0.9822709663458122,0.31167493641443045,0.0,0.0,0.0,0.0,0.0,0.0,0.0
Simulation,3,0.0,0.0,0.0,0.0,0.0,0.0,0.24355078537672786,0.5885982353747653,0.8129250135568447,0.874731290740375,1.0107010415315363,1.0130960076381492,0.6621543595957193,0.44538940713670777,0.401811344010376,0.5174789711438705,0.316583453053045,0.0,0.0,0.0,0.0,0.0,0.0,0.0
Simulation,4,0.0,0.0,0.0,0.0,0.0,0.0,0.2732962596900886,0.5188741716630755,0.7490502802420418,0.9419209085328112,1.0349430590859727,1.0624850169120053,1.090707988468736,0.9547655248925817,0.7370112850066063,0.28025574259592395,0.2365647118039215,0.0,0.0,0.0,0.0,0.0,0.0,0.0
Simulation,5,0.0,0.0,0.0,0.0,0.0,0.0,0.26370172525697644,0.6304816387991994,0.8509616696696002,0.7785695336176564,0.8219245438075061,0.8452749222027828,0.8592892886042796,0.7864884464035145,0.670424254396037,0.5418862285352292,0.30602222321387224,0.0,0.0,0.0,0.0,0.0,0.0,0.0
Simulation,6,0.0,0.0,0.0,0.0,0.0,0.0,0.6061045419330567,0.6447899052472706,0.7102951487007881,0.8133868453246038,1.0165952838529815,1.0571699833034225,0.9830439143597632,0.8957459682981056,0.971890923147521,1.4564952872228663,0.409741534509198,0.0,0.0,0.0,0.0,0.0,0.0,0.0
Simulation,7,0.0,0.0,0.0,0.0,0.0,0.0,0.7462621794918947,0.6356531552359197,0.6210896142210697,0.37294616376134543,0.33658811537637345,0.3047583420359935,0.5886329509859509,0.5030814617154913,0.4065138106152782,0.16594390854706886,0.2365647118039215,0.0,0.0,0.0,0.0,0.0,0.0,0.0
Simulation,8,0.0,0.0,0.0,0.0,0.0,0.0,0.5807826950837524,0.9599546274394273,1.142694899879861,0.9569410341598042,1.0319413164458981,0.9521710721860692,0.37226671061340866,0.15522195308909326,0.0624967781577358,0.04164847142128136,0.2365647118039215,0.0,0.0,0.0,0.0,0.0,0.0,0.0
Simulation,9,0.0,0.0,0.0,0.0,0.0,0.0,0.4697886820180843,0.24335048046749685,0.2665855644354346,0.7220010505027321,0.8199118164115642,0.7519848774634523,0.8898549749091207,0.9171138086038799,0.9417001738932511,0.7569762989893929,0.2365647118039215,0.0,0.0,0.0,0.0,0.0,0.0,0.0
Simulation,10,0.0,0.0,0.0,0.0,0.0,0.0,1.0801542914338262,0.9942436820207015,1.0296531143035812,0.9402616205898804,0.9385719550601317,0.7158489591095163,0.18564195809096418,0.17640210700627268,0.32705600996097994,0.8676378094915704,0.30401383936107196,0.0,0.0,0.0,0.0,0.0,0.0,0.0
Simulation,11,0.0,0.0,0.0,0.0,0.0,0.0,0.31900801676393087,0.24239821882136703,0.21628918512025597,0.2243621509573046,0.3959327016560743,0.48985213669899685,0.6760263636977721,0.6646923063561152,0.6672410866483909,0.6816913985387443,0.285353887438093,0.0,0.0,0.0,0.0,0.0,0.0,0.0
Simulation,12,0.0,0.0,0.0,0.0,0.0,0.0,0.1409675300856049,0.7508920817654937,1.0616531693302609,0.9568210275855955,0.9283801073900576,0.9149109067073146,0.8770487520723336,0.8158533291886163,0.6886746657807408,0.508728715834314,0.2744453920617645,0.0,0.0,0.0,0.0,0.0,0.0,0.0
Simulation,13,0.0,0.0,0.0,0.0,0.0,0.0,0.5081270378922511,0.6371079804757476,0.8625970974587841,1.147018934756163,1.2866465219694476,1.259678068475273,1.004155142589452,0.8080466644874615,0.7069354811368146,0.7073404036588745,0.30021877155086757,0.0,0.0,0.0,0.0,0.0,0.0,0.0
Simulation,14,0.0,0.0,0.0,0.0,0.0,0.0,0.8011221846194454,0.5165560973624959,0.3425483720383985,0.21207639818392277,0.5468445712030348,0.7170639988966906,0.720656398715058,0.5436842291743742,0.5442807429799364,0.7280030008633634,0.31691874896534855,0.0,0.0,0.0,0.0,0.0,0.0,0.0
Simulation,15,0.0,0.0,0.0,0.0,0.0,0.0,0.3313207154508773,0.7931844605529008,1.041656902741378,1.05182733006514,1.1711097129947254,1.2403295139369233,0.8638070719226453,0.5710942234705406,0.373485831104555,0.3626938144792303,0.3249045149744684,0.0,0.0,0.0,0.0,0.0,0.0,0.0
Simulation,16,0.0,0.0,0.0,0.0,0.0,0.0,0.13976551773143076,0.3314318860427531,0.5104832423950547,0.34837405222216894,0.37623614738119115,0.44830176415053546,0.8601913750075101,0.9149691457399655,0.8879223864432981,0.8486925451647455,0.33774101810368007,0.0,0.0,0.0,0.0,0.0,0.0,0.0
Simulation,17,0.0,0.0,0.0,0.0,0.0,0.0,0.1852557197607434,0.4287397555088917,0.6620437534003625,0.9143533423923521,1.1434723146535035,1.229413747412029,1.0583679356365387,0.9273484293183929,0.8006797476514121,0.731895780722481,0.30161018418081353,0.0,0.0,0.0,0.0,0.0,0.0,0.0
Simulation,18,0.0,0.0,0.0,0.0,0.0,0.0,0.07674804051233869,0.11088258635429893,0.21267441409634036,0.20673449572126024,0.22453983407743983,0.20220523282683622,0.18947100166892017,0.2584066215798515,0.3029247891408871,0.40073565099722874,0.2491472400760597,0.0,0.0,0.0,0.0,0.0,0.0,0.0
Simulation,19,0.0,0.0,0.0,0.0,0.0,0.0,0.420254345975122,0.8368266168049616,1.0986595869778366,1.1402998019620194,1.1013085833817802,1.0510129434361384,1.1095723610213701,1.0547170550114209,0.9757036275035033,0.7525501465419717,0.250692262069883,0.0,0.0,0.0,0.0,0.0,0.0,0.0
Simulation,20,0.0,0.0,0.0,0.0,0.0,0.0,1.1537781747112708,0.8171750815187055,0.699894882537977,0.40037572908446883,0.3366755510029924,0.3038120032181363,0.6727533945983092,0.6786170148933496,0.6090432788175006,0.25772908489501584,0.2365647118039215,0.0,0.0,0.0,0.0,0.0,0.0,0.0
Simulation,21,0.0,0.0,0.0,0.0,0.0,0.0,0.079601988434855,0.15679127647922764,0.4689381541918174,0.913973947058959,1.0174062479906112,0.9707075237629447,0.8227777636377098,0.7267672943450902,0.6551482484271114,0.5127697413048576,0.2385647118289215,0.0,0.0,0.0,0.0,0.0,0.0,0.0
Simulation,22,0.0,0.0,0.0,0.0,0.0,0.0,0.6042680464617379,0.9354168385378334,1.1641950374704166,1.5632146664643594,1.7476781309486638,1.7612521654417774,1.2084449988464292,0.8855186068427863,0.6944951318706424,0.7066705991743372,0.31261250952811825,0.0,0.0,0.0,0.0,0.0,0.0,0.0
Simulation,23,0.0,0.0,0.0,0.0,0.0,0.0,0.8191447741007127,1.4121013593455443,1.267871388485938,0.4973920157554804,0.24881807119370036,0.4108529992577252,1.333582569107762,1.6398413540283703,1.6014953722666991,1.2948315118288392,0.4076064147652021,0.0,0.0,0.0,0.0,0.0,0.0,0.0
Simulation,24,0.0,0.0,0.0,0.0,0.0,0.0,0.6243592446493826,0.5926496153669141,0.7225910479986728,1.2603823964524647,1.649640883339412,1.7652877831317748,1.303764470914634,1.0564492603378721,0.9140504878263187,0.8100456493239396,0.25434316922771977,0.0,0.0,0.0,0.0,0.0,0.0,0.0
Simulation,25,0.0,0.0,0.0,0.0,0.0,0.0,0.8811234315436679,1.2164149814898666,1.3177975449130437,1.5871107302188856,1.5034497658163744,1.435897481014345,1.2771649664101776,1.1617893101047847,1.1158369810844768,1.0552886341853063,0.30046958745504104,0.0,0.0,0.0,0.0,0.0,0.0,0.0
Simulation,26,0.0,0.0,0.0,0.0,0.0,0.0,0.11286280792800693,0.42576563858276656,0.6667639753627038,0.4451294119940996,0.5213233395614701,0.6332528755355591,0.7974416281114007,0.751214416482074,0.6354274137629998,0.5290411397184358,0.27703601185925947,0.0,0.0,0.0,0.0,0.0,0.0,0.0
Simulation,27,0.0,0.0,0.0,0.0,0.0,0.0,0.6234582552592072,0.7754784182395997,0.8425147713395097,0.8793528276341166,1.123865779060635,1.24911396897598,1.1989254568896357,0.9882971053929814,0.7248365188187322,0.4566900377327683,0.24262132979497755,0.0,0.0,0.0,0.0,0.0,0.0,0.0
Simulation,28,0.0,0.0,0.0,0.0,0.0,0.0,0.0032888355315056628,0.24296680818508154,0.6616025391660058,0.6589858889899016,0.7184866999445166,0.7001308134089087,0.5373174718265394,0.42300183931677243,0.39501692677497685,0.4754557232237834,0.2947127592773911,0.0,0.0,0.0,0.0,0.0,0.0,0.0
Simulation,29,0.0,0.0,0.0,0.0,0.0,0.0,0.6232274822685755,1.1398624251030574,1.2410062341123966,0.9731971086194342,0.7126278594223353,0.6868209061619314,1.219252806237532,1.3860972979002535,1.2744323525525685,0.57781410519927,0.24252211670005977,0.0,0.0,0.0,0.0,0.0,0.0,0.0
Simulation,30,0.0,0.0,0.0,0.0,0.0,0.0,0.5586127880405375,0.9555065849836674,1.0871413198299764,0.9705145644679098,0.9792844932568888,0.9967136075967828,1.0734838711773802,0.9899195316246566,0.7919539594077231,0.5018060157779896,0.2420909923611811,0.0,0.0,0.0,0.0,0.0,0.0,0.0
Simulation,31,0.0,0.0,0.0,0.0,0.0,0.0,0.2575383443738007,0.7286808059458303,1.0045953310832416,1.1376516635651246,0.9575760884306779,0.9046435916361955,1.3103527207310772,1.6171065014166226,1.5894876293352471,1.0991538919437434,0.2510503110667401,0.0,0.0,0.0,0.0,0.0,0.0,0.0
Simulation,32,0.0,0.0,0.0,0.0,0.0,0.0,0.12369913124377169,0.5261972105081344,0.9115364764884951,1.2799055039901959,1.320162908214173,1.3259934345074162,1.2213771417693091,1.1679306368781928,1.0794608656114741,0.7516574850803888,0.2440677653189566,0.0,0.0,0.0,0.0,0.0,0.0,0.0
Simulation,33,0.0,0.0,0.0,0.0,0.0,0.0,0.4357112282363358,1.1227775059494913,1.2341594329967185,0.7822633559188932,0.7566167316568995,0.7256316760544241,0.5067706427461602,0.3998713191683316,0.43148952025455234,0.691721568703197,0.3404130744480896,0.0,0.0,0.0,0.0,0.0,0.0,0.0
Simulation,34,0.0,0.0,0.0,0.0,0.0,0.0,0.8296129707947343,0.8180406378637883,0.8751411550275688,1.073804321606032,1.168957653204174,1.2548209767522907,1.5287997847455963,1.573328155234268,1.4933895582648862,1.0072867517160033,0.23726041484268162,0.0,0.0,0.0,0.0,0.0,0.0,0.0
Simulation,35,0.0,0.0,0.0,0.0,0.0,0.0,0.596032331175621,0.4053298088109376,0.24843419335980044,0.10880591594995226,0.1983958585008384,0.31853192127919716,0.7334289740008388,0.6779705688587174,0.5606028456079264,0.2809502468379523,0.23740502223121807,0.0,0.0,0.0,0.0,0.0,0.0,0.0
Simulation,36,0.0,0.0,0.0,0.0,0.0,0.0,0.10089058426691039,0.22192607511249185,0.4072705263251677,0.497508932923843,0.6124197302734715,0.6585772451094688,0.8973077009225108,0.9366259423175425,0.9149207754423634,0.858473474525355,0.320480248872413,0.0,0.0,0.0,0.0,0.0,0.0,0.0
Simulation,37,0.0,0.0,0.0,0.0,0.0,0.0,0.4885683870545741,0.6029656275532689,0.7335358640574298,0.9137198804599761,0.8225466579949066,0.6845497831000265,0.7328719516728208,0.7917199771817518,0.7957010949784479,0.5951938762069546,0.2367647118039214,0.0,0.0,0.0,0.0,0.0,0.0,0.0
Simulation,38,0.0,0.0,0.0,0.0,0.0,0.0,0.8111950266556676,0.8685708808227662,0.8127925623646307,0.4003920296019083,0.5301855017068453,0.6639570602122578,0.8854969272259979,0.8298784727164424,0.7355653548950032,0.6754474805844826,0.28708278526953196,0.0,0.0,0.0,0.0,0.0,0.0,0.0
Simulation,39,0.0,0.0,0.0,0.0,0.0,0.0,0.509328810119276,0.9399272772505807,1.0420181285819767,0.6582403686845941,0.4183431151853847,0.27902139808320603,0.6046334977456869,0.6699541134437228,0.5947278424822752,0.26296906905589745,0.2365647118039215,0.0,0.0,0.0,0.0,0.0,0.0,0.0
Simulation,40,0.0,0.0,0.0,0.0,0.0,0.0,0.659174421028748,0.7727802705507686,0.7593348159368124,0.44627528412204776,0.4795607929891401,0.5037850299377744,0.6818413534386568,0.6603061278102749,0.6263550514066635,0.5981436998495735,0.2504739756784236,0.0,0.0,0.0,0.0,0.0,0.0,0.0
Simulation,41,0.0,0.0,0.0,0.0,0.0,0.0,0.8814504278410631,1.281679718584443,1.3110395464092952,1.3629369166043779,1.4475507976827733,1.5297007040206516,1.289042785031198,1.1674642663245194,1.1303263079225574,1.2701713737036648,0.40055406377913616,0.0,0.0,0.0,0.0,0.0,0.0,0.0
Simulation,42,0.0,0.0,0.0,0.0,0.0,0.0,1.082872360507741,1.4190977276248198,1.438906928247175,1.5815097057654648,1.571168830631295,1.5442053452747722,1.2807644621520282,1.1142935940457077,1.0925210384378117,1.2784406292289352,0.3749188150147167,0.0,0.0,0.0,0.0,0.0,0.0,0.0
Simulation,43,0.0,0.0,0.0,0.0,0.0,0.0,0.4642053433591608,0.3949657518365774,0.5053619458475399,0.6269484649985333,0.9437434765972812,0.9513547716495331,0.36929214562755863,0.157326678964832,0.1025681360694678,0.2685262409347669,0.24936014348866112,0.0,0.0,0.0,0.0,0.0,0.0,0.0
Simulation,44,0.0,0.0,0.0,0.0,0.0,0.0,0.6014308567176783,0.2429175533222509,0.13769589103812607,0.0881750089798975,0.22596373544133153,0.30507390945649393,0.21497857881214566,0.1543171926771364,0.11351516693928432,0.2062821970258436,0.23742741378705196,0.0,0.0,0.0,0.0,0.0,0.0,0.0
Simulation,45,0.0,0.0,0.0,0.0,0.0,0.0,1.0301462966238053,0.9083511226075319,0.8064456267029936,0.4251844061010201,0.4851360170523615,0.5478240723895689,0.6009430348342386,0.5122237800945726,0.5373104263293407,0.5584230434304011,0.3005454061494076,0.0,0.0,0.0,0.0,0.0,0.0,0.0
Simulation,46,0.0,0.0,0.0,0.0,0.0,0.0,0.7838766076948009,0.8207917344081355,0.863341980639108,0.6857025695861639,0.7194738856989829,0.7680990684660292,1.0958086203928936,1.0485751803144623,0.9213222791642011,0.6356477863620967,0.23781051498453387,0.0,0.0,0.0,0.0,0.0,0.0,0.0
Simulation,47,0.0,0.0,0.0,0.0,0.0,0.0,0.5530089295866991,0.7398582834523073,0.8226985857250897,1.0128893977047186,1.152652460814436,1.3247693807123975,1.6141829849962357,1.635735608718726,1.554895597728569,1.1830629306935272,0.3496409395289256,0.0,0.0,0.0,0.0,0.0,0.0,0.0
Simulation,48,0.0,0.0,0.0,0.0,0.0,0.0,0.24403726812173,0.6816382806631063,1.02331705577706,1.232401708695728,1.1759903503457851,1.1080653046977802,0.9084986616080039,0.8713400590808399,0.8589509345090284,0.9575614482085342,0.34367280311433396,0.0,0.0,0.0,0.0,0.0,0.0,0.0
Simulation,49,0.0,0.0,0.0,0.0,0.0,0.0,0.6291650269357079,0.6893653775441176,0.6893916854111561,0.35258926377809713,0.5614983374921536,0.5552711469324518,0.247090222478214,0.19367715035564448,0.24589186009898478,0.640699714381804,0.317670616195106,0.0,0.0,0.0,0.0,0.0,0.0,0.0
Simulation,50,0.0,0.0,0.0,0.0,0.0,0.0,0.14177811947829613,0.3258960612248729,0.6025633761974016,0.6904827578044013,0.6796718735656033,0.6285044783445592,0.6899823980504054,0.7349205344617217,0.734370856270472,0.5906864726833271,0.2461914884396159,0.0,0.0,0.0,0.0,0.0,0.0,0.0
Simulation,51,0.0,0.0,0.0,0.0,0.0,0.0,1.3304868926450168,1.3428827234882892,1.1373650306572085,0.4973372273498922,0.4122833806430466,0.29016152715774124,0.2840498433158928,0.31039274247244936,0.4308622747171059,0.7186423711663794,0.2918305257065138,0.0,0.0,0.0,0.0,0.0,0.0,0.0
Simulation,52,0.0,0.0,0.0,0.0,0.0,0.0,1.2280037645865431,1.34512793960173,1.3032074693707498,1.0779790465522077,1.1157443209640776,1.070393583502015,0.7918559305461782,0.5802097068775735,0.48975335487829064,0.469236309329921,0.2508878590128057,0.0,0.0,0.0,0.0,0.0,0.0,0.0
Simulation,53,0.0,0.0,0.0,0.0,0.0,0.0,0.24340065359743607,0.418131241032366,0.424080348863894,0.05183022480602362,0.07980687383628782,0.1276031081265835,0.13715632264583022,0.0956500284262578,0.06584737356936465,0.05033330619435361,0.24378533259108245,0.0,0.0,0.0,0.0,0.0,0.0,0.0
Simulation,54,0.0,0.0,0.0,0.0,0.0,0.0,0.4352574655678341,0.6098216340245503,0.7136053292980516,0.8474027896793079,1.0177340534458084,1.164692797230193,1.322714716672151,1.255635025208406,1.1378914703276166,0.7643190134088995,0.2776868140388867,0.0,0.0,0.0,0.0,0.0,0.0,0.0
Simulation,55,0.0,0.0,0.0,0.0,0.0,0.0,0.4844482346697364,0.9119378882442135,1.0239430989235663,0.5690467084306893,0.49680364233334684,0.4505266812183344,0.533094309941307,0.4181675960786454,0.31975602191316166,0.1847999512827287,0.2385647118289215,0.0,0.0,0.0,0.0,0.0,0.0,0.0
Simulation,56,0.0,0.0,0.0,0.0,0.0,0.0,0.39479769233470213,0.3577067343447692,0.5331017267333655,0.9061401815862744,1.2462523837810753,1.3923168248694733,1.110744575956178,0.7275052820262965,0.387923599896704,0.16585774898374406,0.2365647118039215,0.0,0.0,0.0,0.0,0.0,0.0,0.0
Simulation,57,0.0,0.0,0.0,0.0,0.0,0.0,0.0935123294801305,0.4526626742135441,0.8215058117416377,0.9332735894495857,1.1282516384086756,1.1852920298290834,0.9109624944481716,0.6950013153253473,0.5499979537568946,0.5589040573527329,0.324438227690297,0.0,0.0,0.0,0.0,0.0,0.0,0.0
Simulation,58,0.0,0.0,0.0,0.0,0.0,0.0,0.3369982221075932,0.5499956758228469,0.6999710637437231,0.6074664532409477,0.7005032436457672,0.7654029885273236,0.9988885946357249,0.9476402206488577,0.8324379443681605,0.7339087189898809,0.3246445488463543,0.0,0.0,0.0,0.0,0.0,0.0,0.0
Simulation,59,0.0,0.0,0.0,0.0,0.0,0.0,1.2295063705359026,0.9356716352934451,0.8042787899715936,0.6657268929939875,1.0685444482796567,1.2451105787533874,0.9328615043411568,0.5417835997367481,0.3585123797603394,0.39490571052108714,0.25329300001244787,0.0,0.0,0.0,0.0,0.0,0.0,0.0
Simulation,60,0.0,0.0,0.0,0.0,0.0,0.0,0.1292876419073836,0.6292335975348475,0.8791072885947085,0.8643963138109441,0.8810199968221709,1.0513705158104412,1.6700400678425993,1.676014549872749,1.573683032628241,0.783321696205951,0.2561672739638303,0.0,0.0,0.0,0.0,0.0,0.0,0.0
Simulation,61,0.0,0.0,0.0,0.0,0.0,0.0,0.9182575778305985,1.0404630805976236,1.176089122920692,1.5715109638429072,1.447287639096474,1.3976119345742886,1.4105872663971408,1.4249721657178729,1.39895169602487,1.026751781737162,0.2619377641888364,0.0,0.0,0.0,0.0,0.0,0.0,0.0
Simulation,62,0.0,0.0,0.0,0.0,0.0,0.0,1.2864332627152177,1.0538434840110669,1.0297888965649946,1.2205818642874509,1.1851258230397266,1.1542480426998079,1.1505972830099422,1.154688354383325,1.145264444407665,0.7991740190273496,0.2365647118039215,0.0,0.0,0.0,0.0,0.0,0.0,0.0
Simulation,63,0.0,0.0,0.0,0.0,0.0,0.0,0.6526785583570138,1.0914638659436933,1.2674186376372552,1.4142810290992989,1.3934060930344798,1.3380845520985953,0.9982823250320451,0.8531482186183337,0.7898042850722067,0.9395970354170836,0.31801405777347147,0.0,0.0,0.0,0.0,0.0,0.0,0.0
Simulation,64,0.0,0.0,0.0,0.0,0.0,0.0,0.5023826923531749,0.8406319556689283,0.9105161388313026,0.4050386425507143,0.2666457202733592,0.2786911708501473,0.7262926164853714,0.7866444626275159,0.745212161601139,0.6348523970526411,0.3129826514279498,0.0,0.0,0.0,0.0,0.0,0.0,0.0
Simulation,65,0.0,0.0,0.0,0.0,0.0,0.0,0.5102612917353507,1.0879630392883088,1.235913492292955,1.339431751308748,1.4457008587026006,1.6141973417622584,1.603854074259369,1.5752991225292203,1.5538990123776708,1.5138711359213035,0.40745020402475585,0.0,0.0,0.0,0.0,0.0,0.0,0.0
Simulation,66,0.0,0.0,0.0,0.0,0.0,0.0,0.5947923120508007,0.7475963125366419,0.7706869432216439,0.49750798063115836,0.4376115994031524,0.3133267261797196,0.4041056614583211,0.4627686131523967,0.6359014359734303,0.9281091167712225,0.3250632676199393,0.0,0.0,0.0,0.0,0.0,0.0,0.0
Simulation,67,0.0,0.0,0.0,0.0,0.0,0.0,1.206312926593478,0.5019327270106463,0.2124952457184136,0.11030840950461118,0.2811239052376632,0.29603915196289465,0.1092781017221679,0.04295818108265137,0.09622006570524178,0.38084572042928805,0.24557991639643734,0.0,0.0,0.0,0.0,0.0,0.0,0.0
Simulation,68,0.0,0.0,0.0,0.0,0.0,0.0,0.4113278840548534,0.8062110842527803,0.9719608547567107,0.8505597855400975,0.720962886190429,0.6983029414906154,1.002822554701507,1.094467831345971,1.0910607700702972,0.7882273772740551,0.24916680721071974,0.0,0.0,0.0,0.0,0.0,0.0,0.0
Simulation,69,0.0,0.0,0.0,0.0,0.0,0.0,1.107906706009504,1.254432310339114,1.1365580797383097,0.7219512874826572,0.6978178361549854,0.6631881769694008,0.842599766058888,0.9212747236051542,1.0857071222543826,1.5174966839096653,0.37389798727209167,0.0,0.0,0.0,0.0,0.0,0.0,0.0
Simulation,70,0.0,0.0,0.0,0.0,0.0,0.0,0.4254736528748454,0.7970664030796104,0.9825613259102848,0.8933146294960254,0.8776380478049806,0.8407755473451654,0.7858728082794701,0.7432432464360729,0.7490095110030532,0.8261077860455502,0.337989756727812,0.0,0.0,0.0,0.0,0.0,0.0,0.0
Simulation,71,0.0,0.0,0.0,0.0,0.0,0.0,0.4724000074488462,0.5018132679784788,0.46955572558338654,0.34740499501583616,0.6738908553370355,0.8433264904374035,0.7715541297344498,0.5043092730957841,0.3515736185643627,0.2791430252353911,0.25123918199073486,0.0,0.0,0.0,0.0,0.0,0.0,0.0
Simulation,72,0.0,0.0,0.0,0.0,0.0,0.0,0.2728145053096044,0.20038922729539765,0.19503594545172553,0.21193596652600388,0.614067201603284,0.7744921088803529,0.6728604797221196,0.3863969938453005,0.27093677291073265,0.2562325169417074,0.24349444998058126,0.0,0.0,0.0,0.0,0.0,0.0,0.0
Simulation,73,0.0,0.0,0.0,0.0,0.0,0.0,0.5209703513925319,0.7573475856213205,0.8125384730681723,0.7443752895348011,0.7024399165873859,0.589511932061873,0.5826257922059879,0.6964437977743011,0.8687527833635665,1.1461531292410603,0.30065616090105496,0.0,0.0,0.0,0.0,0.0,0.0,0.0
Simulation,74,0.0,0.0,0.0,0.0,0.0,0.0,1.1136107579500818,1.166333434401607,1.162226337431819,1.2093587333206905,1.2433337999235978,1.259578193491122,1.2834736264416087,1.1979563189439257,1.2724729273685007,1.1856087415448213,0.339966452141996,0.0,0.0,0.0,0.0,0.0,0.0,0.0
Simulation,75,0.0,0.0,0.0,0.0,0.0,0.0,1.423716037606978,1.053481824208109,0.7563633262397997,0.19867997919972646,0.5095553917995537,0.8140331037013839,0.9842026065274407,0.7879626603574496,0.5988614891191925,0.5443439727381825,0.3121355051935616,0.0,0.0,0.0,0.0,0.0,0.0,0.0
Simulation,76,0.0,0.0,0.0,0.0,0.0,0.0,0.18168068858394384,0.4461739549130692,0.7902297699840866,0.6671900182252264,0.8020379081185156,0.7035344405858278,0.12197080869138954,0.0,0.0,0.004131198193610519,0.2367647118039214,0.0,0.0,0.0,0.0,0.0,0.0,0.0
Simulation,77,0.0,0.0,0.0,0.0,0.0,0.0,1.6054298404830958,1.6477907566837615,1.615878589193537,1.2242295624818396,1.2460799527006765,1.3191202166506812,1.1202896042378077,0.8857553463641431,0.6538459798893297,0.4034033154043853,0.2425514631448593,0.0,0.0,0.0,0.0,0.0,0.0,0.0
Simulation,78,0.0,0.0,0.0,0.0,0.0,0.0,0.06495365306386897,0.12376338935581321,0.24398422822442434,0.301401354383821,0.34692420634111043,0.39733089123002874,0.5926381962523475,0.585628875326393,0.5889062649963481,0.5632604287828975,0.24483219621554658,0.0,0.0,0.0,0.0,0.0,0.0,0.0
Simulation,79,0.0,0.0,0.0,0.0,0.0,0.0,0.18592687318934611,0.5010642695836138,0.8145675291007977,1.2599154145443476,1.3427087033103344,1.3567722554278425,1.3429888765589446,1.3954341635499448,1.4037323578765601,1.2462143738443774,0.30008323940884374,0.0,0.0,0.0,0.0,0.0,0.0,0.0
Simulation,80,0.0,0.0,0.0,0.0,0.0,0.0,0.5737894600340938,0.7285499077254199,0.7054671239790579,0.3103683662886747,0.5107032392816147,0.6514305570920491,0.535110859477711,0.3287800021807104,0.30434038695542953,0.5481240168210255,0.3403045599438934,0.0,0.0,0.0,0.0,0.0,0.0,0.0
Simulation,81,0.0,0.0,0.0,0.0,0.0,0.0,0.031097754195278993,0.0,0.07999614142826639,0.19597266764028798,0.3795983321983861,0.49205178335089456,0.6995453128080176,0.7492980616069498,0.7787358392353945,0.7886020840319189,0.3015837039191091,0.0,0.0,0.0,0.0,0.0,0.0,0.0
Simulation,82,0.0,0.0,0.0,0.0,0.0,0.0,0.38988164513816664,1.2632189809087988,1.3975216943745274,0.9896236875980599,0.7050533168902992,0.5471458496733669,0.695519958399176,0.7995558927381717,0.7932412331868446,0.7530688011546863,0.31446858522657045,0.0,0.0,0.0,0.0,0.0,0.0,0.0
Simulation,83,0.0,0.0,0.0,0.0,0.0,0.0,0.5861339994287074,0.7937628033329205,0.6886785505230714,0.08534942937672008,0.11038962494061022,0.16794524451210202,0.4430781420586148,0.44147410628693595,0.4256783836987337,0.4361977957253197,0.258816794062672,0.0,0.0,0.0,0.0,0.0,0.0,0.0
Simulation,84,0.0,0.0,0.0,0.0,0.0,0.0,0.6329358575100199,0.8247447840671198,0.9186931503629108,0.7725313511616738,0.6724504771243054,0.6300865762214156,0.938858851516695,1.0228428459074324,1.048411984333012,0.8703700782363595,0.2582177200254658,0.0,0.0,0.0,0.0,0.0,0.0,0.0
Simulation,85,0.0,0.0,0.0,0.0,0.0,0.0,0.41304129728327843,0.6648739556940886,0.7051999738565702,0.30241551968764435,0.30078421481131234,0.3119168947057336,0.2961833509411501,0.29622650711364396,0.3413481664071504,0.5922631594398993,0.3135347798894557,0.0,0.0,0.0,0.0,0.0,0.0,0.0
Simulation,86,0.0,0.0,0.0,0.0,0.0,0.0,0.456133275984334,0.5920245128942292,0.7518707844095689,1.0668646542647113,1.2624576301845567,1.3260765189417032,1.0128921819911803,0.8275053073315323,0.7413672483009699,0.7654575828918199,0.30341414814374934,0.0,0.0,0.0,0.0,0.0,0.0,0.0
Simulation,87,0.0,0.0,0.0,0.0,0.0,0.0,0.5837744481445796,0.7664865896598266,0.8750416112130085,0.9398916392555843,1.0909367157863057,1.0820117365410604,0.7709198785789777,0.5055651471564686,0.36666864780606784,0.24467662902633158,0.2365647118039215,0.0,0.0,0.0,0.0,0.0,0.0,0.0
Simulation,88,0.0,0.0,0.0,0.0,0.0,0.0,0.9437680786600362,1.3424212392104948,1.3813551887620927,1.2361155983470156,1.124743681065973,1.0165865243026324,0.9438237735596448,0.8345966271508669,0.6664506951764667,0.34412885994641806,0.2367647118039214,0.0,0.0,0.0,0.0,0.0,0.0,0.0
Simulation,89,0.0,0.0,0.0,0.0,0.0,0.0,0.27031420686841606,0.7473711519370221,0.9320134953077355,0.7759361963408417,0.698186283522657,0.5817170720348769,0.44338660971320126,0.44636478637498583,0.5159126810194151,0.5193391154804762,0.2442590701216138,0.0,0.0,0.0,0.0,0.0,0.0,0.0
Simulation,90,0.0,0.0,0.0,0.0,0.0,0.0,0.4346436932345765,0.9599649158988491,1.1738824201057056,1.1657154656094557,1.243061826353975,1.2639668011496887,1.095166812136388,0.8701180550367924,0.6303800192958582,0.48078187616437706,0.2491773619438172,0.0,0.0,0.0,0.0,0.0,0.0,0.0
Simulation,91,0.0,0.0,0.0,0.0,0.0,0.0,0.41585745750770836,1.1868817382205905,1.4241257911575664,1.3321460935086746,1.466545618914838,1.5146114728300564,0.8474619590161564,0.39549631218847575,0.1914347367926018,0.21907818522622202,0.2928516644649846,0.0,0.0,0.0,0.0,0.0,0.0,0.0
Simulation,92,0.0,0.0,0.0,0.0,0.0,0.0,0.33986321763751637,0.7942695467177159,0.8536826493561587,0.3182467658755016,0.47397650478220144,0.5981157858048702,0.3622268093537727,0.22563668640878976,0.19443943576395684,0.35421414660486295,0.327729575524341,0.0,0.0,0.0,0.0,0.0,0.0,0.0
Simulation,93,0.0,0.0,0.0,0.0,0.0,0.0,0.09317710064205209,0.21131768203616152,0.47331293958830334,0.7407062572657408,0.9427048094635687,1.0515090113741405,1.0722260929230487,0.8960849240110818,0.7070753594218947,0.4263255324787437,0.24974076803825085,0.0,0.0,0.0,0.0,0.0,0.0,0.0
Simulation,94,0.0,0.0,0.0,0.0,0.0,0.0,0.24284108960025297,0.5498859703537488,0.7017843593790747,0.7368054193540277,0.7588436261637543,0.7336347264060834,0.7980748143229534,0.8882353999453442,0.9576028602516315,0.9601204377494543,0.28439562395047085,0.0,0.0,0.0,0.0,0.0,0.0,0.0
Simulation,95,0.0,0.0,0.0,0.0,0.0,0.0,0.5999470634275521,1.2280437700219495,1.2714694948733407,1.0563806067179293,1.050651242774104,1.1237473606652264,1.1388996628558603,1.052856177688123,0.9072150706063211,0.7275391238348414,0.3138750332996699,0.0,0.0,0.0,0.0,0.0,0.0,0.0
Simulation,96,0.0,0.0,0.0,0.0,0.0,0.0,0.994702024555136,1.052522480888507,1.1271057246136347,1.163613618042533,1.181058948734904,1.2056943018675292,1.2791603770165958,1.1694423562555611,1.0155469502408434,0.6413991997960035,0.2384350375647158,0.0,0.0,0.0,0.0,0.0,0.0,0.0
Simulation,97,0.0,0.0,0.0,0.0,0.0,0.0,0.5110648441881438,0.8053060318120178,0.8538742241760233,0.5349687461238966,0.6878266325880034,0.6541321379018045,0.26988214884219064,0.20623624612471592,0.25243517811849003,0.4914506088855546,0.25891780358576977,0.0,0.0,0.0,0.0,0.0,0.0,0.0
Simulation,98,0.0,0.0,0.0,0.0,0.0,0.0,1.5505240691537945,1.5872366015297334,1.595069320804482,1.522439434153852,1.318515561778664,1.187357034613039,1.0301573541110778,0.985812503809368,0.9699994515686873,1.007217918379805,0.3017845825148462,0.0,0.0,0.0,0.0,0.0,0.0,0.0
Simulation,99,0.0,0.0,0.0,0.0,0.0,0.0,0.45139279012323963,0.6361372230771102,0.6128966357476786,0.3425218093062019,0.540078382192472,0.7218317862356716,1.0425292316332644,1.0376787371206506,0.9722415202072283,0.9025554087519752,0.3065523422821351,0.0,0.0,0.0,0.0,0.0,0.0,0.0
Simulation,100,0.0,0.0,0.0,0.0,0.0,0.0,0.31942117033819795,0.950519995207391,1.1627978535656027,0.9320196326062866,0.7199013477948839,0.4035530202885146,0.10082582608597435,0.16204528438100596,0.32892037073624153,0.7782935303764289,0.2943740766544122,0.0,0.0,0.0,0.0,0.0,0.0,0.0
Simulation,101,0.0,0.0,0.0,0.0,0.0,0.0,0.16359480151757064,0.6373532616975723,0.9039792249169251,0.8610515660888015,0.8477040273508037,0.7346685852199427,0.40417814971978905,0.4282582457204713,0.6300183352370713,1.1752964164194195,0.40825984923342185,0.0,0.0,0.0,0.0,0.0,0.0,0.0
Simulation,102,0.0,0.0,0.0,0.0,0.0,0.0,0.28609710537591626,0.6475654129277051,1.0597172163588118,1.7030811515082656,1.810763493090365,1.8033177337286082,0.9037746935026426,0.5694464088164264,0.6044509983529693,1.2370363382101695,0.4164236238524729,0.0,0.0,0.0,0.0,0.0,0.0,0.0
Simulation,103,0.0,0.0,0.0,0.0,0.0,0.0,0.22073095590463165,0.41867573201203867,0.5584402663831727,0.5110276519639327,0.796617524024747,0.9410827374205886,0.9381647985679373,0.8042233525864025,0.679414698743731,0.602945014448821,0.2922748093492895,0.0,0.0,0.0,0.0,0.0,0.0,0.0
Simulation,104,0.0,0.0,0.0,0.0,0.0,0.0,0.335204578162581,0.7292564798161378,0.8931897759636601,0.8637385122092975,0.7083696128349262,0.6607755598791567,1.0927325562225665,1.2032696856905245,1.3226497562352035,0.9885420728979238,0.25246946567365053,0.0,0.0,0.0,0.0,0.0,0.0,0.0
Simulation,105,0.0,0.0,0.0,0.0,0.0,0.0,0.7127361702267538,1.119221141880553,1.3121764347473261,1.525226825873879,1.3412469195972014,1.2022439001099394,0.8691020843487056,0.7267055874229708,0.6104630135999988,0.36004520217565655,0.2365647118039215,0.0,0.0,0.0,0.0,0.0,0.0,0.0
Simulation,106,0.0,0.0,0.0,0.0,0.0,0.0,1.4902161639823908,1.5698686848155294,1.362965484922364,1.0551868492887055,0.9541005743945116,0.785169571967441,0.4054525231474628,0.3103962292731916,0.36060980660200603,0.513510427669454,0.23749995634909854,0.0,0.0,0.0,0.0,0.0,0.0,0.0
Simulation,107,0.0,0.0,0.0,0.0,0.0,0.0,0.3418708260596496,0.4573649913182741,0.6823710377282743,0.8318402301113035,1.0903961610721729,1.121510598345621,0.6632810338693448,0.36018806522463254,0.30977138390177467,0.5530986268043585,0.3093858705136428,0.0,0.0,0.0,0.0,0.0,0.0,0.0
Simulation,108,0.0,0.0,0.0,0.0,0.0,0.0,0.30928844695700647,0.6777678922714465,0.7889169862422287,0.49464659085713136,0.6526310640250035,0.7345244302162045,0.6120314155010107,0.4535495489199846,0.40993939066899326,0.5333993790011737,0.31302145827378064,0.0,0.0,0.0,0.0,0.0,0.0,0.0
Simulation,109,0.0,0.0,0.0,0.0,0.0,0.0,0.08878479678350659,0.45337687001599747,0.9888088524818738,1.424321122816817,1.2858315853520481,1.0323319069426893,0.39520635112095415,0.38155344993029155,0.6001106018236959,1.0594943083321784,0.35013469311314016,0.0,0.0,0.0,0.0,0.0,0.0,0.0
Simulation,110,0.0,0.0,0.0,0.0,0.0,0.0,0.16019581563266655,0.6173736328623854,0.8296928102474148,0.6192825379543259,0.7309224802062821,0.8400283872955157,0.791320822269486,0.6635739786571107,0.5079314108295457,0.3672834500256411,0.3052433746445449,0.0,0.0,0.0,0.0,0.0,0.0,0.0
Simulation,111,0.0,0.0,0.0,0.0,0.0,0.0,0.5007246945125436,1.449131454965886,1.715616692158465,1.5676744454239928,1.3169685083986584,1.2540730687895882,1.207370464185868,1.169923975434946,1.0911639931948915,0.9132609766018736,0.334783255373047,0.0,0.0,0.0,0.0,0.0,0.0,0.0
Simulation,112,0.0,0.0,0.0,0.0,0.0,0.0,0.43469824373547206,0.5557146659249637,0.6318371241320504,0.23838670311235355,0.18007037582795593,0.1098467938379194,0.07881467525593533,0.04089774077797992,0.10638061558612555,0.3090145349691561,0.24593251998168722,0.0,0.0,0.0,0.0,0.0,0.0,0.0
Simulation,113,0.0,0.0,0.0,0.0,0.0,0.0,0.8200562538168368,1.4268071445336723,1.568527634477594,1.5276942782552054,1.2284298869007935,1.157515843549265,1.3396375294309455,1.5202637023241392,1.4773392164838164,0.9368915880140213,0.25199293836370307,0.0,0.0,0.0,0.0,0.0,0.0,0.0
Simulation,114,0.0,0.0,0.0,0.0,0.0,0.0,0.4324837556209973,0.49096594711699704,0.47482728987712175,0.306022567760902,0.4845191636482741,0.6389467967764013,0.6627766018492399,0.49512714712915146,0.42879290728083325,0.45773711654352156,0.27823433256146074,0.0,0.0,0.0,0.0,0.0,0.0,0.0
Simulation,115,0.0,0.0,0.0,0.0,0.0,0.0,0.7912380316863954,1.0343269994863526,1.1160907838669663,0.8088525170447922,0.832680379045613,0.8620794590246484,0.8333403942394781,0.6715691076041931,0.5078450993747055,0.3383733575399922,0.2438251150433867,0.0,0.0,0.0,0.0,0.0,0.0,0.0
Simulation,116,0.0,0.0,0.0,0.0,0.0,0.0,0.4033092213075971,0.5443556889013148,0.5697173544179903,0.3473078161078975,0.4299963639581661,0.49216185547301977,0.7010100288984302,0.7061397383002018,0.7444642995697026,0.7844583426261738,0.30160194680499747,0.0,0.0,0.0,0.0,0.0,0.0,0.0
Simulation,117,0.0,0.0,0.0,0.0,0.0,0.0,0.5659689379273103,0.8681940174373025,1.0085472912547984,1.0030622008135996,1.0278035853155312,1.0221374062822473,0.9732323596593812,0.8792360801276476,0.7416895371559714,0.44360416206324293,0.23674170577337963,0.0,0.0,0.0,0.0,0.0,0.0,0.0
Simulation,118,0.0,0.0,0.0,0.0,0.0,0.0,0.3605889103763674,0.2235425625574925,0.21233088220781404,0.3959787837635988,0.6516775069178216,0.752380641161468,0.8857641172206177,0.856587456191595,0.781965758747589,0.635483676752103,0.2419838249021606,0.0,0.0,0.0,0.0,0.0,0.0,0.0
Simulation,119,0.0,0.0,0.0,0.0,0.0,0.0,0.2694660395720197,0.23593127827503335,0.18259470458405702,0.08880786912303607,0.1389646739998578,0.23492071345553023,0.8212136454931706,0.8815728573042015,0.7855978643085292,0.47472755299307556,0.237007533889411,0.0,0.0,0.0,0.0,0.0,0.0,0.0
Simulation,120,0.0,0.0,0.0,0.0,0.0,0.0,0.4772819507918048,0.21257090005090418,0.1627614694821249,0.3390599901213489,0.6098751990784856,0.6742469133893843,0.8136763741174297,0.7895981323058459,0.7956200969517631,0.8562623418743772,0.25215559175177676,0.0,0.0,0.0,0.0,0.0,0.0,0.0
Simulation,121,0.0,0.0,0.0,0.0,0.0,0.0,0.8199176492682704,1.0363360594433846,1.2192401826816242,1.2245997538188718,1.1676286851981517,1.0508154300503711,0.7686168097976851,0.5703094768133511,0.4838020682138786,0.38010421006676687,0.24314201179422584,0.0,0.0,0.0,0.0,0.0,0.0,0.0
Simulation,122,0.0,0.0,0.0,0.0,0.0,0.0,0.39825006453718625,0.8215999086533148,1.1383936761045501,1.376866964010146,1.4258344087434598,1.3887837154731233,1.0506974343594258,0.8734854177458418,0.7761549175383164,0.818292567221479,0.33727469517681463,0.0,0.0,0.0,0.0,0.0,0.0,0.0
Simulation,123,0.0,0.0,0.0,0.0,0.0,0.0,0.3415295975245689,0.3772481939234061,0.5931265655217755,1.2133339157851593,1.546403322552297,1.7182810058558042,1.4760398817294083,1.2932050837335196,1.2351456251019748,1.0521608350568619,0.3140494311859752,0.0,0.0,0.0,0.0,0.0,0.0,0.0
Simulation,124,0.0,0.0,0.0,0.0,0.0,0.0,0.2954159854753255,1.0338290756894855,1.328908422664457,1.526208236793594,1.318910785274632,1.325486469699925,1.5363502598520453,1.649311317507391,1.6532459394111387,1.6464103313237657,0.4170507862616092,0.0,0.0,0.0,0.0,0.0,0.0,0.0
Simulation,125,0.0,0.0,0.0,0.0,0.0,0.0,0.1417624091586949,0.1654551472614615,0.35547084452778155,0.8533664327806035,1.046845391295897,1.0615788751361293,0.8784027502606495,0.8352372376849145,0.8622282612444478,1.1099374459049172,0.3427515212939812,0.0,0.0,0.0,0.0,0.0,0.0,0.0
Simulation,126,0.0,0.0,0.0,0.0,0.0,0.0,0.3574350248168052,0.5815780031095592,0.658812149090914,0.37638428021114384,0.4225954723288969,0.4367959782292468,0.5954696156034478,0.5776172116347387,0.5922704113674869,0.6023041743922977,0.2501394579362192,0.0,0.0,0.0,0.0,0.0,0.0,0.0
Simulation,127,0.0,0.0,0.0,0.0,0.0,0.0,0.7453168786010103,0.5983039630131192,0.44236847226479936,0.24747932695168273,0.5532763249366216,0.7345334397991593,0.7853132508887939,0.5725694882261393,0.3740975692585343,0.18293480622788133,0.23675684877506306,0.0,0.0,0.0,0.0,0.0,0.0,0.0
Simulation,128,0.0,0.0,0.0,0.0,0.0,0.0,0.871263554382166,1.3424887989221912,1.4864225814243512,1.3689988883466546,1.5033890343941207,1.5832626244935761,1.0748591846248907,0.6709900041847373,0.36536031142613856,0.3065417914571635,0.30675830180383024,0.0,0.0,0.0,0.0,0.0,0.0,0.0
Simulation,129,0.0,0.0,0.0,0.0,0.0,0.0,0.5247470097052686,1.1015688126652357,1.1664104735493384,0.9560087215065369,0.974314926020729,1.051459416638715,1.249066276315142,1.2491148932892617,1.3055060972745491,1.1971355021343768,0.38593796148340875,0.0,0.0,0.0,0.0,0.0,0.0,0.0
Simulation,130,0.0,0.0,0.0,0.0,0.0,0.0,1.022044716703851,1.4662460934245949,1.419813558837109,1.2425356840643893,1.1508331092614064,1.1643337529489135,1.3865948032572497,1.4796901943575786,1.3074270055525212,0.6915324991271784,0.23729246693277312,0.0,0.0,0.0,0.0,0.0,0.0,0.0
Simulation,131,0.0,0.0,0.0,0.0,0.0,0.0,0.3811957681516715,0.6069305072061136,0.713647879621648,0.5520073607484344,0.7514315679225118,0.9015481707795754,0.9654866130007413,0.7651940654258711,0.5528500809823792,0.2949773713642084,0.29801564255964325,0.0,0.0,0.0,0.0,0.0,0.0,0.0
Simulation,132,0.0,0.0,0.0,0.0,0.0,0.0,0.46344955101834523,0.9355382446495406,1.1659138360483177,1.1010022909655681,1.1722903195361751,1.1381076334603162,0.5954189552319347,0.2949493355244461,0.18583607416259407,0.23781496385434558,0.2490757734736219,0.0,0.0,0.0,0.0,0.0,0.0,0.0
Simulation,133,0.0,0.0,0.0,0.0,0.0,0.0,0.8523916295691123,1.1007475781396239,1.1776551221391272,1.0742036422400916,1.0061739994536192,0.9525567095666093,0.9679498998680078,0.8428366967393265,0.5989506319771725,0.19816511537985437,0.2365647118039215,0.0,0.0,0.0,0.0,0.0,0.0,0.0
Simulation,134,0.0,0.0,0.0,0.0,0.0,0.0,1.0691132806962194,1.124716676498081,1.14274580037934,1.0526464473463093,1.0378599303238727,1.1575410364422052,1.510660318227536,1.4228185743967006,1.0387029608079041,0.25569899844222077,0.2365647118039215,0.0,0.0,0.0,0.0,0.0,0.0,0.0
Simulation,135,0.0,0.0,0.0,0.0,0.0,0.0,0.30413632572819793,0.6167694339930493,0.8396831054221938,1.0826754132243963,1.1943768618476533,1.1812662846032327,0.8535311662617002,0.7649277183474545,0.784304210884508,0.9519044385697598,0.31159216407091195,0.0,0.0,0.0,0.0,0.0,0.0,0.0
Simulation,136,0.0,0.0,0.0,0.0,0.0,0.0,0.5835749794915263,0.9689694030938028,1.0298818257175557,0.8910918115404013,0.9116831105428905,1.01051656281241,1.2916912361588713,1.4831604718558355,1.590701367332183,1.676194905058484,0.4179194590992869,0.0,0.0,0.0,0.0,0.0,0.0,0.0
Simulation,137,0.0,0.0,0.0,0.0,0.0,0.0,0.24419932712171388,0.637161427381616,0.938890400219535,1.0550523371889922,0.9391746621887894,0.7309110076144734,0.5406100453520611,0.5850270165974625,0.7829741376592457,1.2828871937486548,0.38898868674650033,0.0,0.0,0.0,0.0,0.0,0.0,0.0
Simulation,138,0.0,0.0,0.0,0.0,0.0,0.0,0.3588442353136624,0.2732024238652143,0.274202223532806,0.722604495666265,1.1508285608815623,1.290441549548429,0.9589747118240715,0.6792656844682725,0.5528069402869211,0.5156549930581275,0.2438705462892284,0.0,0.0,0.0,0.0,0.0,0.0,0.0
Simulation,139,0.0,0.0,0.0,0.0,0.0,0.0,0.24443476568504557,0.7471431802434455,1.035856933986777,1.3336355196436815,1.4456927236044967,1.4570526359762597,1.0721347734382005,0.8815696765626782,0.7528686443548558,0.6151619469339826,0.2553295614203753,0.0,0.0,0.0,0.0,0.0,0.0,0.0
Simulation,140,0.0,0.0,0.0,0.0,0.0,0.0,0.8399914005360816,1.3652789340206906,1.328279058237503,0.9196023881836308,0.8776189388014325,0.889448316411719,0.8524295414486667,0.7124497732841772,0.5269009734934211,0.24725292813718425,0.2365647118039215,0.0,0.0,0.0,0.0,0.0,0.0,0.0
Simulation,141,0.0,0.0,0.0,0.0,0.0,0.0,0.9060804566933357,1.2298425601177396,1.1239508977682913,0.5368823881192248,0.5758023542723867,0.8128611169702163,1.466473742037679,1.5372898868661335,1.2840687681847474,0.6965286226418461,0.3199253173160225,0.0,0.0,0.0,0.0,0.0,0.0,0.0
Simulation,142,0.0,0.0,0.0,0.0,0.0,0.0,0.15810254390761305,0.33046468949394303,0.45871282665412777,0.35061170577808903,0.4290353592039226,0.4727552919424773,0.6634227353365669,0.6952446003996263,0.7433545684048577,0.8341401708005436,0.31400704728425155,0.0,0.0,0.0,0.0,0.0,0.0,0.0
Simulation,143,0.0,0.0,0.0,0.0,0.0,0.0,0.0680828564966246,0.13829690882679835,0.27180746761499053,0.4974506088036263,0.7689611819633977,0.9531563573086169,1.082401725820333,1.0149133913656743,0.9074042157039302,0.9098346967479203,0.34942062868635526,0.0,0.0,0.0,0.0,0.0,0.0,0.0
Simulation,144,0.0,0.0,0.0,0.0,0.0,0.0,0.3821345440836579,0.8228987803066766,1.059171482128752,0.9551486151747693,0.8267595521141169,0.6936249159462508,0.7119957293209138,0.7330495670536079,0.7387939305597001,0.6854723489909502,0.24376040310780253,0.0,0.0,0.0,0.0,0.0,0.0,0.0
Simulation,145,0.0,0.0,0.0,0.0,0.0,0.0,0.3199663208632475,0.6085527841028403,0.6317162172802886,0.18297688938715195,0.22041318668859866,0.2772524866093816,0.4436153063289766,0.4269673578490645,0.48417831464610295,0.5876078196748309,0.3496564979135146,0.0,0.0,0.0,0.0,0.0,0.0,0.0
Simulation,146,0.0,0.0,0.0,0.0,0.0,0.0,0.4218598170349609,0.6733999110221455,1.010198716738295,1.5183008160197116,1.4463534424822524,1.3517261084381538,1.1321435959346933,0.9364773840762045,0.6941150692286964,0.26444069222197586,0.2365647118039215,0.0,0.0,0.0,0.0,0.0,0.0,0.0
Simulation,147,0.0,0.0,0.0,0.0,0.0,0.0,0.2693277529106274,0.32409516084378664,0.38047922204827456,0.5715960969890461,0.8105038880519292,1.0102500938849432,1.4281111744021908,1.5733027489387843,1.5545622292079024,1.1905739550292402,0.3194863794110344,0.0,0.0,0.0,0.0,0.0,0.0,0.0
Simulation,148,0.0,0.0,0.0,0.0,0.0,0.0,0.4080053761017275,0.7942366725600489,0.9202329945417771,0.5149115050826495,0.5870215334955435,0.5506912421237944,0.23383036984079286,0.15218426123936746,0.07782755546271991,0.053099542007242984,0.2365647118039215,0.0,0.0,0.0,0.0,0.0,0.0,0.0
Simulation,149,0.0,0.0,0.0,0.0,0.0,0.0,0.6328776966980911,0.3949851117408831,0.2743435786144889,0.1472831439957124,0.2219775948630085,0.2330280396787574,0.23114349880408125,0.2106172378251997,0.24626320422451387,0.2628225488039267,0.2367647118039214,0.0,0.0,0.0,0.0,0.0,0.0,0.0
Simulation,150,0.0,0.0,0.0,0.0,0.0,0.0,0.09515496877037372,0.5367216642927559,0.9131787829311161,1.2580320854754392,1.408601777230222,1.5297087779003877,1.501023173836257,1.5222590111242136,1.4925900349999193,1.3700156731363629,0.34442743057789915,0.0,0.0,0.0,0.0,0.0,0.0,0.0
Simulation,151,0.0,0.0,0.0,0.0,0.0,0.0,0.5689808070963519,0.7888270760593068,0.8497297156535875,0.6988442006388732,0.7680529426541686,0.8939395068257879,1.2680206782586882,1.202863244796724,1.1694942271557003,0.8697418272993693,0.32006598019917964,0.0,0.0,0.0,0.0,0.0,0.0,0.0
Simulation,152,0.0,0.0,0.0,0.0,0.0,0.0,0.9882723848340564,1.336854052715608,1.2954511243027385,1.0670293330044913,0.8292964735640502,0.660670733371176,0.7908947665793478,0.9832207687999075,1.2285266532325059,1.3848819814025006,0.31413728238293653,0.0,0.0,0.0,0.0,0.0,0.0,0.0
Simulation,153,0.0,0.0,0.0,0.0,0.0,0.0,0.1008102289559274,0.08943679069014054,0.10903809453794122,0.18577464544197975,0.7089306895816068,1.0102688025340245,0.8608368981327688,0.48886713056327735,0.27432313084398713,0.21640612932750625,0.25843262451947613,0.0,0.0,0.0,0.0,0.0,0.0,0.0
Simulation,154,0.0,0.0,0.0,0.0,0.0,0.0,0.9161228098262663,1.2952463970542183,1.3348999942236497,1.7148966525265261,1.763195060728362,1.6677943515214568,1.3714897937518031,1.4698590173504154,1.5880470277549685,1.6105872468708582,0.3298287719425573,0.0,0.0,0.0,0.0,0.0,0.0,0.0
Simulation,155,0.0,0.0,0.0,0.0,0.0,0.0,0.3996728877029098,0.47781164580605867,0.4794071495214284,0.2383892577611446,0.26092063114414055,0.2843264630838085,0.6083777111287457,0.6638177135013752,0.7230969830133168,0.8381125238036858,0.30765769678829324,0.0,0.0,0.0,0.0,0.0,0.0,0.0
Simulation,156,0.0,0.0,0.0,0.0,0.0,0.0,0.31048951886301807,0.7790915792408453,1.0259666015831104,1.1275488581084183,1.2422778919776345,1.3259557250293375,1.239728882101931,1.0798815190706719,0.8689653746356177,0.6543378386609348,0.25322462886462943,0.0,0.0,0.0,0.0,0.0,0.0,0.0
Simulation,157,0.0,0.0,0.0,0.0,0.0,0.0,0.6527124733920258,1.3281288651141623,1.3975266982370453,1.2377466240560708,1.0047865736119395,0.8129605845956447,0.7771026694569646,0.8545538075473453,0.8621724506087265,0.768077986200962,0.24240823091124766,0.0,0.0,0.0,0.0,0.0,0.0,0.0
Simulation,158,0.0,0.0,0.0,0.0,0.0,0.0,0.33780253839181784,0.6481600006998539,0.7497539885443362,0.6296616829073833,0.8608587186621749,0.9478144184749956,0.7163797302938065,0.5320785736293399,0.49667846348241457,0.5885184760259129,0.31415243023307293,0.0,0.0,0.0,0.0,0.0,0.0,0.0
Simulation,159,0.0,0.0,0.0,0.0,0.0,0.0,1.079464685824372,1.1639945567114989,1.1589305785969402,1.093313437029589,1.2777236589992613,1.4488653489291166,1.4843475845366059,1.2475638635292947,1.0659959437684758,0.8345625421215435,0.35224974197863324,0.0,0.0,0.0,0.0,0.0,0.0,0.0
Simulation,160,0.0,0.0,0.0,0.0,0.0,0.0,0.4372806979247038,0.6914200339435234,0.8124777586042298,0.6353980327821356,0.7349182062360103,0.7570715336733874,0.7618996131186866,0.6169861873784784,0.5491927975230224,0.5306539585600045,0.2774812793631808,0.0,0.0,0.0,0.0,0.0,0.0,0.0
Simulation,161,0.0,0.0,0.0,0.0,0.0,0.0,0.3577005067582284,0.5138978637446165,0.7139009869636002,0.9706967017500964,1.173708394025973,1.2596701651803732,1.1965055675430198,1.0217010226724481,0.8133690758681992,0.7073289162559572,0.29169170640558695,0.0,0.0,0.0,0.0,0.0,0.0,0.0
Simulation,162,0.0,0.0,0.0,0.0,0.0,0.0,0.1585800512091019,0.6907538120712158,1.0096026283188146,1.0819880050347406,1.242653305511533,1.330225601243628,1.017009106187289,0.8533683727433995,0.7510213846061576,0.9523610013408671,0.4107884525226909,0.0,0.0,0.0,0.0,0.0,0.0,0.0
Simulation,163,0.0,0.0,0.0,0.0,0.0,0.0,0.44449769673748124,0.5935531452024574,0.6638321440845313,0.5188544729294557,0.598368294716005,0.5046322568853521,0.38607890062364897,0.3799652670449302,0.5174888679955638,0.7500655119048389,0.3005250332356502,0.0,0.0,0.0,0.0,0.0,0.0,0.0
Simulation,164,0.0,0.0,0.0,0.0,0.0,0.0,1.0264322759044755,0.977267665788166,1.1278898287304382,1.2839879107110124,1.5035343986628755,1.4329508282007795,0.6866955021376852,0.31039502729311064,0.29841139477982087,0.6698865623406631,0.32820599425519614,0.0,0.0,0.0,0.0,0.0,0.0,0.0
Simulation,165,0.0,0.0,0.0,0.0,0.0,0.0,1.0886003171157053,1.2515684778100673,1.1663815860751225,0.8581835111229952,0.8761537159689124,0.8159367809899554,0.5896938469644302,0.4460281434624788,0.5111139535183519,0.7394278883336183,0.3184566345194367,0.0,0.0,0.0,0.0,0.0,0.0,0.0
Simulation,166,0.0,0.0,0.0,0.0,0.0,0.0,0.08406682078335315,0.3215811401140945,0.7276603071505042,0.938103482559898,0.8642091991402169,0.7600287216073328,0.8294964437365818,0.8156691423247551,0.6706338096965013,0.26347411359058354,0.2365647118039215,0.0,0.0,0.0,0.0,0.0,0.0,0.0
Simulation,167,0.0,0.0,0.0,0.0,0.0,0.0,0.31565945782678156,0.457054820723278,0.6291032977058113,0.6745652889848953,0.6001218844989493,0.4409304668052922,0.5995292018729894,0.6774575444833604,0.7055357364792413,0.44202605197588857,0.2365647118039215,0.0,0.0,0.0,0.0,0.0,0.0,0.0
Simulation,168,0.0,0.0,0.0,0.0,0.0,0.0,0.40414830425034515,0.9740539369610807,1.174679575565298,0.9248523165240492,0.8977856888597905,0.927733455553229,1.0131834526154158,0.8909508354010278,0.7270512014786891,0.5728556840364352,0.3195697183628956,0.0,0.0,0.0,0.0,0.0,0.0,0.0
Simulation,169,0.0,0.0,0.0,0.0,0.0,0.0,0.3098512523621923,0.4207511834068001,0.5308167774947077,0.4210288041374184,0.6289134482990557,0.704319814844355,0.5584705383453603,0.3810370073574216,0.3278260567328133,0.361370860016268,0.29513894736509877,0.0,0.0,0.0,0.0,0.0,0.0,0.0
Simulation,170,0.0,0.0,0.0,0.0,0.0,0.0,0.11528025860193875,0.214924578954637,0.3789581368593218,0.2480274057338926,0.3827402904622398,0.29309864980547085,0.09886231689578362,0.035033667229189436,0.010058263775515108,0.07132758993553534,0.2367426912747672,0.0,0.0,0.0,0.0,0.0,0.0,0.0
Simulation,171,0.0,0.0,0.0,0.0,0.0,0.0,0.22915877932129727,0.3689235647670144,0.6209294359056967,0.7208044559710415,0.6978646164350426,0.6407870218229819,0.7978610163815512,0.8426332927009181,0.7701648313791187,0.5585144319047314,0.23852590967213674,0.0,0.0,0.0,0.0,0.0,0.0,0.0
Simulation,172,0.0,0.0,0.0,0.0,0.0,0.0,0.5092200054492764,0.8681921077605774,1.1005662257091262,1.1270822656230268,1.1527634916977425,1.1126632714822668,0.8945739188740076,0.7411927406793082,0.6130998631562781,0.49280709629607966,0.250419040082318,0.0,0.0,0.0,0.0,0.0,0.0,0.0
Simulation,173,0.0,0.0,0.0,0.0,0.0,0.0,0.47542490051590114,0.8123438911797496,0.9199864464163698,0.9269613258454859,1.1090711836131228,1.1785560933758956,1.0295829738401197,0.9867101752916974,1.0693421559622012,1.528807598596784,0.4147524758683675,0.0,0.0,0.0,0.0,0.0,0.0,0.0
Simulation,174,0.0,0.0,0.0,0.0,0.0,0.0,0.713128613488992,0.8136141441924828,0.9253755645339654,1.0135444298316596,1.1855984922258247,1.257191610350545,1.0772095304766602,0.8938162828957541,0.8564571039940571,1.1946905930611984,0.3723616181700187,0.0,0.0,0.0,0.0,0.0,0.0,0.0
Simulation,175,0.0,0.0,0.0,0.0,0.0,0.0,1.001438540616645,1.4067276187303315,1.4136553785398998,1.2313700033624586,1.01817081219414,0.7493133443788784,0.4831129917562838,0.4503707967995969,0.5523928056644449,0.5909616570979529,0.23841967772935765,0.0,0.0,0.0,0.0,0.0,0.0,0.0
Simulation,176,0.0,0.0,0.0,0.0,0.0,0.0,0.660720796926195,0.3165048593921351,0.21252336754231815,0.2029790288077482,0.6092290947503962,0.6653214329984489,0.2077060439113938,0.08527674879758174,0.0805059351474503,0.24031709346885127,0.2430957881182605,0.0,0.0,0.0,0.0,0.0,0.0,0.0
Simulation,177,0.0,0.0,0.0,0.0,0.0,0.0,0.1405117728320741,0.500894342928909,0.7960316390447834,0.9020323739008287,0.9536780543296247,1.0313816833876517,1.1942144538377162,1.0951906746427063,0.8328986085688825,0.3640638790364355,0.23755006616783808,0.0,0.0,0.0,0.0,0.0,0.0,0.0
Simulation,178,0.0,0.0,0.0,0.0,0.0,0.0,0.908724924812379,1.1175836730505928,1.1745989961130672,1.1368957706907779,1.1073557823940843,1.0516450664220227,1.0992793113846193,1.0572790512926564,1.0894335716394468,1.0654084880829466,0.3197372836392349,0.0,0.0,0.0,0.0,0.0,0.0,0.0
Simulation,179,0.0,0.0,0.0,0.0,0.0,0.0,0.39529172515921424,0.5112730111601875,0.6049331396565438,0.5622211774225089,0.8966483559560816,1.0022688904063324,0.7149443266121525,0.5083739118825726,0.59650502036747,1.1869666095688691,0.415802196532111,0.0,0.0,0.0,0.0,0.0,0.0,0.0
Simulation,180,0.0,0.0,0.0,0.0,0.0,0.0,1.0013561995215294,1.2578670813016908,1.3620371719627065,1.6622230312060031,1.600212409286069,1.4192214923140014,0.8298563749233673,0.5706560818462583,0.5147701376021463,0.5846051515304155,0.24903689528219847,0.0,0.0,0.0,0.0,0.0,0.0,0.0
Simulation,181,0.0,0.0,0.0,0.0,0.0,0.0,0.5848648582686338,0.6188762317348033,0.5926213288221773,0.5515064873211732,0.7898707690768343,0.9644818502525312,1.28546715894988,1.3611124866001798,1.3207137615173674,1.0563415509620546,0.2681490558737395,0.0,0.0,0.0,0.0,0.0,0.0,0.0
Simulation,182,0.0,0.0,0.0,0.0,0.0,0.0,0.24405148347736305,0.3929520608037852,0.6448389153523231,0.8497061529504759,1.0315488574694365,1.038107528511817,0.7851160801496699,0.6128875672252043,0.6015991146065086,0.7946626510169893,0.3298092172723857,0.0,0.0,0.0,0.0,0.0,0.0,0.0
Simulation,183,0.0,0.0,0.0,0.0,0.0,0.0,0.435129484617153,1.0028075904481581,1.1787896974857641,1.149679497673691,1.1703066935621462,1.2403912371865347,1.2831651799140729,1.2173387762949264,1.2739737627494483,1.2055667106808492,0.3743031733727582,0.0,0.0,0.0,0.0,0.0,0.0,0.0
Simulation,184,0.0,0.0,0.0,0.0,0.0,0.0,1.6769025519066274,1.578663947460845,1.3058467603621993,0.6044959474449607,0.6126815991710156,0.656286935347274,0.8602062908476316,0.7651455227565086,0.6482348866840897,0.5567523302598706,0.26024880207512235,0.0,0.0,0.0,0.0,0.0,0.0,0.0
Simulation,185,0.0,0.0,0.0,0.0,0.0,0.0,0.15564628346499312,0.5688293455756335,0.923968993024576,0.9556069911662968,0.7988611406314952,0.661957767401153,0.8132057528818957,0.8591512127822537,0.7814963474269221,0.5731182499231294,0.25317158796599915,0.0,0.0,0.0,0.0,0.0,0.0,0.0
Simulation,186,0.0,0.0,0.0,0.0,0.0,0.0,0.25580710292420894,0.868196412134975,0.9682994699767332,0.46687859792467834,0.47199476688699193,0.5623303107888192,0.7291024645446954,0.8151748596308999,0.8607116785447257,1.0663717865754911,0.3723138796719869,0.0,0.0,0.0,0.0,0.0,0.0,0.0
Simulation,187,0.0,0.0,0.0,0.0,0.0,0.0,0.1937320157146235,0.6036717386975732,0.7588955175982661,0.6301245488810805,0.8119550835259904,0.9284829815205825,0.9209183100312657,0.8811038289033182,0.8684045920984764,1.1462988259250748,0.4149860167568758,0.0,0.0,0.0,0.0,0.0,0.0,0.0
Simulation,188,0.0,0.0,0.0,0.0,0.0,0.0,0.3501336961448587,0.7949463761891037,0.9505938930194844,0.6737843544602893,0.47833436830479203,0.27735139868233327,0.49460158665903203,0.6791525923834176,0.9045920714848316,1.3111532155028407,0.34261255421984094,0.0,0.0,0.0,0.0,0.0,0.0,0.0
Simulation,189,0.0,0.0,0.0,0.0,0.0,0.0,0.4497627457911128,0.6265980098717515,0.8788533214019477,1.3657955670687558,1.3381588653947996,1.245662170310449,1.0558896001576683,1.0339956375056665,1.0954549587634437,1.058944157906711,0.26298108302186485,0.0,0.0,0.0,0.0,0.0,0.0,0.0
Simulation,190,0.0,0.0,0.0,0.0,0.0,0.0,0.3980828633250551,0.8139725845830603,1.1615017438159527,1.6098999818404411,1.5750815642127662,1.5424188933644656,1.4579093437744708,1.3093179474620338,1.264959128724409,1.1105143845588712,0.3391674282743203,0.0,0.0,0.0,0.0,0.0,0.0,0.0
Simulation,191,0.0,0.0,0.0,0.0,0.0,0.0,0.38598696547185096,0.9961485154441907,1.2234742961159155,1.1200256502155763,1.164456148582123,1.2139468133980102,1.138602923551717,1.04892554855161,0.9422328913870728,0.9514896461397311,0.3493790457370476,0.0,0.0,0.0,0.0,0.0,0.0,0.0
Simulation,192,0.0,0.0,0.0,0.0,0.0,0.0,0.09967496829445927,0.2025678018510123,0.2811799312249582,0.29972438147900504,0.2656749746096737,0.22693396622422635,0.22756635894103383,0.30013685439713317,0.359825195222008,0.37682167513743325,0.2365647118039215,0.0,0.0,0.0,0.0,0.0,0.0,0.0
Simulation,193,0.0,0.0,0.0,0.0,0.0,0.0,0.3822246649754896,0.6104680235931581,0.7905245475425728,0.900047102110721,0.8871738085209292,0.7989372140338548,0.70565246664578,0.6659677596720619,0.6157714948239211,0.4050460435457695,0.2365647118039215,0.0,0.0,0.0,0.0,0.0,0.0,0.0
Simulation,194,0.0,0.0,0.0,0.0,0.0,0.0,0.4502848170775129,0.631419986442404,0.7119958335947952,0.7152181602883352,0.9100449087261053,1.0216603676101286,1.000963806951122,0.8438887108909118,0.5948723870081527,0.249641843320921,0.2365647118039215,0.0,0.0,0.0,0.0,0.0,0.0,0.0
Simulation,195,0.0,0.0,0.0,0.0,0.0,0.0,0.21106414570910104,0.5761226964399639,0.7976426629058304,0.39348163796115915,0.39772927995353735,0.31378338360972,0.18511185678443798,0.10142474374589505,0.07248442823623291,0.0865163395613352,0.24276243101692763,0.0,0.0,0.0,0.0,0.0,0.0,0.0
Simulation,196,0.0,0.0,0.0,0.0,0.0,0.0,0.1859701879315345,0.38261875289623254,0.6914254232872244,1.0679758168405222,0.9481719631772872,0.775172698312756,0.8248034073995149,1.0097842434344653,1.2211162368926927,1.1897516478172818,0.25586052191140013,0.0,0.0,0.0,0.0,0.0,0.0,0.0
Simulation,197,0.0,0.0,0.0,0.0,0.0,0.0,0.906578417344526,1.1528299892137195,1.1533715080292206,0.7482617979974211,0.8213090512226598,0.8137762441482431,0.5647891597219805,0.38224064752722475,0.3730658841386269,0.5904921654203886,0.32815307515121533,0.0,0.0,0.0,0.0,0.0,0.0,0.0
Simulation,198,0.0,0.0,0.0,0.0,0.0,0.0,0.023460080133623273,0.1834610844806286,0.6048296679094205,0.9349985777444458,1.0180412226042925,0.9574698326123913,0.7164969031334067,0.6240181962668085,0.5956187677543399,0.5653549607275751,0.25032633498189233,0.0,0.0,0.0,0.0,0.0,0.0,0.0
Simulation,199,0.0,0.0,0.0,0.0,0.0,0.0,0.3590576649474788,0.6820817223537914,0.8002478699291572,0.9241679814645438,1.1306062111917963,1.3321560705130864,1.7032155757296525,1.668514776558078,1.5772687681798496,1.1697345445126532,0.3193504651521842,0.0,0.0,0.0,0.0,0.0,0.0,0.0
Simulation,200,0.0,0.0,0.0,0.0,0.0,0.0,0.775887406065857,1.3283084932126679,1.3096770659232335,1.0725137797857471,1.0095532832122505,1.0157328900315035,1.115900742640222,1.0574794543341834,0.9058601141444291,0.4883751814010196,0.2365647118039215,0.0,0.0,0.0,0.0,0.0,0.0,0.0
Simulation,201,0.0,0.0,0.0,0.0,0.0,0.0,0.907927574688426,0.8031540670883416,0.9123476553182743,1.0727902403379257,1.2635144874219946,1.2966468523046593,0.9690492372138174,0.6672944498670985,0.5169730813704747,0.5563306147606143,0.2610327114883891,0.0,0.0,0.0,0.0,0.0,0.0,0.0
Simulation,202,0.0,0.0,0.0,0.0,0.0,0.0,0.1859162775519863,0.3060365532405857,0.42316301780623844,0.5197022737141134,0.5866838274947936,0.47954280583282444,0.4327438074456427,0.4600245480823724,0.5959737725787637,0.7021460183034183,0.23848313330967608,0.0,0.0,0.0,0.0,0.0,0.0,0.0
Simulation,203,0.0,0.0,0.0,0.0,0.0,0.0,0.299892293773037,0.7322600520471747,0.9036560980556825,0.7443034388696615,0.7846801257576821,0.7535394989271612,0.7281597692588064,0.7026203938191853,0.7542904614675816,0.9694824866839927,0.3468448458237534,0.0,0.0,0.0,0.0,0.0,0.0,0.0
Simulation,204,0.0,0.0,0.0,0.0,0.0,0.0,0.14656377753145503,0.2170831142936135,0.336208402269611,0.36948731262513684,0.2580910691376487,0.14379695765959621,0.10903016316371217,0.25780217473882117,0.5994243901704398,1.2695162570494358,0.3573091997415367,0.0,0.0,0.0,0.0,0.0,0.0,0.0
Simulation,205,0.0,0.0,0.0,0.0,0.0,0.0,0.0948439858954575,0.22351372157716942,0.46909754972605927,0.5069321606697964,0.47808733774218215,0.3719419256153432,0.3022084577607934,0.32888510803992277,0.36000476005708004,0.3111821367683825,0.24345732616016766,0.0,0.0,0.0,0.0,0.0,0.0,0.0
Simulation,206,0.0,0.0,0.0,0.0,0.0,0.0,0.2676626468211696,0.5019398921373994,0.6048109050963202,0.18761531508698603,0.19238924661009404,0.1447448456807079,0.0711092393483912,0.03501999669512179,0.11451053463794847,0.6245282765782907,0.34938180708187205,0.0,0.0,0.0,0.0,0.0,0.0,0.0
Simulation,207,0.0,0.0,0.0,0.0,0.0,0.0,0.4755113671205899,0.691207301955937,0.8032775296461114,0.7950502051254239,0.9157008218831569,0.9411253525203858,0.8944319722373196,0.8020191416320626,0.7353005508513151,0.7212253984411144,0.2508252444780732,0.0,0.0,0.0,0.0,0.0,0.0,0.0
Simulation,208,0.0,0.0,0.0,0.0,0.0,0.0,0.5859022840449835,0.7764384658007019,0.839584294089587,0.6467260774085749,0.6159201034441966,0.491715322589104,0.5774965212945977,0.6095555448373777,0.7191295531308525,0.8180615107045723,0.2576955169405557,0.0,0.0,0.0,0.0,0.0,0.0,0.0
Simulation,209,0.0,0.0,0.0,0.0,0.0,0.0,0.0034390875213584082,0.03007163847619554,0.12497917834218708,0.2494052899151854,0.43136503774003365,0.6424965134017464,0.9696480174311197,1.0055827129942743,0.8766570891405773,0.5914017802038918,0.29726025308686843,0.0,0.0,0.0,0.0,0.0,0.0,0.0
Simulation,210,0.0,0.0,0.0,0.0,0.0,0.0,0.9452086988868196,1.5804301427179395,1.7318188134173262,1.4279621045686117,1.3051991890104557,1.2292190057396464,0.9837878423381966,0.8033110612320746,0.6063931037999148,0.38958575008461865,0.24271545180536774,0.0,0.0,0.0,0.0,0.0,0.0,0.0
Simulation,211,0.0,0.0,0.0,0.0,0.0,0.0,0.32527692549747556,0.20785294329716997,0.2686428348981713,0.6444786197365305,0.6691808125192252,0.6205557461301036,0.9634214073074668,1.0620742770055398,1.2718581870478172,1.2354989856462089,0.31039899096425116,0.0,0.0,0.0,0.0,0.0,0.0,0.0
Simulation,212,0.0,0.0,0.0,0.0,0.0,0.0,0.669220605019296,0.7317113479973979,0.7894881462763502,0.8530080320165849,1.1508212330644392,1.278182196425878,1.1201636894640703,0.8901054301383129,0.7657260428760463,0.8504599027886004,0.34963782774360647,0.0,0.0,0.0,0.0,0.0,0.0,0.0
Simulation,213,0.0,0.0,0.0,0.0,0.0,0.0,0.5209713455964629,1.1206210986395695,1.2992389785832854,1.3539036951355663,1.3132209315725611,1.3274781227299186,1.4753412423466683,1.6153177988755885,1.5881263772457237,1.3952478836405506,0.3353520727889083,0.0,0.0,0.0,0.0,0.0,0.0,0.0
Simulation,214,0.0,0.0,0.0,0.0,0.0,0.0,0.5968206468557373,1.1656576676783224,1.3119884730778186,1.0941087028212626,0.9573363658812584,0.7793337158366951,0.44487532504580335,0.3484754849854554,0.32766722618440713,0.32385268118468397,0.23743629475030356,0.0,0.0,0.0,0.0,0.0,0.0,0.0
Simulation,215,0.0,0.0,0.0,0.0,0.0,0.0,0.7503005612729587,0.8681951320049406,0.9358304259851737,0.7827600848476781,0.9366411833020405,1.0390942576870899,1.0993450177872905,0.8909609669534544,0.7008046667246942,0.5294586852203684,0.27755814873563006,0.0,0.0,0.0,0.0,0.0,0.0,0.0
Simulation,216,0.0,0.0,0.0,0.0,0.0,0.0,1.230122846182916,1.1046681119225965,1.1512855587107687,1.334748580258075,1.2418682551300428,1.0994586239612787,1.0130987192725545,1.0131180884580677,0.9758036301266123,0.7475031480295173,0.2365647118039215,0.0,0.0,0.0,0.0,0.0,0.0,0.0
Simulation,217,0.0,0.0,0.0,0.0,0.0,0.0,0.3333292486475141,0.5752168714052903,0.6157571553147784,0.3165406854663755,0.4437633737396529,0.59199410469969,0.5743206390682252,0.4390245611272286,0.3421927536430751,0.23738957202629918,0.24188754709964486,0.0,0.0,0.0,0.0,0.0,0.0,0.0
Simulation,218,0.0,0.0,0.0,0.0,0.0,0.0,0.30429388077944364,0.42170663176354406,0.5632893727240903,0.7235708978188218,1.003222007783647,1.25311761532949,1.6067981774385098,1.5246829950456422,1.2113503510955652,0.5892376465280534,0.25487573774212113,0.0,0.0,0.0,0.0,0.0,0.0,0.0
Simulation,219,0.0,0.0,0.0,0.0,0.0,0.0,0.2719256918690307,0.4387428421864422,0.43008045260696676,0.3499185102481991,0.7001050935783459,0.9028534115211054,0.9115709727900616,0.8241453533368055,0.7476207710927489,0.7685907447970286,0.3020332070727947,0.0,0.0,0.0,0.0,0.0,0.0,0.0
Simulation,220,0.0,0.0,0.0,0.0,0.0,0.0,0.19264777924073753,0.4632556623747346,0.7364385604679424,0.853880482284282,0.894138346610608,0.862259575594473,0.7276369120955185,0.5721461179349732,0.3953436884276604,0.14504691222029875,0.2365647118039215,0.0,0.0,0.0,0.0,0.0,0.0,0.0
Simulation,221,0.0,0.0,0.0,0.0,0.0,0.0,0.4832884930772769,0.8152088786825787,1.0013144147874524,1.00542358953493,0.9385894038955536,0.9253661299490307,1.1809959020581826,1.1919839682320221,1.12103932604896,0.7092489080651592,0.2416318344520185,0.0,0.0,0.0,0.0,0.0,0.0,0.0
Simulation,222,0.0,0.0,0.0,0.0,0.0,0.0,0.6428037678480736,0.8051716386584299,0.7159316757697125,0.36834190703278974,0.598407585824875,0.8324352723923982,1.2017419520224357,1.1782859306597409,1.0939037315458124,0.8912070042580011,0.303850397206359,0.0,0.0,0.0,0.0,0.0,0.0,0.0
Simulation,223,0.0,0.0,0.0,0.0,0.0,0.0,0.8073002471653593,0.7451363091808739,0.7299803416734311,0.6175762117855381,0.6501017962004505,0.6372182897456509,0.7855375858147179,0.8498878157805565,0.9410181425776007,1.2355408974697357,0.3476268584870633,0.0,0.0,0.0,0.0,0.0,0.0,0.0
Simulation,224,0.0,0.0,0.0,0.0,0.0,0.0,0.645917761685723,1.024218530071878,1.09889870942447,0.9676610764419775,1.0379154434497355,1.1857074536226637,1.4675581803584294,1.5147862212894108,1.4192139620299717,1.1935572336420477,0.38258423909499684,0.0,0.0,0.0,0.0,0.0,0.0,0.0
Simulation,225,0.0,0.0,0.0,0.0,0.0,0.0,0.7824325752386463,1.2845374006898993,1.3293112013161474,1.436911092989638,1.4038522010710317,1.411476951249661,1.2833930059365448,1.181247921498715,1.14550377683475,1.018036430222799,0.31591266983235183,0.0,0.0,0.0,0.0,0.0,0.0,0.0
Simulation,226,0.0,0.0,0.0,0.0,0.0,0.0,0.32275933422616765,0.33132770682111845,0.42968846380311126,0.5445576568632832,0.8745759045159394,0.9410752719982665,0.5613496865001555,0.2791381505337819,0.2092295226746268,0.29416406501201203,0.2990723574179329,0.0,0.0,0.0,0.0,0.0,0.0,0.0
Simulation,227,0.0,0.0,0.0,0.0,0.0,0.0,0.5108275959808375,0.9322351131687745,1.0085563435838019,0.7968887798248812,1.0217692333612156,1.1748811105907706,0.9777472214879933,0.6750964270535609,0.34159831123450074,0.10009843495280368,0.2365647118039215,0.0,0.0,0.0,0.0,0.0,0.0,0.0
Simulation,228,0.0,0.0,0.0,0.0,0.0,0.0,0.10080299592380754,0.24315312023285607,0.46992793931014126,0.5985346945353491,0.6749193319289718,0.6911080299695386,0.8528313335706076,0.936616816121699,1.0171580182119453,1.1911159120415769,0.3500796405158485,0.0,0.0,0.0,0.0,0.0,0.0,0.0
Simulation,229,0.0,0.0,0.0,0.0,0.0,0.0,0.8003484766959502,1.0371404511704876,1.131590508497116,0.8723390071281415,0.7028060672658909,0.4977579181766953,0.4447187163426218,0.4488216519605593,0.5229702269094038,0.4951585897889225,0.2419631133680354,0.0,0.0,0.0,0.0,0.0,0.0,0.0
Simulation,230,0.0,0.0,0.0,0.0,0.0,0.0,1.099215502789847,1.3426974738625534,1.328772282475178,1.4373178961839077,1.523830789679665,1.5919645470957955,1.2061087145741052,1.0243186474530384,0.9410216424957258,1.0605211508884014,0.3468990156257661,0.0,0.0,0.0,0.0,0.0,0.0,0.0
Simulation,231,0.0,0.0,0.0,0.0,0.0,0.0,1.0364529112833663,1.3968802732997228,1.344895906305278,1.0525080827219626,1.0681652372531707,1.109462615297907,1.0612742657940029,0.8898114018608683,0.7897189141398557,0.9941055820923396,0.4020708728328951,0.0,0.0,0.0,0.0,0.0,0.0,0.0
Simulation,232,0.0,0.0,0.0,0.0,0.0,0.0,0.39851623063409775,0.7926119951197668,0.8888127857490256,0.7459152164134222,0.8842325744280322,1.0144812128671044,1.117920102755878,1.095815089164976,1.108515179314791,1.2532026353251104,0.4013802755089879,0.0,0.0,0.0,0.0,0.0,0.0,0.0
Simulation,233,0.0,0.0,0.0,0.0,0.0,0.0,0.18170301513424708,0.5796301512116979,0.8849068340995705,1.1475617197246604,1.2816494336622977,1.3322401941895228,1.1169169053701002,0.9466119533227705,0.7582092713300004,0.5188547450608467,0.249631198667435,0.0,0.0,0.0,0.0,0.0,0.0,0.0
Simulation,234,0.0,0.0,0.0,0.0,0.0,0.0,0.32611647125111914,0.3070369972249977,0.42086193150234463,0.4977614660327303,0.6223016111927304,0.5664820962199741,0.5335142416538472,0.4276013142174867,0.48938616459153905,0.6353520569402037,0.30423592062634247,0.0,0.0,0.0,0.0,0.0,0.0,0.0
Simulation,235,0.0,0.0,0.0,0.0,0.0,0.0,0.3903927331641103,0.8557180121782806,1.056694819599913,0.8925474470705572,0.7252599230075102,0.6665781647506589,0.906508648851808,0.9883103705232907,0.9409424834596414,0.7529557491137934,0.27714682998013734,0.0,0.0,0.0,0.0,0.0,0.0,0.0
Simulation,236,0.0,0.0,0.0,0.0,0.0,0.0,0.9121613627125693,0.7972149423948607,0.8144307154500419,0.8161359474263148,0.9382903605699128,0.9870365070663254,1.071719750026953,0.9857391699062723,0.8829017916462578,0.7659530597379338,0.308271806756646,0.0,0.0,0.0,0.0,0.0,0.0,0.0
Simulation,237,0.0,0.0,0.0,0.0,0.0,0.0,0.09939485830099531,0.13581436648084677,0.3987792338954276,1.0532399591347783,1.1617656868637702,1.1041049239294016,0.9040527169609311,0.8703922515918399,0.8622298270087162,0.8771363395423792,0.2385647118289215,0.0,0.0,0.0,0.0,0.0,0.0,0.0
Simulation,238,0.0,0.0,0.0,0.0,0.0,0.0,0.12974368428473346,0.6634179418151427,1.0301601897439547,1.1065580905320709,1.1617324232081625,1.180378382561538,1.0138549902751677,0.8726650705848857,0.7007968840776124,0.532535846145038,0.3116244115936988,0.0,0.0,0.0,0.0,0.0,0.0,0.0
Simulation,239,0.0,0.0,0.0,0.0,0.0,0.0,1.1690571235082547,1.272624018616131,1.1589121911750186,0.7054338830556058,0.6392218486913293,0.6266818081615638,0.7568805512440853,0.6975460440168184,0.6794966368639271,0.7318088776480327,0.35621211918799855,0.0,0.0,0.0,0.0,0.0,0.0,0.0
Simulation,240,0.0,0.0,0.0,0.0,0.0,0.0,0.12200238786595005,0.13506567505505196,0.20791183858626694,0.23056605585080525,0.36644964953976034,0.3110065061629371,0.18978042261187011,0.21090325035811086,0.31883392740477684,0.5936637004471734,0.3012706374788291,0.0,0.0,0.0,0.0,0.0,0.0,0.0
Simulation,241,0.0,0.0,0.0,0.0,0.0,0.0,0.29766148831558104,0.9677309606001503,1.244177651395411,1.1865866301688845,1.1458929011539358,1.067009012825876,0.8271766883221391,0.7242235779717712,0.632149658869585,0.571977493142559,0.2767596542335232,0.0,0.0,0.0,0.0,0.0,0.0,0.0
Simulation,242,0.0,0.0,0.0,0.0,0.0,0.0,1.268364691541799,1.232245030740005,1.0029748953804265,0.360544329895533,0.38145809306013223,0.3973363842577513,0.5334706851101021,0.5069506160859324,0.6638745883213031,1.050889160124835,0.39011028573890993,0.0,0.0,0.0,0.0,0.0,0.0,0.0
Simulation,243,0.0,0.0,0.0,0.0,0.0,0.0,0.6430629339382754,0.7751234376692382,0.8040434222473533,0.6299712941870369,0.8825809854069906,1.0095010745100415,0.9536721112616804,0.7310657627438863,0.5896806855684134,0.6237899379047267,0.30486888636774134,0.0,0.0,0.0,0.0,0.0,0.0,0.0
Simulation,244,0.0,0.0,0.0,0.0,0.0,0.0,0.42682354977585113,0.33596485233961537,0.4113969335534841,0.6282843897701512,0.9117203131152928,0.9525375442457065,0.7689311641396694,0.5611074158742408,0.510923114874735,0.5816757062303972,0.24542092486151212,0.0,0.0,0.0,0.0,0.0,0.0,0.0
Simulation,245,0.0,0.0,0.0,0.0,0.0,0.0,0.7080005050684361,0.8681971251623279,0.8812228777421678,0.4655403947386881,0.7143259631131393,0.8434224322610969,0.5913556028401374,0.29822680736543883,0.18852533269737382,0.27040036593057026,0.30165224733848106,0.0,0.0,0.0,0.0,0.0,0.0,0.0
Simulation,246,0.0,0.0,0.0,0.0,0.0,0.0,0.524475644615161,0.8764105078807258,1.0994540747759207,1.238131652360882,1.1776338828217705,1.123364193591984,1.0779329122646548,1.0571902675791474,1.1009017308706157,1.0586528518308516,0.2776592627960351,0.0,0.0,0.0,0.0,0.0,0.0,0.0
Simulation,247,0.0,0.0,0.0,0.0,0.0,0.0,0.5106609111566232,0.8203061314174741,1.0051229580637568,1.0557528495501831,1.0800514953466962,1.1406482789925372,1.2742769240455578,1.1963036261706643,1.210793361723022,1.0539458468869167,0.33023250887600475,0.0,0.0,0.0,0.0,0.0,0.0,0.0
Simulation,248,0.0,0.0,0.0,0.0,0.0,0.0,0.09144878767165654,0.3291805964702795,0.7078950190141272,1.0301234114649742,1.1704569920124568,1.196463053146818,0.9241467513704661,0.7654334296596099,0.6671182448895904,0.5965131797360319,0.2503737267981254,0.0,0.0,0.0,0.0,0.0,0.0,0.0
Simulation,249,0.0,0.0,0.0,0.0,0.0,0.0,0.12219448714460296,0.5109827896065479,0.8216290869702162,0.7878443142891622,0.8206010221788852,0.7571257051293933,0.5334403415973912,0.3757215661142494,0.31953769473751586,0.323599802222578,0.29073170868437964,0.0,0.0,0.0,0.0,0.0,0.0,0.0
Simulation,250,0.0,0.0,0.0,0.0,0.0,0.0,0.31638577532288276,1.0018077076869123,1.2303993055582507,1.0510160173513587,0.9727574816371746,1.016755139370826,1.1495724237156417,1.1735877106233201,1.1192975598856072,0.9787342296529571,0.3773985694380211,0.0,0.0,0.0,0.0,0.0,0.0,0.0
Simulation,251,0.0,0.0,0.0,0.0,0.0,0.0,0.1430643728024404,0.20273148358860582,0.2828005266812993,0.4112165255222241,0.6428208241062645,0.7361697929005149,0.7594954806021945,0.5834785132726771,0.4306689996688595,0.2900101271204349,0.2497026258391466,0.0,0.0,0.0,0.0,0.0,0.0,0.0
Simulation,252,0.0,0.0,0.0,0.0,0.0,0.0,0.3042390451963022,0.513737559443156,0.7106917422222891,0.8930410356634721,1.0092460964157552,1.1126614658437484,1.2180056062049465,1.1092718069919345,0.8909723424245484,0.49117177718929905,0.24388996483824454,0.0,0.0,0.0,0.0,0.0,0.0,0.0
Simulation,253,0.0,0.0,0.0,0.0,0.0,0.0,0.7643306770831751,1.0205978720714248,1.140023036877933,0.9254265689432695,0.8100731190602631,0.6916035932355309,0.754850931215205,0.7220653302384501,0.6968208157016519,0.5912921014143742,0.23844555359341044,0.0,0.0,0.0,0.0,0.0,0.0,0.0
Simulation,254,0.0,0.0,0.0,0.0,0.0,0.0,1.37975777981481,1.0442049361710977,0.9787146321529855,0.9330878621424011,1.0321119641751912,0.9409461901903624,0.65954258528767,0.47487234125077793,0.5762882907285711,0.8120630250406469,0.25358861774801017,0.0,0.0,0.0,0.0,0.0,0.0,0.0
Simulation,255,0.0,0.0,0.0,0.0,0.0,0.0,0.09397108975740831,0.19804736602360606,0.24485206913690782,0.05228174938461416,0.04871743105434412,0.0656099446972982,0.16072180494103505,0.20924246157019422,0.20626064245587294,0.17830677879595447,0.23743465260661226,0.0,0.0,0.0,0.0,0.0,0.0,0.0
Simulation,256,0.0,0.0,0.0,0.0,0.0,0.0,0.47867729189797364,0.5352555890156776,0.6246030990836247,0.796694532114476,0.9697623904517279,0.9603417604298969,0.7024167981208151,0.53724969607152,0.4936808044602303,0.3362856198386488,0.2365647118039215,0.0,0.0,0.0,0.0,0.0,0.0,0.0
Simulation,257,0.0,0.0,0.0,0.0,0.0,0.0,0.26749725052828743,0.7030109913168385,0.8185127451115771,0.3223634439144243,0.22100898050153817,0.18426035776623684,0.18915142606472268,0.3023751214308995,0.48945176143275215,0.8966084777152623,0.3563700160659827,0.0,0.0,0.0,0.0,0.0,0.0,0.0
Simulation,258,0.0,0.0,0.0,0.0,0.0,0.0,0.22307425774563674,0.24948181598414582,0.3800970520380498,0.6444770973569487,0.8793248142932992,0.911753119818221,0.8140931884335546,0.7726358625860289,0.8382343300674109,1.1895981336055277,0.34601468931584783,0.0,0.0,0.0,0.0,0.0,0.0,0.0
Simulation,259,0.0,0.0,0.0,0.0,0.0,0.0,0.3906121836238747,0.5498905232255329,0.7127209503417467,0.8968633700859405,1.0368999856980121,1.1460966325463369,1.2221017234826412,1.1187342259061654,0.967717205955732,0.7162815915432476,0.26329701575923775,0.0,0.0,0.0,0.0,0.0,0.0,0.0
Simulation,260,0.0,0.0,0.0,0.0,0.0,0.0,0.433731085127651,1.1450035743358487,1.3559850813923269,1.2827546157718503,1.1516449526856736,1.1067357722704945,1.2313466095506194,1.293787738458093,1.3267026323392044,1.1939788041114185,0.3499968713977126,0.0,0.0,0.0,0.0,0.0,0.0,0.0
Simulation,261,0.0,0.0,0.0,0.0,0.0,0.0,0.906965920770344,0.9640878567608425,0.9714091237571303,0.899185535548051,1.019205323927555,1.1583320977612508,1.2854811173703293,1.1929805918624623,1.0745602517259043,0.7305524092375352,0.2555601737493724,0.0,0.0,0.0,0.0,0.0,0.0,0.0
Simulation,262,0.0,0.0,0.0,0.0,0.0,0.0,0.34885632681963036,0.7452312631695281,0.7512199748031237,0.31041311414989303,0.4271380752466667,0.7124599826262944,1.1180803335369907,1.0228927011089881,0.6722565251949906,0.11006880698065269,0.2365647118039215,0.0,0.0,0.0,0.0,0.0,0.0,0.0
Simulation,263,0.0,0.0,0.0,0.0,0.0,0.0,0.7717386317280643,1.30622893828609,1.2779084698863419,1.0291508732137515,1.0383765094776387,1.0993603143502344,1.033741030603406,0.9503993587995463,0.8474130931984128,0.7972514275204822,0.31527190059408083,0.0,0.0,0.0,0.0,0.0,0.0,0.0
Simulation,264,0.0,0.0,0.0,0.0,0.0,0.0,1.4369755378160711,1.5699498616778906,1.4111201529005348,1.1014785211245686,1.0237297991993748,0.9253855933657953,0.8477683690709713,0.7881215796827311,0.7760625779405681,0.8967699574602992,0.319430371002541,0.0,0.0,0.0,0.0,0.0,0.0,0.0
Simulation,265,0.0,0.0,0.0,0.0,0.0,0.0,0.6960534212261406,0.9711468368975794,1.1005746800227332,1.0463041934853836,1.1503454077057433,1.2091040644495408,1.1499575022022452,1.0043069661174453,0.77306988679849,0.5726574544923246,0.2727953659537065,0.0,0.0,0.0,0.0,0.0,0.0,0.0
Simulation,266,0.0,0.0,0.0,0.0,0.0,0.0,0.07360021030934794,0.2835339499175228,0.5590776789487344,0.5222069460074765,0.4239592654636824,0.3719388836569356,0.6818265967838805,0.8172825351967364,0.7836998581566117,0.4962578046195647,0.2368267068024307,0.0,0.0,0.0,0.0,0.0,0.0,0.0
Simulation,267,0.0,0.0,0.0,0.0,0.0,0.0,0.3492463306492386,0.9891458801634789,1.259094987983535,1.2415631487233814,1.2159819257741131,1.17463610818242,0.9682840835738687,0.8715521956662858,0.7742141376742203,0.7323791032510127,0.32368808222518153,0.0,0.0,0.0,0.0,0.0,0.0,0.0
Simulation,268,0.0,0.0,0.0,0.0,0.0,0.0,0.3874492286889072,0.6462120081844837,0.731451391302949,0.5348609452568472,0.5766904874097512,0.6633209527074766,1.0118036045586931,1.04999499721852,1.0148980229868,0.81619897010643,0.32972235495574836,0.0,0.0,0.0,0.0,0.0,0.0,0.0
Simulation,269,0.0,0.0,0.0,0.0,0.0,0.0,1.2125192176518729,1.3756067731614947,1.3332359106124538,1.1551793892402447,1.137944778202249,1.0097162635537964,0.6130847285838907,0.36442880617433654,0.28316900571288545,0.24841826600030914,0.2367647118039214,0.0,0.0,0.0,0.0,0.0,0.0,0.0
Simulation,270,0.0,0.0,0.0,0.0,0.0,0.0,0.30459761388673795,0.540038789812881,0.7193413486853433,0.9029566151982854,1.0468187754905862,1.1583851996168324,1.1510607406426296,1.094286586665277,1.007399648248048,0.8305776708050526,0.3072941207911341,0.0,0.0,0.0,0.0,0.0,0.0,0.0
Simulation,271,0.0,0.0,0.0,0.0,0.0,0.0,0.713148628511012,0.9598515241625154,0.9793548413693611,0.43331834152626747,0.3681479969810152,0.39310400408909374,0.6105310427519719,0.5612573763075664,0.5098776119930005,0.47553822299917287,0.2940664054825099,0.0,0.0,0.0,0.0,0.0,0.0,0.0
Simulation,272,0.0,0.0,0.0,0.0,0.0,0.0,0.8192196884972833,0.8565872268068623,0.9030412453941038,0.9203526527211221,1.1445830225817308,1.1983136874494884,0.915886463432494,0.6961659207988591,0.5878728654910209,0.5566267602516194,0.2835940064063788,0.0,0.0,0.0,0.0,0.0,0.0,0.0
Simulation,273,0.0,0.0,0.0,0.0,0.0,0.0,0.9110312553186105,1.0759095039833149,1.1547474661640744,1.1805573575961386,1.1731107608593419,1.1557555453316906,1.1155908594934152,1.0960837546119633,1.2770579697833075,1.5772598383593839,0.40005059964506134,0.0,0.0,0.0,0.0,0.0,0.0,0.0
Simulation,274,0.0,0.0,0.0,0.0,0.0,0.0,0.1601922664825789,0.47860369961015026,0.7932633921825633,1.1043361285427047,1.2431741711316864,1.3297966810473603,1.2815291149428032,1.1781460498504903,1.0782133397886122,0.8053759646264939,0.30780961002117607,0.0,0.0,0.0,0.0,0.0,0.0,0.0
Simulation,275,0.0,0.0,0.0,0.0,0.0,0.0,0.0997093728125863,0.531370670700275,0.770209854196408,0.546976031212796,0.600947538822268,0.6847483206873817,0.9084805483397149,0.9478080791246304,0.9072256581568503,0.8676638312659128,0.34976783291648134,0.0,0.0,0.0,0.0,0.0,0.0,0.0
Simulation,276,0.0,0.0,0.0,0.0,0.0,0.0,0.27620463051189875,0.2781641034954324,0.26976481247354345,0.2418131529705354,0.2820481571545155,0.2649949240115882,0.2999626358373706,0.35662055635356055,0.4918592060021667,0.6819316098597609,0.2770064571472439,0.0,0.0,0.0,0.0,0.0,0.0,0.0
Simulation,277,0.0,0.0,0.0,0.0,0.0,0.0,0.1811907639719475,0.21314054719064446,0.2552302414466717,0.24883653448182064,0.4376817270499768,0.48898916600393016,0.3726270441283118,0.30115087386989553,0.31830820858759057,0.4960246101995901,0.2938339591641003,0.0,0.0,0.0,0.0,0.0,0.0,0.0
Simulation,278,0.0,0.0,0.0,0.0,0.0,0.0,0.1359348559421491,0.6823123644142275,0.9805658748080778,0.8717445781355124,0.740874104567983,0.7112859471475224,0.8296687106862153,0.8902274811243921,0.8750309493338979,0.7659273994489737,0.33565700136189014,0.0,0.0,0.0,0.0,0.0,0.0,0.0
Simulation,279,0.0,0.0,0.0,0.0,0.0,0.0,0.3530146603623097,0.7766950876415366,0.8816076230417882,0.5746351100982844,0.676658586571407,0.7482010722561238,0.878609520124022,0.8094111260911271,0.691444233315835,0.5572555158990409,0.29371063500275474,0.0,0.0,0.0,0.0,0.0,0.0,0.0
Simulation,280,0.0,0.0,0.0,0.0,0.0,0.0,0.3090605082595387,0.5657277942232397,0.9062761886804472,1.2315537617012673,1.3256786721222196,1.0934865201382342,0.09469602598148763,0.0,0.013159934877669976,0.4055248827842516,0.25767799064702046,0.0,0.0,0.0,0.0,0.0,0.0,0.0
Simulation,281,0.0,0.0,0.0,0.0,0.0,0.0,0.3603835789696398,0.964454493896864,1.2343117291373793,1.2379534095651525,1.1947121562944223,1.179294754854629,1.0485944887205503,0.9903120957062614,0.9113829603871436,0.9046586753314809,0.34014156540194834,0.0,0.0,0.0,0.0,0.0,0.0,0.0
Simulation,282,0.0,0.0,0.0,0.0,0.0,0.0,0.2708698704828485,0.35049348184808277,0.5581994679449847,0.6297787457329163,0.49840748241485994,0.25617052018399156,0.29832868575535065,0.453332218712079,0.688857983375797,0.8332652764439523,0.24580355668999404,0.0,0.0,0.0,0.0,0.0,0.0,0.0
Simulation,283,0.0,0.0,0.0,0.0,0.0,0.0,0.13624336545283755,0.5767636364463083,0.867089414488758,0.982359792429907,1.1457205855243602,1.2591896873561317,1.3416840859395034,1.286966439465172,1.1758577864894026,0.9516972218188691,0.3237176995251987,0.0,0.0,0.0,0.0,0.0,0.0,0.0
Simulation,284,0.0,0.0,0.0,0.0,0.0,0.0,0.8480831130933146,0.9701591921538183,1.0492491720020265,0.9454951465174675,1.1074682895244998,1.2073337093591874,1.1804601325335211,0.9046526802233561,0.5658488470969625,0.15980442576374831,0.23721300675919565,0.0,0.0,0.0,0.0,0.0,0.0,0.0
Simulation,285,0.0,0.0,0.0,0.0,0.0,0.0,0.6994068803582885,1.2519455888184576,1.2735875550953044,0.9891133812456752,0.9437595092323694,0.9702597452876465,1.1351415298082754,1.1593336055984018,1.1883112265554083,1.1840992938643624,0.4011649337711777,0.0,0.0,0.0,0.0,0.0,0.0,0.0
Simulation,286,0.0,0.0,0.0,0.0,0.0,0.0,0.19406081660470093,0.4495775939094909,0.70062961540778,0.7238506789046356,0.6535638410442602,0.44799051921134797,0.40368778939705274,0.5683404729933077,0.8280088936400026,1.517050256660296,0.3734284370095404,0.0,0.0,0.0,0.0,0.0,0.0,0.0
Simulation,287,0.0,0.0,0.0,0.0,0.0,0.0,0.716063445596514,0.9938660057656393,0.8648744576035879,0.10931299839734498,0.10013264172314629,0.1637240335576714,0.6209331328633918,0.697311472696866,0.6775282499055987,0.6168215158502233,0.3195562462958309,0.0,0.0,0.0,0.0,0.0,0.0,0.0
Simulation,288,0.0,0.0,0.0,0.0,0.0,0.0,0.5119641086372585,0.3933228938661969,0.39357493955960554,0.4631963530274615,0.6371241956729256,0.6945452128123911,0.8241951979679879,0.7486538724227957,0.6885604278386539,0.5447199745326499,0.24379239570659125,0.0,0.0,0.0,0.0,0.0,0.0,0.0
Simulation,289,0.0,0.0,0.0,0.0,0.0,0.0,0.4815194349033472,0.5614968691367729,0.6615920745154698,0.8295932120286994,1.0174675257692596,1.01097464483911,0.7034422815683474,0.5783642086555338,0.6508570633676519,0.9040413706826185,0.3137706842350354,0.0,0.0,0.0,0.0,0.0,0.0,0.0
Simulation,290,0.0,0.0,0.0,0.0,0.0,0.0,0.2695412518393493,0.2765326499772032,0.42067287762338795,0.9246983882711355,1.3204340532455021,1.5843310604621905,1.3133703386881217,1.0273431755725349,0.7066259755039175,0.2986844009829243,0.23973271829160547,0.0,0.0,0.0,0.0,0.0,0.0,0.0
Simulation,291,0.0,0.0,0.0,0.0,0.0,0.0,0.34414764182949464,0.8521984448586852,1.0571815846953518,0.9105612491224854,0.8488158283586911,0.8727218840981829,1.0876255726660284,1.1042183977529585,1.0971706876046206,1.0013452981342228,0.32978716848080486,0.0,0.0,0.0,0.0,0.0,0.0,0.0
Simulation,292,0.0,0.0,0.0,0.0,0.0,0.0,1.0533012183231252,1.549885866493172,1.454120936932255,1.0172787008196498,1.0116503280716986,0.9468139800911191,0.5056079605039137,0.2754878885056803,0.18208430024617528,0.1658278554223659,0.2365647118039215,0.0,0.0,0.0,0.0,0.0,0.0,0.0
Simulation,293,0.0,0.0,0.0,0.0,0.0,0.0,0.5029725771937268,0.8369629146447682,1.0322306520518663,1.0299071636444748,1.1521680616987244,1.126421192114322,0.6510197748054147,0.35679742230682365,0.2865285841246346,0.36457444348469314,0.2532531211176637,0.0,0.0,0.0,0.0,0.0,0.0,0.0
Simulation,294,0.0,0.0,0.0,0.0,0.0,0.0,0.1859137615226014,0.4133503816929111,0.62713418566994,0.7855229637090798,1.0009631831273176,1.1123172332687496,1.1403993240769337,1.0578277341454072,0.9710471260961975,0.855724729030511,0.30031364484280343,0.0,0.0,0.0,0.0,0.0,0.0,0.0
Simulation,295,0.0,0.0,0.0,0.0,0.0,0.0,1.0014179870997029,1.3237535302998231,1.300297319275685,1.0038133829261966,0.7242573459214101,0.6265485340603735,1.0846969395764576,1.1967870142727555,1.3370840545389346,1.1655816742033662,0.31399733486153647,0.0,0.0,0.0,0.0,0.0,0.0,0.0
Simulation,296,0.0,0.0,0.0,0.0,0.0,0.0,0.24025788169417595,0.3402805015419443,0.3895720671494828,0.31927029891055203,0.501777013505398,0.7365780888566951,1.24493392629358,1.255886986344545,1.2143888757039454,0.8662448552843502,0.2935783611915708,0.0,0.0,0.0,0.0,0.0,0.0,0.0
Simulation,297,0.0,0.0,0.0,0.0,0.0,0.0,0.24167071337777718,0.5903837561169943,0.917674738715659,1.4168493669918572,1.4037275195451926,1.529876768978642,1.7839477005426971,1.7234249502809575,1.6395605931683965,0.7838687162669743,0.2365647118039215,0.0,0.0,0.0,0.0,0.0,0.0,0.0
Simulation,298,0.0,0.0,0.0,0.0,0.0,0.0,0.43321501860596917,0.5056312654130577,0.47237708232790904,0.31708270566691,0.30043898104148403,0.4185612452881693,0.9447871009526203,1.0384137398508893,1.080911076216423,0.960942953072015,0.2922180029661279,0.0,0.0,0.0,0.0,0.0,0.0,0.0
Simulation,299,0.0,0.0,0.0,0.0,0.0,0.0,0.2191528965227028,0.5175207777995747,0.6870589410869494,0.4550524780244939,0.47895789350517376,0.4849894803218138,0.5828716931432298,0.5737748722110358,0.6205772002634837,0.7329551352018864,0.3146972758043192,0.0,0.0,0.0,0.0,0.0,0.0,0.0
Simulation,300,0.0,0.0,0.0,0.0,0.0,0.0,0.5785820173335798,0.823443843037791,0.9304721761935527,0.9125046784000419,0.8901319353943731,0.8904589404962843,1.1156208343010625,1.1841042806230728,1.365084316209922,1.507215280073761,0.3498095859171847,0.0,0.0,0.0,0.0,0.0,0.0,0.0
Simulation,301,0.0,0.0,0.0,0.0,0.0,0.0,0.7440927812946795,0.7520801208475544,0.8550315541227494,0.9414516393797696,0.974411520848043,0.836146232883502,0.5890075030985991,0.4997299631070567,0.6277991774040331,0.8773057114257508,0.25319419272518456,0.0,0.0,0.0,0.0,0.0,0.0,0.0
Simulation,302,0.0,0.0,0.0,0.0,0.0,0.0,0.41471048543915745,0.6682738880044281,0.8128919544449098,0.9386540060443728,1.0029509726046328,1.0616966867690136,1.2988879567951246,1.369837935036956,1.2719935691035602,0.7548505702332157,0.24587382247781536,0.0,0.0,0.0,0.0,0.0,0.0,0.0
Simulation,303,0.0,0.0,0.0,0.0,0.0,0.0,0.643560719661135,0.6028233488754119,0.6358909765589249,0.8383158708092745,1.096779977268993,1.149666870324038,0.8262956199313342,0.6840038793916362,0.7554690536555094,1.164548725838204,0.3515247076013357,0.0,0.0,0.0,0.0,0.0,0.0,0.0
Simulation,304,0.0,0.0,0.0,0.0,0.0,0.0,0.2524431647933581,0.7887904527058582,1.1487138144601912,1.4181024084919942,1.3675610000044442,1.3510345010237832,1.222646677399221,1.08398216377596,0.8874652738749612,0.592361428237659,0.25039292877762814,0.0,0.0,0.0,0.0,0.0,0.0,0.0
Simulation,305,0.0,0.0,0.0,0.0,0.0,0.0,0.411887109843479,0.5582778204890586,0.6356665978943903,0.5491642048236587,0.7606247171558866,0.900606982088834,1.0395422219955883,0.944178654144348,0.8007236434852192,0.7269628218277809,0.305617828539118,0.0,0.0,0.0,0.0,0.0,0.0,0.0
Simulation,306,0.0,0.0,0.0,0.0,0.0,0.0,0.31202373878263107,0.38659270223039255,0.5699183432031991,0.8953705880734802,1.145668765383888,1.1896075408431173,0.9637491153667003,0.7730963869549671,0.6908264864073904,0.653096455305674,0.2500970221802037,0.0,0.0,0.0,0.0,0.0,0.0,0.0
Simulation,307,0.0,0.0,0.0,0.0,0.0,0.0,0.3188647466705582,0.9490243732911978,1.151247114331783,0.9227201394564348,0.6555479665925009,0.5239544731328019,0.8306312235222193,1.0231051760827399,1.1172105533432442,0.9804537081166276,0.30553096889739517,0.0,0.0,0.0,0.0,0.0,0.0,0.0
Simulation,308,0.0,0.0,0.0,0.0,0.0,0.0,0.4269411161396492,0.5111886783809665,0.6318027120799061,0.8106338877277248,1.0379851312228765,1.1019800040610412,0.8523308387674957,0.6910488651375815,0.6643563871882731,0.7696481057202266,0.313686610251652,0.0,0.0,0.0,0.0,0.0,0.0,0.0
Simulation,309,0.0,0.0,0.0,0.0,0.0,0.0,0.1859264391238604,0.0936557325400511,0.16507066088574174,0.9256100128047527,1.1574131946366883,1.1422640975192313,0.8785227487792673,0.7911665772432394,0.7895024442878592,0.7468900320008364,0.24298799048802744,0.0,0.0,0.0,0.0,0.0,0.0,0.0
Simulation,310,0.0,0.0,0.0,0.0,0.0,0.0,0.5859330714769366,1.3333281524346132,1.4249122487095165,1.0187173492329344,0.7980386804717678,0.5848601307110131,0.32017601781595084,0.31673181277184187,0.3961296265736036,0.6178916589215347,0.30997955967445023,0.0,0.0,0.0,0.0,0.0,0.0,0.0
Simulation,311,0.0,0.0,0.0,0.0,0.0,0.0,0.5952875861527429,0.8106419611616565,0.7925039310970965,0.34814708702134356,0.532839741447839,0.7113979669364389,0.8141520018314794,0.6756594181917619,0.554151862495167,0.5468186233254746,0.31629193766495817,0.0,0.0,0.0,0.0,0.0,0.0,0.0
Simulation,312,0.0,0.0,0.0,0.0,0.0,0.0,0.2530184939161937,0.606822812311004,0.8529910007557001,0.8092318669711247,0.6926426241989958,0.6229963013661719,0.8799251459098306,0.8891306982374843,0.73907492052975,0.2576906578460974,0.2365647118039215,0.0,0.0,0.0,0.0,0.0,0.0,0.0
Simulation,313,0.0,0.0,0.0,0.0,0.0,0.0,0.44703481893833386,0.8450458282219457,1.0286123281707433,0.9304027923976326,1.064214347192876,1.16393911841932,1.0746267858314806,0.8656317324576189,0.6115899226245836,0.3644591147781726,0.243458291553045,0.0,0.0,0.0,0.0,0.0,0.0,0.0
Simulation,314,0.0,0.0,0.0,0.0,0.0,0.0,0.4244925570739995,1.11567206800156,1.328921952063904,1.0809638339485603,1.0030827262588626,0.9274840622919295,0.7462049697079176,0.6030184705873167,0.532856063627449,0.5905013381386184,0.3295634625733598,0.0,0.0,0.0,0.0,0.0,0.0,0.0
Simulation,315,0.0,0.0,0.0,0.0,0.0,0.0,0.04932191746240017,0.213044937853756,0.42800318652645697,0.31423616432605805,0.17178852936434474,0.14470377643981447,0.5618677621615434,0.738058565379496,0.757701013881545,0.5307660550793066,0.2499959067896066,0.0,0.0,0.0,0.0,0.0,0.0,0.0
Simulation,316,0.0,0.0,0.0,0.0,0.0,0.0,0.4722397607338446,0.9738535856117126,1.1801896699971695,1.2182055459427241,1.3169642113942823,1.3937929061131746,1.3244107748860674,1.1119263441932872,0.7956925911389556,0.4443507911463494,0.2561305307803004,0.0,0.0,0.0,0.0,0.0,0.0,0.0
Simulation,317,0.0,0.0,0.0,0.0,0.0,0.0,0.3260516194118213,1.1190780512510818,1.3952737214637694,1.2486982370154358,1.2284798408654394,1.1548235812882255,0.6188112338436009,0.3933820520687157,0.3241848781804539,0.3911640116059818,0.3102448738823772,0.0,0.0,0.0,0.0,0.0,0.0,0.0
Simulation,318,0.0,0.0,0.0,0.0,0.0,0.0,0.9472194763108066,1.0377671704110687,1.0624552502155962,1.1014353795538583,1.370935901208165,1.5789664023225851,1.2778724233157328,1.014534509006046,0.7868127714269927,0.7313165418555955,0.32856715747756615,0.0,0.0,0.0,0.0,0.0,0.0,0.0
Simulation,319,0.0,0.0,0.0,0.0,0.0,0.0,0.5529010241334354,1.0020640796653173,1.1589343055056787,1.2053567909080283,1.2444214710490826,1.2576377046367202,1.1263631815609865,1.0854469155515383,1.1477162961851044,1.3480860471335205,0.3745988791467324,0.0,0.0,0.0,0.0,0.0,0.0,0.0
Simulation,320,0.0,0.0,0.0,0.0,0.0,0.0,0.3748720453547062,0.9289453842666449,1.1615494884514448,1.1675250494557883,1.067730288341867,1.026570295967147,1.0995910967310398,1.116563019358673,1.1690285672913416,1.0584874343882322,0.34684050868391403,0.0,0.0,0.0,0.0,0.0,0.0,0.0
Simulation,321,0.0,0.0,0.0,0.0,0.0,0.0,1.3641440131384306,1.619664751980594,1.5941026247595849,1.0445626682677955,0.9282976580885118,0.8882933256735159,0.9389249423760551,0.8698914442305525,0.7998672637852384,0.9791944725245763,0.34935655105925956,0.0,0.0,0.0,0.0,0.0,0.0,0.0
Simulation,322,0.0,0.0,0.0,0.0,0.0,0.0,0.6506318779814988,1.5625401840116608,1.7375626833979776,1.2322454812323447,0.9395946360313561,0.6587896431013509,0.19176041206031447,0.1705808105567096,0.11734039335810809,0.07472930769674901,0.2365647118039215,0.0,0.0,0.0,0.0,0.0,0.0,0.0
Simulation,323,0.0,0.0,0.0,0.0,0.0,0.0,0.5753937546751198,0.8840174294895018,1.0422117958897603,0.8498425373521084,0.876500950615304,0.7465890597533733,0.22136015312730528,0.15949341784277526,0.1813558742688679,0.48502572533395094,0.32479979903683415,0.0,0.0,0.0,0.0,0.0,0.0,0.0
Simulation,324,0.0,0.0,0.0,0.0,0.0,0.0,0.5463838913921454,0.8221645570628734,1.0688456019654966,1.5241629706412703,1.6404421176168764,1.6755918660439482,1.4148387182884572,1.2588065707573892,1.2877062519427125,1.294823960073006,0.35757012659347215,0.0,0.0,0.0,0.0,0.0,0.0,0.0
Simulation,325,0.0,0.0,0.0,0.0,0.0,0.0,0.26971901251880565,0.817464648974903,1.2215888730463373,1.4215519520964817,1.2287488867657226,1.002111281408135,0.6157114429276005,0.5349693591175539,0.5897085156955956,0.6814032668071939,0.2435576124091849,0.0,0.0,0.0,0.0,0.0,0.0,0.0
Simulation,326,0.0,0.0,0.0,0.0,0.0,0.0,0.2330012243555825,0.6304720628189425,0.8605838138737063,0.8319887131144861,0.755818890035487,0.787688870757722,1.1156205733746605,1.1440469262972837,0.9869860023887895,0.4950705307755404,0.24329899930621937,0.0,0.0,0.0,0.0,0.0,0.0,0.0
Simulation,327,0.0,0.0,0.0,0.0,0.0,0.0,0.4430486112487423,0.5333958459204402,0.46399536944287817,0.2513955655522031,0.26447759995857756,0.373277697608683,0.9573334378023803,1.1613501755013294,1.4828394848221402,1.6048836078518511,0.39829848005230084,0.0,0.0,0.0,0.0,0.0,0.0,0.0
Simulation,328,0.0,0.0,0.0,0.0,0.0,0.0,0.839027277233754,1.262596604526481,1.1245558209509763,0.19184021870788137,0.17159950560075476,0.18886465724981039,0.1862111866484638,0.1952677402398788,0.21866462090182592,0.5149527943570407,0.34115613283818735,0.0,0.0,0.0,0.0,0.0,0.0,0.0
Simulation,329,0.0,0.0,0.0,0.0,0.0,0.0,0.1573730204634109,0.17727510259856483,0.3256775240934501,0.7694110360666606,1.0324073365488224,1.1735352934102132,1.2349270619691024,1.1112192623084718,0.968248918207916,0.7547698459342759,0.3037242343353541,0.0,0.0,0.0,0.0,0.0,0.0,0.0
Simulation,330,0.0,0.0,0.0,0.0,0.0,0.0,0.19116024408399757,0.21327228019859545,0.3712985815250506,0.6247268247226679,0.8045932790913547,0.7795321285412543,0.6609512646310944,0.5812129946640356,0.6728627264838195,0.9542670405040631,0.33963018758194125,0.0,0.0,0.0,0.0,0.0,0.0,0.0
Simulation,331,0.0,0.0,0.0,0.0,0.0,0.0,0.6325202518559092,1.1403893275026136,1.3122417399429838,1.41175359560064,1.242216633089664,1.1689083582625708,1.1394667140255104,1.1633543496232295,1.2152374685126388,1.0497313887231359,0.29102278963461226,0.0,0.0,0.0,0.0,0.0,0.0,0.0
Simulation,332,0.0,0.0,0.0,0.0,0.0,0.0,0.0,0.0,0.12477228731574919,0.559250493776997,0.7627467291689889,0.8159491617596114,0.8601757999280404,0.8218871814937984,0.7438161157538377,0.6326592396063804,0.29511508948086135,0.0,0.0,0.0,0.0,0.0,0.0,0.0
Simulation,333,0.0,0.0,0.0,0.0,0.0,0.0,0.24708132861483909,0.36958433229674076,0.47095512590724053,0.5092716500203198,0.7655143360567637,0.8778652674547288,0.7654469056380707,0.6650327619428411,0.6665647660278274,0.8448512654163107,0.3425585331836862,0.0,0.0,0.0,0.0,0.0,0.0,0.0
Simulation,334,0.0,0.0,0.0,0.0,0.0,0.0,0.3376907530779791,0.5408518166029865,0.6414964020537754,0.4882704079985428,0.41708227666896347,0.3185852912232845,0.5627305410812347,0.6317374500969395,0.7256493167381618,0.7320489831396804,0.2836880888745389,0.0,0.0,0.0,0.0,0.0,0.0,0.0
Simulation,335,0.0,0.0,0.0,0.0,0.0,0.0,1.0449077382412684,1.0743118962203049,1.0442543695683029,0.8646630430690475,0.8187033227329741,0.6628178592460431,0.5142735993338001,0.5089577153480414,0.7177579657283524,1.0583522342565383,0.26904378906338955,0.0,0.0,0.0,0.0,0.0,0.0,0.0
Simulation,336,0.0,0.0,0.0,0.0,0.0,0.0,0.6743647432902309,1.004284401798795,1.0842389975662532,0.9344648355865481,0.8297168700426453,0.8342845637388321,1.1496529660221144,1.2998391545162318,1.4420590615286706,1.265060894730853,0.3207551615313414,0.0,0.0,0.0,0.0,0.0,0.0,0.0
Simulation,337,0.0,0.0,0.0,0.0,0.0,0.0,0.8896039215152126,1.6278847116779818,1.7846856412090961,1.7146771433861359,1.7527487039534813,1.750701385858549,1.3468162233182626,1.1196956424738285,0.8706688943847937,0.7071704494521911,0.32915871581185924,0.0,0.0,0.0,0.0,0.0,0.0,0.0
Simulation,338,0.0,0.0,0.0,0.0,0.0,0.0,0.5863563484565117,0.8740833628520095,0.9963503822917691,0.9346569443520226,1.0181380160273223,1.078508445523851,1.1404740414111607,1.0802456754329388,0.9986991649815617,0.9036964062764119,0.3377298638143181,0.0,0.0,0.0,0.0,0.0,0.0,0.0
Simulation,339,0.0,0.0,0.0,0.0,0.0,0.0,0.441857938564934,0.6838737068450744,0.8216722514484042,0.6934466026823327,0.6414773738935684,0.5506485673223221,0.6043769280637231,0.590887124878383,0.6278898630382828,0.6845978667789023,0.30464871645895747,0.0,0.0,0.0,0.0,0.0,0.0,0.0
Simulation,340,0.0,0.0,0.0,0.0,0.0,0.0,0.5269111456590719,0.762857680896086,0.8126385514283092,0.4974843958877696,0.6341211500058297,0.6404827749002384,0.38892627661306084,0.2726484523250534,0.25361875820801166,0.37877381732697063,0.26792577855717614,0.0,0.0,0.0,0.0,0.0,0.0,0.0
Simulation,341,0.0,0.0,0.0,0.0,0.0,0.0,0.913979313478088,1.0085892669438292,1.0888195901279354,1.0546421971335274,1.0958579474095327,1.0316232938627676,0.7058575206181266,0.5419220332686427,0.5681454388772389,0.7062544577623151,0.2616660728623027,0.0,0.0,0.0,0.0,0.0,0.0,0.0
Simulation,342,0.0,0.0,0.0,0.0,0.0,0.0,0.112323926835845,0.7127094621532549,1.2083408601904482,1.4371333007603901,1.2107796782997575,1.010175070307251,0.783358760022017,0.6947552166389813,0.5894099515035864,0.31114596395170774,0.2365647118039215,0.0,0.0,0.0,0.0,0.0,0.0,0.0
Simulation,343,0.0,0.0,0.0,0.0,0.0,0.0,1.372498000657059,1.10070185278399,0.9356249916317496,0.6600245529961958,0.6403521079800999,0.5910884644052439,0.7912584411236812,0.8804331353604049,1.066696220906561,1.4499912886304567,0.3476924155340647,0.0,0.0,0.0,0.0,0.0,0.0,0.0
Simulation,344,0.0,0.0,0.0,0.0,0.0,0.0,0.7336081858947342,1.0830476668168405,1.2137592839688844,1.3505729289191768,1.3368409088642423,1.3509402204510752,1.3533709667160703,1.4006998791473646,1.4040251768946233,1.2052133532511806,0.340040355882994,0.0,0.0,0.0,0.0,0.0,0.0,0.0
Simulation,345,0.0,0.0,0.0,0.0,0.0,0.0,0.2431811860579312,0.7604057982712993,1.029215360835811,1.0668910353235432,1.0736658011790674,1.055351145492915,0.979075563485448,0.8885454805676269,0.7900557879785701,0.7343802702865039,0.2918956838182691,0.0,0.0,0.0,0.0,0.0,0.0,0.0
Simulation,346,0.0,0.0,0.0,0.0,0.0,0.0,0.43735059480891153,0.5115749265916483,0.6403934685558736,0.9501357173583366,1.1843413118494721,1.248142981068725,0.946265513105119,0.7447757834231847,0.6683291752317547,0.6552535609798285,0.24894122635278862,0.0,0.0,0.0,0.0,0.0,0.0,0.0
Simulation,347,0.0,0.0,0.0,0.0,0.0,0.0,0.27316075572732684,0.39336802862593057,0.4417777405344106,0.3368951529472283,0.6293646036814766,0.8103752019722038,0.8965256509731536,0.7439386399219006,0.5897355036003725,0.4925715770404775,0.2525809992171571,0.0,0.0,0.0,0.0,0.0,0.0,0.0
Simulation,348,0.0,0.0,0.0,0.0,0.0,0.0,0.04648961720880612,0.020660481653272167,0.16939930325944064,0.7703397752056584,1.1348532970003469,1.2055191879516658,0.8609243759199094,0.6023504441943383,0.4275419585282529,0.2909423654274016,0.24325198701573061,0.0,0.0,0.0,0.0,0.0,0.0,0.0
Simulation,349,0.0,0.0,0.0,0.0,0.0,0.0,0.09277313070387494,0.1029234779234749,0.12206969642362919,0.1475587875974217,0.39720365441519956,0.48649497014259774,0.360395422894922,0.31169703704185936,0.4038341422880898,0.6960762480695211,0.30556334479254676,0.0,0.0,0.0,0.0,0.0,0.0,0.0
Simulation,350,0.0,0.0,0.0,0.0,0.0,0.0,0.08874401688519257,0.4272849730641715,0.8212369101595454,1.013350612989027,1.0214047377612454,1.020201304544298,0.9841585595495506,0.9381946165420552,0.795811879851143,0.5732096263194864,0.2697105950758768,0.0,0.0,0.0,0.0,0.0,0.0,0.0
Simulation,351,0.0,0.0,0.0,0.0,0.0,0.0,0.881135859473294,1.1187150318839052,1.3349085490077859,1.7121827026427003,1.6489155485267808,1.4192663000235517,1.0723025373960713,0.9133648229613238,0.9048832131178223,1.0530891933403288,0.30565274838896156,0.0,0.0,0.0,0.0,0.0,0.0,0.0
Simulation,352,0.0,0.0,0.0,0.0,0.0,0.0,0.5106513193465589,1.0054045439281658,1.1765734490205089,1.0673680656829323,1.0034383405326226,0.9445834693633983,0.8603472251545934,0.7980651289101681,0.7211226049747844,0.6312048350673363,0.2654048575923606,0.0,0.0,0.0,0.0,0.0,0.0,0.0
Simulation,353,0.0,0.0,0.0,0.0,0.0,0.0,0.09765024876293832,0.3234964794220538,0.5683891852722888,0.3387998831349121,0.3232200552033436,0.2906073007183191,0.2408343323144636,0.24783736581497573,0.20320363572776556,0.2076078131849982,0.24290318461403543,0.0,0.0,0.0,0.0,0.0,0.0,0.0
Simulation,354,0.0,0.0,0.0,0.0,0.0,0.0,0.0,0.0,0.13014678227156795,0.5185899033906944,0.8058386424187154,0.8614457356165452,0.5363863691910908,0.31089356190185524,0.20813566445711285,0.1400299730419643,0.2367647118039214,0.0,0.0,0.0,0.0,0.0,0.0,0.0
Simulation,355,0.0,0.0,0.0,0.0,0.0,0.0,0.4829942226995486,0.22671157623612548,0.16218287816052757,0.25064090898354907,0.6922598871947987,0.9678460766843122,1.275572870946493,1.0938302650844558,0.8149923751736926,0.45469315431367163,0.24385265046748594,0.0,0.0,0.0,0.0,0.0,0.0,0.0
Simulation,356,0.0,0.0,0.0,0.0,0.0,0.0,0.33723562863079826,1.1351590935760794,1.3975218486978118,1.148026975061452,0.9592808861092743,0.9450727827594304,1.2219654485383977,1.206540914222316,1.174145017115602,0.9079298994608674,0.3473462456815454,0.0,0.0,0.0,0.0,0.0,0.0,0.0
Simulation,357,0.0,0.0,0.0,0.0,0.0,0.0,0.27018990599584614,0.7317351787148242,0.8785194555750764,0.5467302283507831,0.7010151961251115,0.8408999346886346,0.8943928660113243,0.6927605000148931,0.39369198217920903,0.1437643206646848,0.23976061851784405,0.0,0.0,0.0,0.0,0.0,0.0,0.0
Simulation,358,0.0,0.0,0.0,0.0,0.0,0.0,0.4158691011188246,0.8693748080577179,1.2270549872842598,1.7156383139661755,1.7914801382072567,1.7176274866427073,1.1193678815359094,0.9959975823403104,1.020889624575504,1.3527803069432087,0.33768606535936674,0.0,0.0,0.0,0.0,0.0,0.0,0.0
Simulation,359,0.0,0.0,0.0,0.0,0.0,0.0,0.5977651510790138,1.1642621242967883,1.4361870760951634,1.7522501149730805,1.6603107190489688,1.4573725273307638,1.30180570689537,1.4014046037342522,1.5226991488414738,1.2357688477257407,0.3024883213404338,0.0,0.0,0.0,0.0,0.0,0.0,0.0
Simulation,360,0.0,0.0,0.0,0.0,0.0,0.0,0.7325775575197424,0.9377205911103469,0.987526870953867,0.6425799771158097,0.43163224875845396,0.20346700727344713,0.1852200812661866,0.30793520744947694,0.5630708237682776,0.843028857333592,0.2581534608755017,0.0,0.0,0.0,0.0,0.0,0.0,0.0
Simulation,361,0.0,0.0,0.0,0.0,0.0,0.0,0.3417470442954551,0.5155061939944576,0.6883155024925396,0.5107607936115153,0.6171501400569535,0.49326412962892024,0.15841442509448433,0.09117402022577958,0.08409980880268364,0.16937738404126568,0.24011067125233312,0.0,0.0,0.0,0.0,0.0,0.0,0.0
Simulation,362,0.0,0.0,0.0,0.0,0.0,0.0,0.4768171311526878,0.9354064906952182,1.1536618795010063,1.2231963816679676,1.1318177406785606,1.0325959040522195,1.0910074972656731,1.1129073079465286,1.2268739793567256,1.2045641189754452,0.31958056774883375,0.0,0.0,0.0,0.0,0.0,0.0,0.0
Simulation,363,0.0,0.0,0.0,0.0,0.0,0.0,0.9233295141097106,1.139996591173019,1.1676973278892637,0.9068802507318612,0.7310246204734003,0.4906286219332663,0.2289416622711995,0.27557636738984204,0.3748248897934791,0.5734183104606718,0.24314222067861138,0.0,0.0,0.0,0.0,0.0,0.0,0.0
Simulation,364,0.0,0.0,0.0,0.0,0.0,0.0,1.0750136264252137,0.7468750010577331,0.7086335643681366,0.6143798536606873,0.9788445883219261,0.9517219283618684,0.13208873756446482,0.0,0.0,0.22002131813072873,0.2431790067235942,0.0,0.0,0.0,0.0,0.0,0.0,0.0
Simulation,365,0.0,0.0,0.0,0.0,0.0,0.0,1.3368891183478735,1.4514731521761737,1.2458173827354189,0.7284538503573798,0.7032129418011841,0.6118897482898338,0.3656589797799441,0.2784398650128743,0.3079729247916446,0.5112716101814514,0.24389991232485017,0.0,0.0,0.0,0.0,0.0,0.0,0.0
Simulation,366,0.0,0.0,0.0,0.0,0.0,0.0,0.7128555462300583,0.4458488367941744,0.2587105001938783,0.14010419494963589,0.29244146902230894,0.42971500172387045,0.5885835392777141,0.5698730317775411,0.7412405758709407,1.294747566043732,0.35006281624661856,0.0,0.0,0.0,0.0,0.0,0.0,0.0
Simulation,367,0.0,0.0,0.0,0.0,0.0,0.0,0.25090050448171985,0.648406451570729,0.7913297225100548,0.6499922512041494,0.8026262527097776,0.9629424355600236,1.274190411691608,1.2966754694174476,1.3217978813582385,1.2938749470927031,0.40649451565027933,0.0,0.0,0.0,0.0,0.0,0.0,0.0
Simulation,368,0.0,0.0,0.0,0.0,0.0,0.0,0.230141936594747,0.0,0.02971730565656361,0.20847175057110823,0.6010640022907797,0.6547057829326023,0.44788903079546444,0.3065933188486932,0.3257572214056276,0.4551991723438539,0.24154969123999473,0.0,0.0,0.0,0.0,0.0,0.0,0.0
Simulation,369,0.0,0.0,0.0,0.0,0.0,0.0,0.4102490680806276,1.1096207809407523,1.202032291976359,0.8957858705023095,1.0647499413060824,1.2555090840892693,1.1389959827092957,0.9302328473041459,0.6265218888215535,0.3090461823804847,0.2704726955377827,0.0,0.0,0.0,0.0,0.0,0.0,0.0
Simulation,370,0.0,0.0,0.0,0.0,0.0,0.0,1.001425169172942,1.052737604324218,1.0565536981926706,1.0441729570062763,1.1735959825438633,1.2337649134906603,1.002765883466496,0.8738630719770173,0.860129691748647,1.17986137279537,0.3561293143432957,0.0,0.0,0.0,0.0,0.0,0.0,0.0
Simulation,371,0.0,0.0,0.0,0.0,0.0,0.0,0.7421976152173957,1.0902267829639833,1.2196937507857457,1.2318823969400943,1.1718397336524782,1.1140201860191248,0.9987498549295422,0.9438142257085873,0.9131277730607654,0.8428363387529814,0.26330012393599916,0.0,0.0,0.0,0.0,0.0,0.0,0.0
Simulation,372,0.0,0.0,0.0,0.0,0.0,0.0,0.08703137463393135,0.14960067450671233,0.40182719872748796,0.5308063968373994,0.6747276956525236,0.6425497364756863,0.3623916176204459,0.2083129054587025,0.13060683662284867,0.10141388946797902,0.2367647118039214,0.0,0.0,0.0,0.0,0.0,0.0,0.0
Simulation,373,0.0,0.0,0.0,0.0,0.0,0.0,0.35052365538092806,1.464144563026309,1.6565282798089727,1.0816521890767912,0.8277818758943626,0.7825903543572135,1.102050444306646,1.12705473907722,0.9984712706879683,0.6953206635013067,0.30765349251887864,0.0,0.0,0.0,0.0,0.0,0.0,0.0
Simulation,374,0.0,0.0,0.0,0.0,0.0,0.0,0.7448551824164049,0.9375272795137504,1.0093883591060466,0.8567896150191242,0.884714396354064,0.8417275641374825,0.6688827165411548,0.5198826246968287,0.5114854136109371,0.5336265106832608,0.2955732752509982,0.0,0.0,0.0,0.0,0.0,0.0,0.0
Simulation,375,0.0,0.0,0.0,0.0,0.0,0.0,0.13368952186635719,0.345406963799811,0.6022302315404562,0.5725379458588631,0.4937280291234051,0.32618698004607116,0.4477933937665652,0.5364751737927169,0.612119069450574,0.4966244951372827,0.2365647118039215,0.0,0.0,0.0,0.0,0.0,0.0,0.0
Simulation,376,0.0,0.0,0.0,0.0,0.0,0.0,0.23053356000788017,0.7943138386817077,1.0939973418524354,1.0319061618805518,1.002762209018392,1.0238656689207113,1.124812846988709,1.041381973116114,0.7996656047603261,0.4409733314589357,0.24324580053213016,0.0,0.0,0.0,0.0,0.0,0.0,0.0
Simulation,377,0.0,0.0,0.0,0.0,0.0,0.0,0.4156090417209847,0.6311906858721629,0.7919751836152462,0.7898052001364646,0.5839753059234931,0.28648642102059785,0.5277787854005713,0.7038606532536983,0.9094946152819661,1.0212154431346208,0.2434717297897891,0.0,0.0,0.0,0.0,0.0,0.0,0.0
Simulation,378,0.0,0.0,0.0,0.0,0.0,0.0,0.30347810736919173,0.691388334297506,1.0004030618392192,1.029298793476723,0.8314794704158002,0.6923903512910191,0.790667366498204,0.8360287570409719,0.7895995192997732,0.6593128848113323,0.29061024238105154,0.0,0.0,0.0,0.0,0.0,0.0,0.0
Simulation,379,0.0,0.0,0.0,0.0,0.0,0.0,0.8096270120764686,0.8526483286023114,0.9952342271447744,1.161195704760123,1.3180790273638339,1.339811116809863,1.123573317895871,0.9161722476732881,0.767009159946265,0.6560045639085841,0.24609031163312584,0.0,0.0,0.0,0.0,0.0,0.0,0.0
Simulation,380,0.0,0.0,0.0,0.0,0.0,0.0,0.5949864327727312,1.0971915556531562,1.1704333169489674,1.0842727683225044,1.1041412627757088,1.1686688446872395,1.2995367771492603,1.3734829585182498,1.3217241764860728,1.1822425453291343,0.32923556816453253,0.0,0.0,0.0,0.0,0.0,0.0,0.0
Simulation,381,0.0,0.0,0.0,0.0,0.0,0.0,0.10012389354250312,0.5550635196426237,0.994657095977836,1.2080941107370846,1.2837063065271024,1.2465331026680881,0.8589376515620349,0.6292752313369747,0.48916795394156143,0.38307214725358807,0.249514928598276,0.0,0.0,0.0,0.0,0.0,0.0,0.0
Simulation,382,0.0,0.0,0.0,0.0,0.0,0.0,0.0419689724562356,0.031824876372408495,0.13190275616457414,0.2509967644302976,0.5986742456691698,0.7273524653570627,0.6826120675788643,0.4756705007993674,0.3468684790976306,0.25867729405382067,0.24174075009017326,0.0,0.0,0.0,0.0,0.0,0.0,0.0
Simulation,383,0.0,0.0,0.0,0.0,0.0,0.0,0.5083003272200768,0.8066287496132457,0.9950490198511454,0.8462294237948136,0.7514074881483939,0.5748286202939468,0.2293262316222855,0.21186538932805243,0.3060006255173772,0.5612309632704104,0.30050250566927283,0.0,0.0,0.0,0.0,0.0,0.0,0.0
Simulation,384,0.0,0.0,0.0,0.0,0.0,0.0,1.4430411182469813,1.6188136676840785,1.5774620420385943,1.4397045242824276,1.4456016980400395,1.523648596047639,1.5367279149675692,1.5344036699685968,1.5570744855973362,1.5802797429837252,0.40289201583264656,0.0,0.0,0.0,0.0,0.0,0.0,0.0
Simulation,385,0.0,0.0,0.0,0.0,0.0,0.0,0.8511042685654717,1.152137677663921,1.1795064843728875,0.9338038261804248,0.9634133121971733,1.0339145469946995,1.124072721566745,1.0119885957134827,0.7756611306254066,0.5242905409022806,0.26177725147319264,0.0,0.0,0.0,0.0,0.0,0.0,0.0
Simulation,386,0.0,0.0,0.0,0.0,0.0,0.0,0.10092888293336016,0.5390845744442591,0.8194674156724926,0.6263999283247033,0.6131203711969331,0.5246638788569066,0.39996669250917366,0.37540397603249587,0.3752560633486028,0.41185881529420343,0.2547638126131366,0.0,0.0,0.0,0.0,0.0,0.0,0.0
Simulation,387,0.0,0.0,0.0,0.0,0.0,0.0,0.49235770979447363,0.788387973342388,0.9050081847358329,1.0518529294074426,1.1621436738388096,1.261787692156812,1.4708724568021818,1.5161285538962883,1.483340150168866,1.2830411418337184,0.3363033686203951,0.0,0.0,0.0,0.0,0.0,0.0,0.0
Simulation,388,0.0,0.0,0.0,0.0,0.0,0.0,0.6964822890866946,0.8842434293696866,1.0072404394719496,1.1250725875662693,1.1759907002195638,1.246002886383191,1.287376003326778,1.2177956360152535,1.2080146864379642,0.8058400887483943,0.24685913656306885,0.0,0.0,0.0,0.0,0.0,0.0,0.0
Simulation,389,0.0,0.0,0.0,0.0,0.0,0.0,0.5087780650283946,0.42528933227822513,0.37777622345333284,0.22715626861876737,0.26449572572100055,0.27676859999108405,0.4841932654529719,0.44689705959120074,0.4167533072030702,0.24991080030290042,0.2365647118039215,0.0,0.0,0.0,0.0,0.0,0.0,0.0
Simulation,390,0.0,0.0,0.0,0.0,0.0,0.0,0.4574581202907021,0.6833204408203397,0.6634013224600648,0.43729622351721464,0.6288406517641336,0.8342265102907274,1.2177021685874527,1.2126206903944425,1.2718349956357669,1.0751909884230109,0.32724256466757806,0.0,0.0,0.0,0.0,0.0,0.0,0.0
Simulation,391,0.0,0.0,0.0,0.0,0.0,0.0,0.39068702163696334,0.9085436459609844,1.2234492096612122,1.5827614450321144,1.3370690060653938,1.165781953464375,0.8522489645857597,0.8886590358516129,0.9983967564472442,1.0735196671881893,0.2859808371631613,0.0,0.0,0.0,0.0,0.0,0.0,0.0
Simulation,392,0.0,0.0,0.0,0.0,0.0,0.0,0.4771653192932569,1.1205326587323687,1.2541908300377513,0.8617201019020285,0.5962373409731319,0.31552531448527044,0.3489790026337055,0.3994723895041471,0.48608948687285775,0.40693564333749443,0.2367647118039214,0.0,0.0,0.0,0.0,0.0,0.0,0.0
Simulation,393,0.0,0.0,0.0,0.0,0.0,0.0,0.21136272531726963,1.178137117620441,1.5072927460854482,1.2370534850020092,0.9977423105388085,0.903827539400125,0.9914591648261546,1.0198474143995178,0.861607358600511,0.5391627189836611,0.2973800550884888,0.0,0.0,0.0,0.0,0.0,0.0,0.0
Simulation,394,0.0,0.0,0.0,0.0,0.0,0.0,0.5324843414041333,1.2219715598112217,1.3043854365322871,0.8616179851000875,0.6000599911816558,0.4286362429261962,0.6625895499608101,0.7043535037642299,0.6854838953755249,0.4784002077078744,0.2385647118289215,0.0,0.0,0.0,0.0,0.0,0.0,0.0
Simulation,395,0.0,0.0,0.0,0.0,0.0,0.0,0.38721381886061473,0.8142740376280962,1.0291505829668495,0.8952539972019878,0.9739568922719427,0.9935883367346006,0.6898701799867151,0.37424022647374594,0.1611117035147872,0.04121377725826558,0.2365647118039215,0.0,0.0,0.0,0.0,0.0,0.0,0.0
Simulation,396,0.0,0.0,0.0,0.0,0.0,0.0,0.39094332980649144,0.5247706039113689,0.6211523201814741,0.6574311265914119,0.8225186263393462,0.9184888874531842,1.0613733513644665,1.0061529430629967,0.8357033836401031,0.5798251283500393,0.2385647118289215,0.0,0.0,0.0,0.0,0.0,0.0,0.0
Simulation,397,0.0,0.0,0.0,0.0,0.0,0.0,0.21309759128327976,0.5688637280718467,0.8575568780491224,0.9578762324029346,0.8602177015592181,0.7520344688892828,0.9841871395523814,1.0473494205880853,1.0653697609683634,0.8347517130469426,0.2633361716969272,0.0,0.0,0.0,0.0,0.0,0.0,0.0
Simulation,398,0.0,0.0,0.0,0.0,0.0,0.0,0.503720325331406,1.250967565423324,1.2410706412816292,0.44405883505914884,0.18215387523124338,0.12954930395953657,0.1896426182829577,0.2586555862070482,0.17903134117028086,0.04122313838220448,0.2365647118039215,0.0,0.0,0.0,0.0,0.0,0.0,0.0
Simulation,399,0.0,0.0,0.0,0.0,0.0,0.0,0.9196534687001223,0.9318232855594986,0.9835391138242544,0.9333270674210803,1.018427012624403,1.0238414174666692,0.9822956039796009,0.8559072612525863,0.7236588702280824,0.5588727082006517,0.23818684062848813,0.0,0.0,0.0,0.0,0.0,0.0,0.0
Simulation,400,0.0,0.0,0.0,0.0,0.0,0.0,0.31199368177985426,0.9294266644163347,1.165843935823267,0.8972735094620841,0.7026155101723405,0.5197313810923986,0.4387639636301508,0.44609507575108104,0.53418301155,0.6820329373432479,0.3245431563841964,0.0,0.0,0.0,0.0,0.0,0.0,0.0
Simulation,401,0.0,0.0,0.0,0.0,0.0,0.0,0.24173900001206566,0.5695537331460481,0.741708012164926,0.6572270463324064,0.8225262553110608,0.8797037261279237,0.7305906823964338,0.6442331532159146,0.6683515409068692,0.9041897375453605,0.3740305033997008,0.0,0.0,0.0,0.0,0.0,0.0,0.0
Simulation,402,0.0,0.0,0.0,0.0,0.0,0.0,0.4440726426885878,0.6123937296575995,0.7363775071022469,0.7282786126240114,0.7998247123720562,0.6643040339197717,0.3307158666500424,0.2953409636241459,0.3872074770665956,0.6958943715751522,0.24861008465160025,0.0,0.0,0.0,0.0,0.0,0.0,0.0
Simulation,403,0.0,0.0,0.0,0.0,0.0,0.0,0.2733078870776666,0.5498997455057486,0.7888853790901177,1.066736838516099,1.2389628683889415,1.2691079596909318,1.0307935380750646,0.9119945203203188,0.9167365300506567,1.2026601763261353,0.38036721391480277,0.0,0.0,0.0,0.0,0.0,0.0,0.0
Simulation,404,0.0,0.0,0.0,0.0,0.0,0.0,0.11978916503222234,0.578920688400726,0.8833515992023546,0.9350016605865988,0.9407744872559477,0.9261064509950079,0.8931469809063897,0.8931574240431174,0.8796293890904354,0.8361786742614041,0.3148041359649024,0.0,0.0,0.0,0.0,0.0,0.0,0.0
Simulation,405,0.0,0.0,0.0,0.0,0.0,0.0,0.13338521380780874,0.6374422880326357,0.8998367791503807,0.34380013047379987,0.18967175233723954,0.1254308418899458,0.06648986104076937,0.004611026746774161,0.0,0.0,0.2365647118039215,0.0,0.0,0.0,0.0,0.0,0.0,0.0
Simulation,406,0.0,0.0,0.0,0.0,0.0,0.0,0.7048221283956492,0.6552831931380325,0.5909106621761417,0.4044058538482407,0.5525234887674112,0.7112769591961663,1.1346935330955485,1.2015517694693485,1.3978445020446877,1.483771671969822,0.35450584564583654,0.0,0.0,0.0,0.0,0.0,0.0,0.0
Simulation,407,0.0,0.0,0.0,0.0,0.0,0.0,0.726987272434711,1.118592382457738,1.1526917184902168,0.7464705751058247,0.7215955425378021,0.6709254412098131,0.5459594801722086,0.46770850322425417,0.5773510587028399,0.8477042201628209,0.35020563537341876,0.0,0.0,0.0,0.0,0.0,0.0,0.0
Simulation,408,0.0,0.0,0.0,0.0,0.0,0.0,0.5291441030606668,0.9672770952773275,1.0546155928601162,0.7142184567621319,0.5478293109341794,0.4832640868140751,0.7936636526435547,0.8885982491874198,0.8622811935035569,0.7089206000050832,0.25028595794121206,0.0,0.0,0.0,0.0,0.0,0.0,0.0
Simulation,409,0.0,0.0,0.0,0.0,0.0,0.0,0.16264555745348472,0.3983207647325422,0.7536254439200605,1.279861103460788,1.3736857543755785,1.3914802451645143,1.2850133903534982,1.2082757167707017,1.2556675547748457,0.9611177922031258,0.28370430320027695,0.0,0.0,0.0,0.0,0.0,0.0,0.0
Simulation,410,0.0,0.0,0.0,0.0,0.0,0.0,0.7861017867068664,1.0236121679076704,1.0462455424505814,0.7474869611003487,0.8543837694352583,0.8744333965198329,0.6620043904453767,0.4189860229258066,0.30606702267585245,0.2470092240525062,0.23730074024356929,0.0,0.0,0.0,0.0,0.0,0.0,0.0
Simulation,411,0.0,0.0,0.0,0.0,0.0,0.0,0.26928158764440063,0.223427588627799,0.21017533442135983,0.13153332574835852,0.22601938438333435,0.41102402677797745,0.770491972727528,0.765221004986213,0.7715953180586612,0.8773017145857975,0.32192769665645926,0.0,0.0,0.0,0.0,0.0,0.0,0.0
Simulation,412,0.0,0.0,0.0,0.0,0.0,0.0,0.31118120852716924,0.6063479131990827,0.8207560838790263,0.9190468643637255,0.8197697120758688,0.6747662587476964,0.6863032004179546,0.769714203434178,0.8529450521781393,0.9023570415810697,0.3003908467492348,0.0,0.0,0.0,0.0,0.0,0.0,0.0
Simulation,413,0.0,0.0,0.0,0.0,0.0,0.0,0.5744559821301445,0.9704663326021783,1.0293088501556484,0.5055620591695494,0.5420189283800462,0.5363653789262076,0.3618570549582797,0.2579369922105883,0.21430633769329605,0.3608818011479232,0.30538764780863814,0.0,0.0,0.0,0.0,0.0,0.0,0.0
Simulation,414,0.0,0.0,0.0,0.0,0.0,0.0,0.17254490723091503,0.9598905898598419,1.2218289752146947,0.9897147709810138,1.0036770402875703,1.104335760330191,1.1704538353129075,1.1529242618471445,1.0659177006931455,0.9728586634857994,0.40442279125209346,0.0,0.0,0.0,0.0,0.0,0.0,0.0
Simulation,415,0.0,0.0,0.0,0.0,0.0,0.0,1.0373391033158788,0.7666312032129085,0.6434514083075605,0.42408038734071335,0.6982294590154529,0.8186397692628983,0.9185791592698093,0.8489150512573976,0.8703649652046976,1.3691361022944855,0.4063666802291388,0.0,0.0,0.0,0.0,0.0,0.0,0.0
Simulation,416,0.0,0.0,0.0,0.0,0.0,0.0,0.6425066062436433,1.2935228069951523,1.3076673238466614,0.863628378190645,0.8754914299229967,0.9411002431228633,1.0020662712985267,0.8769438840352748,0.745078849775329,0.7657842409221636,0.4040608744460456,0.0,0.0,0.0,0.0,0.0,0.0,0.0
Simulation,417,0.0,0.0,0.0,0.0,0.0,0.0,0.09499291921834957,0.3551849746270493,0.6948362753676702,0.9138799240366168,1.0347323414036154,1.153858537519293,1.3022926906872694,1.4508928850572722,1.5634646476169496,1.66838100586981,0.41790448599312036,0.0,0.0,0.0,0.0,0.0,0.0,0.0
Simulation,418,0.0,0.0,0.0,0.0,0.0,0.0,0.5702863503609829,0.7476344518072664,0.6459044470981423,0.10953116243065808,0.1710870462221551,0.23401075269825933,0.36685715866806723,0.355837980418477,0.40084480128448996,0.6802547979663185,0.3395122228845585,0.0,0.0,0.0,0.0,0.0,0.0,0.0
Simulation,419,0.0,0.0,0.0,0.0,0.0,0.0,0.4678562126178572,0.9633239100964868,1.1514899992340633,1.1383326576939456,1.2776324956421021,1.3910573962074826,1.286713127939672,1.053519110026817,0.7364094342886741,0.2686819472443158,0.2367647118039214,0.0,0.0,0.0,0.0,0.0,0.0,0.0
Simulation,420,0.0,0.0,0.0,0.0,0.0,0.0,0.2684273674898125,0.7485268364632089,1.0500415346900462,1.2663877320174506,1.312397882501204,1.2585513400690331,1.1118596613800351,1.020637189691689,0.8568742842867525,0.583176512603354,0.24276372326823717,0.0,0.0,0.0,0.0,0.0,0.0,0.0
Simulation,421,0.0,0.0,0.0,0.0,0.0,0.0,0.5279765854255252,1.0546956427770289,1.1362929980620449,0.44500619869448405,0.3155878206731293,0.3126896324271501,0.49597732665440547,0.4424853963906304,0.4601331978490882,0.6563930099811924,0.37265865498529716,0.0,0.0,0.0,0.0,0.0,0.0,0.0
Simulation,422,0.0,0.0,0.0,0.0,0.0,0.0,0.37207867745492773,0.5926900102208776,0.7968888790339324,0.8965691240958462,1.110061699956562,1.0657931998627033,0.44410699023056216,0.2152447888271436,0.2786147166071699,0.7584509870027532,0.34739118360525534,0.0,0.0,0.0,0.0,0.0,0.0,0.0
Simulation,423,0.0,0.0,0.0,0.0,0.0,0.0,0.01758882058945871,0.2049670193733445,0.5680865982864689,0.8477534484641162,0.9274067256440892,0.9258362740320585,0.8411916108432257,0.873552702863966,0.9353025090468485,1.146219228172759,0.3725788085286602,0.0,0.0,0.0,0.0,0.0,0.0,0.0
Simulation,424,0.0,0.0,0.0,0.0,0.0,0.0,0.043200096082790906,0.22510689749504864,0.6208314445091592,0.7451297661259333,0.8600989594301337,0.8729580085220198,0.602223073784846,0.3819596431692562,0.2067842348884804,0.04591165759683702,0.2365647118039215,0.0,0.0,0.0,0.0,0.0,0.0,0.0
Simulation,425,0.0,0.0,0.0,0.0,0.0,0.0,0.18611344122677875,0.74533900551258,1.0616532998438255,1.1578556135290734,0.9156907695319199,0.738826756168522,1.006983676240416,1.2220909606895731,1.5715970261967103,1.6111119789153348,0.3498295664269357,0.0,0.0,0.0,0.0,0.0,0.0,0.0
Simulation,426,0.0,0.0,0.0,0.0,0.0,0.0,0.5799684793123497,0.8050986657825739,0.932260032912117,0.9687509945345715,0.9392166106421609,0.8749265338321024,0.9606124094766044,1.0185866233492915,1.0972904370747454,1.2348630725080165,0.3198767372751617,0.0,0.0,0.0,0.0,0.0,0.0,0.0
Simulation,427,0.0,0.0,0.0,0.0,0.0,0.0,0.3260272079694443,0.7443735726124122,0.9069251143166794,0.8136224926561401,0.7303929299980547,0.7585764331418807,1.2063351942389295,1.2885615596096993,1.2247366260000743,0.6880397829420825,0.23958099586598905,0.0,0.0,0.0,0.0,0.0,0.0,0.0
Simulation,428,0.0,0.0,0.0,0.0,0.0,0.0,0.12201844649266871,0.10991711449410746,0.16359272008764092,0.18807716065857938,0.2182657164250067,0.1372344010072163,0.09221918603998136,0.08257765065800837,0.1882253451524536,0.48825784851788434,0.24162800831714565,0.0,0.0,0.0,0.0,0.0,0.0,0.0
Simulation,429,0.0,0.0,0.0,0.0,0.0,0.0,0.698788112758399,1.0809720167174348,1.0878060162598724,0.5521109438038705,0.38373024302873915,0.2367006086505531,0.2812155541915671,0.3871298032150185,0.5498948648158078,0.7051882547435778,0.3048196847903224,0.0,0.0,0.0,0.0,0.0,0.0,0.0
Simulation,430,0.0,0.0,0.0,0.0,0.0,0.0,0.11198566310163269,0.18737173495867354,0.38760762779920577,0.7233470514473918,1.0329247232132084,1.0189494292770793,0.25115666511112367,0.15382634030151254,0.14370890432555228,0.46933597375654623,0.29824816642734553,0.0,0.0,0.0,0.0,0.0,0.0,0.0
Simulation,431,0.0,0.0,0.0,0.0,0.0,0.0,0.3766039223175928,0.6425555266548668,0.8145964935265515,0.794370783907214,0.822515572083209,0.8433850811167548,1.0276182321883338,0.9688422762803761,0.789298092946794,0.49147997426935286,0.2385647118289215,0.0,0.0,0.0,0.0,0.0,0.0,0.0
Simulation,432,0.0,0.0,0.0,0.0,0.0,0.0,0.49945984066865057,0.7316483590041777,0.8765535551291752,0.9271096816218029,1.1471145147880903,1.159482111845269,0.6607458883049656,0.331541050963863,0.2647519766761749,0.35283763697457615,0.25056060409271425,0.0,0.0,0.0,0.0,0.0,0.0,0.0
Simulation,433,0.0,0.0,0.0,0.0,0.0,0.0,0.7108919719410162,0.7445477693445899,0.7645137967752522,0.6697502261255861,0.6379350580019607,0.48925633080193576,0.5643696202349594,0.6580164434286113,0.8344297608957068,1.2627615989990901,0.3276856272447309,0.0,0.0,0.0,0.0,0.0,0.0,0.0
Simulation,434,0.0,0.0,0.0,0.0,0.0,0.0,0.696619159898503,1.2288005306277796,1.2888073341086355,1.1468850405352424,1.1509564278633682,1.1832683012206526,1.234060420676193,1.1767079332659702,1.0901783842053994,0.8778170812876904,0.3032045839375884,0.0,0.0,0.0,0.0,0.0,0.0,0.0
Simulation,435,0.0,0.0,0.0,0.0,0.0,0.0,1.331744838784665,1.0403436025037889,1.0028896925833153,1.0093256986798578,1.0171807554790957,0.8469751773927522,0.4463786320964497,0.34785402587855585,0.44447462256152087,0.6405703186213224,0.24915851469864167,0.0,0.0,0.0,0.0,0.0,0.0,0.0
Simulation,436,0.0,0.0,0.0,0.0,0.0,0.0,0.3112229339295674,0.8654462138331408,1.029350475888334,0.7221779141802875,0.6157369674704182,0.6536574994534655,1.0959997875713179,1.180968883842681,1.2201929153634878,0.9259125743727481,0.3125452418927331,0.0,0.0,0.0,0.0,0.0,0.0,0.0
Simulation,437,0.0,0.0,0.0,0.0,0.0,0.0,0.7439132170449954,1.103890330226337,1.1775264061235158,1.0856349501523035,1.2308759724529323,1.2640114875829238,0.9781083508062551,0.7760165367926829,0.732058258215312,1.021149786050852,0.40586944408117376,0.0,0.0,0.0,0.0,0.0,0.0,0.0
Simulation,438,0.0,0.0,0.0,0.0,0.0,0.0,0.44929141808988265,1.0399729803320155,1.314916431025133,1.6942749962277819,1.7691722454742846,1.796336464622418,1.7022345051455567,1.6017847488039054,1.3581129046249356,0.9527496952127033,0.3194226614357479,0.0,0.0,0.0,0.0,0.0,0.0,0.0
Simulation,439,0.0,0.0,0.0,0.0,0.0,0.0,0.1873875950218957,0.3807010402198866,0.4999013085753447,0.31637285444402197,0.2434620282738693,0.26669821348580247,0.684328578797788,0.8102433924646024,0.8153598280513673,0.7534749670739973,0.2897833397762263,0.0,0.0,0.0,0.0,0.0,0.0,0.0
Simulation,440,0.0,0.0,0.0,0.0,0.0,0.0,0.8140482971157561,0.6838520822407713,0.6056152129900967,0.43722156166879594,0.7118298429627912,0.7757647693360965,0.563090998991374,0.3918634804097816,0.4691870903777421,0.7477445413911488,0.30185868819973094,0.0,0.0,0.0,0.0,0.0,0.0,0.0
Simulation,441,0.0,0.0,0.0,0.0,0.0,0.0,0.26228669586161535,0.3152173744533099,0.40004408129226243,0.339919046719152,0.5401767069569547,0.5295167509755855,0.18937027557865027,0.12671202663746928,0.09152436791738738,0.16875624132959366,0.2421733807665689,0.0,0.0,0.0,0.0,0.0,0.0,0.0
Simulation,442,0.0,0.0,0.0,0.0,0.0,0.0,0.7759447936356865,1.3067159323357371,1.3120491419155447,1.0699299325292078,1.0802462174222014,1.1221685352523645,0.9877499101007513,0.7644783495353134,0.47962493103918746,0.12904689426148086,0.2365647118039215,0.0,0.0,0.0,0.0,0.0,0.0,0.0
Simulation,443,0.0,0.0,0.0,0.0,0.0,0.0,0.3732409376975143,0.5688055574851719,0.6446955078793688,0.7246202076248618,0.9190632636270691,1.051931725469363,1.1967056414366513,1.1610052488639941,1.082796392225768,0.808318691370856,0.2867950908683556,0.0,0.0,0.0,0.0,0.0,0.0,0.0
Simulation,444,0.0,0.0,0.0,0.0,0.0,0.0,0.233757874474324,0.6068061107845638,0.9456309829289608,1.4123085404486218,1.3369629021079368,1.2586599446999278,1.1274394513902464,1.1307154770033043,1.2194944374942662,1.1325236979708204,0.2987553483929834,0.0,0.0,0.0,0.0,0.0,0.0,0.0
Simulation,445,0.0,0.0,0.0,0.0,0.0,0.0,0.25135905500521455,0.737535232987582,1.0111194374642933,0.8632013202151027,0.6704596263192975,0.4920246085753322,0.5765367127549763,0.5754192599093823,0.5553127106990327,0.3839629303217801,0.23736471182094143,0.0,0.0,0.0,0.0,0.0,0.0,0.0
Simulation,446,0.0,0.0,0.0,0.0,0.0,0.0,0.1815570156841672,0.33066822198726026,0.40119833636015323,0.22170307729083105,0.25146113780238255,0.29064824850689475,0.669349029991693,0.744501811317131,0.7901113469247838,0.8923514244689693,0.3116106299738602,0.0,0.0,0.0,0.0,0.0,0.0,0.0
Simulation,447,0.0,0.0,0.0,0.0,0.0,0.0,0.0989701147142728,0.32496039072256455,0.604871040384599,0.5314909176462476,0.6419141257636722,0.7183437611213046,0.8762208106147874,0.8191746193619417,0.6665089154047411,0.4079371251429245,0.24799301406924582,0.0,0.0,0.0,0.0,0.0,0.0,0.0
Simulation,448,0.0,0.0,0.0,0.0,0.0,0.0,0.05757725500315858,0.22305862834078838,0.5042695376284552,0.33246897972227807,0.49765720661438473,0.4504692689002808,0.09396622077954753,0.005967510015094102,0.0,0.10722821654647896,0.25468392848140825,0.0,0.0,0.0,0.0,0.0,0.0,0.0
Simulation,449,0.0,0.0,0.0,0.0,0.0,0.0,0.0,0.18615154097621478,0.6953258343303478,0.7796117502051698,0.7185591487320422,0.5900625209428809,0.25998048158926634,0.25761325926369927,0.2529671243879942,0.31284962504686736,0.3058814309029866,0.0,0.0,0.0,0.0,0.0,0.0,0.0
Simulation,450,0.0,0.0,0.0,0.0,0.0,0.0,0.349953248228052,0.22813012976588698,0.19010960969359647,0.13461128966853841,0.16769330908261915,0.19996873377747792,0.7042819780791097,0.7995186362516046,0.7845086472987821,0.6380990698968714,0.24276328116515472,0.0,0.0,0.0,0.0,0.0,0.0,0.0
Simulation,451,0.0,0.0,0.0,0.0,0.0,0.0,0.2817417477454591,0.772046208161648,1.1365577246761993,1.3517883615448936,1.2513399192084667,1.15956497905743,0.9972460892881427,0.9676341810418222,0.9436166673109007,0.9323122067779386,0.31817792061362604,0.0,0.0,0.0,0.0,0.0,0.0,0.0
Simulation,452,0.0,0.0,0.0,0.0,0.0,0.0,0.5203671363586191,1.045294919572506,1.1774996317074669,0.9565082417141917,0.8957759160167502,0.8126821644957416,0.661834241124686,0.5702978043860172,0.5520035921219593,0.5444456238160822,0.25406485655287275,0.0,0.0,0.0,0.0,0.0,0.0,0.0
Simulation,453,0.0,0.0,0.0,0.0,0.0,0.0,0.27114478818776094,0.16650864474322757,0.2168981105072738,0.3278335160057073,0.515541319473527,0.5005047402333553,0.3461959957869033,0.1942662145631594,0.1092690141082816,0.05233279688836512,0.2365647118039215,0.0,0.0,0.0,0.0,0.0,0.0,0.0
Simulation,454,0.0,0.0,0.0,0.0,0.0,0.0,0.296957579899931,0.5522699783641285,0.6941431429705236,0.65007886211692,0.7563605049743279,0.8154054688445822,0.8288410881950821,0.7876660209696191,0.7226929040336085,0.5688441359702086,0.29169152132902054,0.0,0.0,0.0,0.0,0.0,0.0,0.0
Simulation,455,0.0,0.0,0.0,0.0,0.0,0.0,1.1251274648558347,0.6399874730123777,0.5701290708236013,0.7649204137686759,1.150834028772446,1.2545370499746433,0.9597540465741784,0.5868868980092922,0.3733007253150804,0.26832808101391564,0.2365647118039215,0.0,0.0,0.0,0.0,0.0,0.0,0.0
Simulation,456,0.0,0.0,0.0,0.0,0.0,0.0,0.6428091672625945,0.9266036717038935,0.9623724868832166,0.6898792369825999,0.6239472090015481,0.5564632492189119,0.836122926839347,0.9079373955164466,0.9328294827984279,0.8112383928792126,0.24336471227203857,0.0,0.0,0.0,0.0,0.0,0.0,0.0
Simulation,457,0.0,0.0,0.0,0.0,0.0,0.0,0.44239445906309,0.7635603798433359,1.0459737397678188,1.2380890237819866,0.9951940597345036,0.6280431904318622,0.2792509777717168,0.3560138405435721,0.48804426638724296,0.3923337402721368,0.2365647118039215,0.0,0.0,0.0,0.0,0.0,0.0,0.0
Simulation,458,0.0,0.0,0.0,0.0,0.0,0.0,0.2626863692031242,0.8112626218030782,1.1216789625484878,0.9738114635588291,0.799256600414102,0.6806578786627364,0.7406112874055109,0.7433863614880656,0.65287377449319,0.33836671377432875,0.24567387455412829,0.0,0.0,0.0,0.0,0.0,0.0,0.0
Simulation,459,0.0,0.0,0.0,0.0,0.0,0.0,0.4907169254517355,0.7286273602802267,0.7274362269766143,0.49617927904402587,0.7447142262701038,0.9093266378063519,0.9086307337075987,0.7647376092217215,0.6881257774282196,0.7680588443862858,0.32958768990409726,0.0,0.0,0.0,0.0,0.0,0.0,0.0
Simulation,460,0.0,0.0,0.0,0.0,0.0,0.0,0.5766567331538404,1.1346389027553798,1.3194772442773712,1.2919468823981552,1.2313572461390572,1.1656569710483686,1.0364520752575934,0.9734981432466803,0.9329313522337687,0.9768873767709012,0.33801773899465387,0.0,0.0,0.0,0.0,0.0,0.0,0.0
Simulation,461,0.0,0.0,0.0,0.0,0.0,0.0,0.5544470114927814,0.38821253210159823,0.32069704088937556,0.3160353641691913,0.388792484260991,0.30626405891252884,0.35102494627987624,0.31039316343613965,0.3388218296411694,0.2759701167962572,0.2365647118039215,0.0,0.0,0.0,0.0,0.0,0.0,0.0
Simulation,462,0.0,0.0,0.0,0.0,0.0,0.0,0.550215653189974,0.9959275892464954,1.1381495398797465,0.8325607695485986,0.7625355583779504,0.7111589282579704,0.69903084399851,0.6779965816130606,0.7113639706292336,0.8497599056847208,0.3305549805364748,0.0,0.0,0.0,0.0,0.0,0.0,0.0
Simulation,463,0.0,0.0,0.0,0.0,0.0,0.0,0.340824804701832,0.8174620312635597,1.143088806374313,1.3339677952438915,1.3143821550151424,1.2397305515302948,1.0862347802576717,1.0140389836992587,0.9170616203669183,0.7663610195933209,0.24919846369213694,0.0,0.0,0.0,0.0,0.0,0.0,0.0
Simulation,464,0.0,0.0,0.0,0.0,0.0,0.0,0.5855748462594144,0.9349484747580199,1.0248713838410264,0.8938689625250451,0.8869076710864375,0.9208097941319046,1.1157568600746761,1.1193551630432268,1.1493449148983677,1.1491798258156798,0.3458610186263244,0.0,0.0,0.0,0.0,0.0,0.0,0.0
Simulation,465,0.0,0.0,0.0,0.0,0.0,0.0,0.47817794287857307,0.8244388704506244,1.1221929027786794,1.6661989288266295,1.7913359519352565,1.8167656883815797,1.646004695089775,1.4214149848377517,1.1946215090409567,0.8301326443268608,0.3003378185331507,0.0,0.0,0.0,0.0,0.0,0.0,0.0
Simulation,466,0.0,0.0,0.0,0.0,0.0,0.0,0.34457127027710854,0.593956432658544,0.7514461486577785,0.7807453644641557,0.9437880933310164,1.0490335840835496,1.0666234782812742,0.8909533004306943,0.7099030204345245,0.47152410663005345,0.2503885170314246,0.0,0.0,0.0,0.0,0.0,0.0,0.0
Simulation,467,0.0,0.0,0.0,0.0,0.0,0.0,0.37680861344296174,0.9350836800528658,1.1660171137355213,1.150254135938989,1.1431714259449075,1.1102908845543094,1.0724038663038407,1.0234563174502644,0.9954934836139873,1.0544109349384543,0.346956713903989,0.0,0.0,0.0,0.0,0.0,0.0,0.0
Simulation,468,0.0,0.0,0.0,0.0,0.0,0.0,0.46846501721710715,1.3289006793360527,1.594472655958016,1.6800641313621045,1.3827713351254913,1.2584219491979145,1.1103225721406038,1.0830680989508792,1.0806999181237202,0.9348931645202441,0.2772966137417382,0.0,0.0,0.0,0.0,0.0,0.0,0.0
Simulation,469,0.0,0.0,0.0,0.0,0.0,0.0,0.2531095542451773,0.5433443019507536,0.7039165888304567,0.5077398213678295,0.6135353525243752,0.5895388963466213,0.3511215776435681,0.26295461851759583,0.21389583947326446,0.2504948794316147,0.24286363360544022,0.0,0.0,0.0,0.0,0.0,0.0,0.0
Simulation,470,0.0,0.0,0.0,0.0,0.0,0.0,0.10965160675571833,0.7664002753203163,1.1537306818854107,0.9782108339696973,0.72513642957264,0.5691338576214713,0.6186105576471865,0.6416730547863374,0.5597665097841664,0.26747778979993414,0.23745203415586438,0.0,0.0,0.0,0.0,0.0,0.0,0.0
Simulation,471,0.0,0.0,0.0,0.0,0.0,0.0,0.7127115850716074,0.9353193983405694,0.9036335045605789,0.23882903277883183,0.15370057272503568,0.17165994268268014,0.6638518562910729,0.7323005234748577,0.7216018658196464,0.6704048283753662,0.3215287381806534,0.0,0.0,0.0,0.0,0.0,0.0,0.0
Simulation,472,0.0,0.0,0.0,0.0,0.0,0.0,0.5802277920099405,1.4228487786977841,1.6628289083224168,1.6723387535569727,1.438861509642103,1.366661467050923,1.281376622284541,1.1643002816322305,0.9965291661675721,0.7294169855190333,0.27735544716288224,0.0,0.0,0.0,0.0,0.0,0.0,0.0
Simulation,473,0.0,0.0,0.0,0.0,0.0,0.0,0.21705841015218114,0.33169842526624954,0.5582585113229503,0.715012159670995,0.7251704731876392,0.7334254516210899,0.9972153335656667,1.0309428157685772,0.9682439307327382,0.6965269418255768,0.24339032954420983,0.0,0.0,0.0,0.0,0.0,0.0,0.0
Simulation,474,0.0,0.0,0.0,0.0,0.0,0.0,0.28935520153657845,0.5191973344170144,0.6451438743286729,0.6312695364748586,0.7646339490701901,0.8107203255440648,0.8787870447482596,0.8618844478956905,0.7953607182563139,0.7616168357711884,0.24311542005196105,0.0,0.0,0.0,0.0,0.0,0.0,0.0
Simulation,475,0.0,0.0,0.0,0.0,0.0,0.0,0.47183004003240453,0.8846259342126616,1.0268120415318076,0.6203339750799362,0.5760869457578159,0.5719754022014578,0.6045696682719934,0.45366815514518055,0.31070347183969577,0.1447929499443914,0.24172337539974842,0.0,0.0,0.0,0.0,0.0,0.0,0.0
Simulation,476,0.0,0.0,0.0,0.0,0.0,0.0,0.9166062584822748,1.512655813473537,1.5946533833907606,0.9840771191846625,0.5111713231608089,0.13718349334015,0.058176115438044684,0.04853174246920888,0.1814954128420586,0.47446773832308925,0.243364712238741,0.0,0.0,0.0,0.0,0.0,0.0,0.0
Simulation,477,0.0,0.0,0.0,0.0,0.0,0.0,0.6492877201453762,0.7829388214985116,0.8898970218342583,0.9306886324887713,1.1077480568932616,1.1374508148444469,0.7871055935273817,0.5088299254013062,0.41987408064035864,0.4982887241291223,0.29207251562233033,0.0,0.0,0.0,0.0,0.0,0.0,0.0
Simulation,478,0.0,0.0,0.0,0.0,0.0,0.0,0.12372168572798883,0.33829596838932263,0.5677241003037345,0.35373841709863857,0.454696272556349,0.48849304613247274,0.46504292331135183,0.3660189900514342,0.32665049840699256,0.4049203661296171,0.25539555941859227,0.0,0.0,0.0,0.0,0.0,0.0,0.0
Simulation,479,0.0,0.0,0.0,0.0,0.0,0.0,0.10048162487972528,0.44101747890749166,0.716320881771059,0.5376377033092129,0.48189328123351277,0.5230071360900799,0.8740219272674578,0.9365546224184058,0.8259426519729735,0.589053301282497,0.25498361889126214,0.0,0.0,0.0,0.0,0.0,0.0,0.0
Simulation,480,0.0,0.0,0.0,0.0,0.0,0.0,0.5856431048565418,1.2472112571761003,1.2313437829605829,0.5195398506133795,0.45679429900462726,0.5281861860946874,0.7150603644535525,0.641749432855774,0.5606323024015614,0.5914366080290597,0.3404861741951145,0.0,0.0,0.0,0.0,0.0,0.0,0.0
Simulation,481,0.0,0.0,0.0,0.0,0.0,0.0,0.14152071437242547,0.4256572922074104,0.7038756235865659,0.6253611593777406,0.7084368995877903,0.7239104514793937,0.7014237368914442,0.5858146598164633,0.49389086377008184,0.3893613194935165,0.2519927390488925,0.0,0.0,0.0,0.0,0.0,0.0,0.0
Simulation,482,0.0,0.0,0.0,0.0,0.0,0.0,0.3297972169230043,1.076618212110208,1.3102257733174265,0.8917809195719075,0.7326540284348916,0.678038223016165,0.6133699107380718,0.4572436064064945,0.32903359794606146,0.2580970673348701,0.2923460064831279,0.0,0.0,0.0,0.0,0.0,0.0,0.0
Simulation,483,0.0,0.0,0.0,0.0,0.0,0.0,0.2679890615905013,0.41736141146744193,0.6208615820697556,0.5143586037254191,0.6000279136660129,0.5850722061465885,0.5062319918747517,0.37590644977499355,0.3279462059276406,0.3089182220251526,0.25439060169139704,0.0,0.0,0.0,0.0,0.0,0.0,0.0
Simulation,484,0.0,0.0,0.0,0.0,0.0,0.0,0.6233582019479484,1.0404581410164833,1.3086871511364584,1.548867843998075,1.5952235850376764,1.5847145209885038,1.1111251443289845,0.7696338251828619,0.5524037357479747,0.4963405705065436,0.31505261838507637,0.0,0.0,0.0,0.0,0.0,0.0,0.0
Simulation,485,0.0,0.0,0.0,0.0,0.0,0.0,0.39110845449884,0.4606263564051196,0.5925244879054343,0.5640604856572156,0.9118871259380766,0.9934346574918677,0.624149803930123,0.3566158268796361,0.33293437054670366,0.732171644984285,0.36878213075284494,0.0,0.0,0.0,0.0,0.0,0.0,0.0
Simulation,486,0.0,0.0,0.0,0.0,0.0,0.0,0.3763460354457018,0.7571226522382382,0.9643211156558639,0.9342990244412586,0.9968155503385651,1.046337628024429,1.0723872490819748,0.9302868914908422,0.7351893127377807,0.4573163592364433,0.29869457250090076,0.0,0.0,0.0,0.0,0.0,0.0,0.0
Simulation,487,0.0,0.0,0.0,0.0,0.0,0.0,0.366752538723998,0.5060843048314403,0.5025760245371468,0.23329832681983342,0.30260197766543206,0.4443684149828402,0.7757638727898738,0.7392761625348522,0.6603063690485247,0.5351840836974993,0.24349804076945872,0.0,0.0,0.0,0.0,0.0,0.0,0.0
Simulation,488,0.0,0.0,0.0,0.0,0.0,0.0,0.11104208502456128,0.46489572088045233,0.700433564758171,0.5289675725257703,0.6985345216277169,0.7755108202667496,0.7408641909259653,0.6817123165694088,0.6849222630711151,0.8370838925707783,0.39084044350109565,0.0,0.0,0.0,0.0,0.0,0.0,0.0
Simulation,489,0.0,0.0,0.0,0.0,0.0,0.0,0.43719321319125903,0.5014613370828893,0.652721908305596,0.7803929721926992,0.7977172593357841,0.6403570939114063,0.4048360286200511,0.38655929939056183,0.5313943043601432,0.7363508292895502,0.24897310231783498,0.0,0.0,0.0,0.0,0.0,0.0,0.0
Simulation,490,0.0,0.0,0.0,0.0,0.0,0.0,0.3804627846207655,0.47782033838161947,0.566219820630893,0.45211799746990317,0.8150174120833396,0.9566936805182005,0.6679130578825042,0.3218849988700966,0.19137586519496064,0.21919117967692547,0.26077961369765856,0.0,0.0,0.0,0.0,0.0,0.0,0.0
Simulation,491,0.0,0.0,0.0,0.0,0.0,0.0,0.8571312385442444,0.836132734342149,0.8128239932205457,0.7446535966214143,0.8032939448716959,0.8466901670917708,1.1391796621924457,1.2042010238456837,1.359867836864014,1.1995971775300331,0.266090902067175,0.0,0.0,0.0,0.0,0.0,0.0,0.0
Simulation,492,0.0,0.0,0.0,0.0,0.0,0.0,0.5587121940988861,1.0432349835607724,1.208440907296865,1.0818521571928912,1.1396389174014434,1.096837277158557,0.8249907174898812,0.6751491288268427,0.633930206667559,0.8126475220486482,0.34179610574330827,0.0,0.0,0.0,0.0,0.0,0.0,0.0
Simulation,493,0.0,0.0,0.0,0.0,0.0,0.0,0.3991926769924795,1.2503425015281053,1.2949692419832226,0.4917725608710935,0.24637777849283304,0.23452110634809709,0.4437820329355601,0.4288992781097369,0.3304249043713116,0.20520234686604005,0.24336471189225536,0.0,0.0,0.0,0.0,0.0,0.0,0.0
Simulation,494,0.0,0.0,0.0,0.0,0.0,0.0,1.6784923429597884,1.3282690471825367,1.1158166534933145,0.7025163072630503,0.8595206152007195,0.8233720267434905,0.39490022310090206,0.21080878037654638,0.28150007015782036,0.7321627577112222,0.32016077879128557,0.0,0.0,0.0,0.0,0.0,0.0,0.0
Simulation,495,0.0,0.0,0.0,0.0,0.0,0.0,0.09351989186922721,0.3866228957124173,0.8842873692786555,1.2236467236247566,1.3140017980460892,1.2439081528496043,0.7856672147310123,0.46461780867134267,0.2979748277651267,0.21106407778805736,0.2385647118289215,0.0,0.0,0.0,0.0,0.0,0.0,0.0
Simulation,496,0.0,0.0,0.0,0.0,0.0,0.0,0.6599436293673445,0.7922675817866779,0.7926014808680759,0.8095475717870615,1.1306072418957227,1.3070800383595793,1.2339597125411104,1.0534214958622554,0.9152415876013611,0.8334533995558264,0.3140007486671832,0.0,0.0,0.0,0.0,0.0,0.0,0.0
Simulation,497,0.0,0.0,0.0,0.0,0.0,0.0,0.2935295602736523,1.0402780433390422,1.2234790514683334,1.0065811839634042,1.062894369783323,1.257501723643776,1.6855675530078134,1.6631560566068613,1.5545145645878877,1.0607900095226106,0.34996513228863546,0.0,0.0,0.0,0.0,0.0,0.0,0.0
Simulation,498,0.0,0.0,0.0,0.0,0.0,0.0,0.5744871408890331,0.6476990555581701,0.7251467971070416,0.803238920033972,1.0190513669847714,1.1079321308176808,1.0031403172499662,0.8201015567744865,0.6562907651391909,0.530243168925551,0.24592628216523368,0.0,0.0,0.0,0.0,0.0,0.0,0.0
Simulation,499,0.0,0.0,0.0,0.0,0.0,0.0,0.34441082102034043,0.6808865828480866,0.8507628813127434,0.9346209625902674,1.052047341527767,1.1645439771591028,1.2669446282068677,1.172984367088506,1.0218332132882648,0.7174178721720215,0.253550061062689,0.0,0.0,0.0,0.0,0.0,0.0,0.0
Simulation,500,0.0,0.0,0.0,0.0,0.0,0.0,1.0117619314058501,1.5891742563250983,1.7681838325741666,1.7147822086873805,1.6009808857458467,1.4800225234699702,1.28177767624517,1.1772827946517574,1.0930010550869795,0.8970991312563565,0.29176182786646326,0.0,0.0,0.0,0.0,0.0,0.0,0.0
Simulation,501,0.0,0.0,0.0,0.0,0.0,0.0,0.6307331579764008,1.2173275171142852,1.3161806658561852,1.197905605555834,1.1399724568300722,1.1124664525825732,1.1041181776463176,0.9998694581188344,0.7917479810913225,0.5414630763406283,0.2542407960774844,0.0,0.0,0.0,0.0,0.0,0.0,0.0
Simulation,502,0.0,0.0,0.0,0.0,0.0,0.0,0.9827233145286988,1.3424339580462892,1.3385523172244094,1.0886116815147575,1.1273723271202802,1.0916709881050173,0.7860130794474949,0.5004087730909268,0.3485337125791698,0.30823968212568226,0.263797980480197,0.0,0.0,0.0,0.0,0.0,0.0,0.0
Simulation,503,0.0,0.0,0.0,0.0,0.0,0.0,0.5170406981428917,0.5633914421058017,0.5773244655828673,0.5518726531167044,0.8108237510608227,0.9032671136918621,0.8898867616614885,0.8151151948496228,0.791624822831787,0.9305525051047335,0.31966318517729736,0.0,0.0,0.0,0.0,0.0,0.0,0.0
Simulation,504,0.0,0.0,0.0,0.0,0.0,0.0,0.34186622227930996,0.6540924222900916,0.7013289086879999,0.19815606869903024,0.18419128656841166,0.23359586674165111,0.5818445871641502,0.5821191312577605,0.5332685500592387,0.3767338782069241,0.2641408584971014,0.0,0.0,0.0,0.0,0.0,0.0,0.0
Simulation,505,0.0,0.0,0.0,0.0,0.0,0.0,0.8848490362264511,0.5555105982670716,0.47069622758650703,0.5728133098560321,0.9456221285369852,0.9928246410215454,0.566580418323153,0.3312163100226761,0.4120405581947837,0.8958289580501902,0.33316685145532193,0.0,0.0,0.0,0.0,0.0,0.0,0.0
Simulation,506,0.0,0.0,0.0,0.0,0.0,0.0,0.9077553105798436,1.5810048215003076,1.6855622052579946,1.0992210385269559,0.953935402932746,0.9932457578117904,1.2196796254501123,1.1649181251526222,0.9682780349237317,0.7092367033017096,0.3534500489164408,0.0,0.0,0.0,0.0,0.0,0.0,0.0
Simulation,507,0.0,0.0,0.0,0.0,0.0,0.0,0.579827807994983,1.142554799490445,1.2237267607640585,0.8646607390386488,0.9435817930032991,1.1094387918243178,1.2679340034761184,1.121067292975187,0.9176354478075952,0.7583645613726828,0.37207308540336487,0.0,0.0,0.0,0.0,0.0,0.0,0.0
Simulation,508,0.0,0.0,0.0,0.0,0.0,0.0,0.5860990337004681,1.2936052902147488,1.5953369985458266,1.7687513770825087,1.7924908123363592,1.732472045767417,1.4808914959865696,1.4167676563240108,1.306201206991866,0.82490326976335,0.2426848154624335,0.0,0.0,0.0,0.0,0.0,0.0,0.0
Simulation,509,0.0,0.0,0.0,0.0,0.0,0.0,0.9129518577119102,1.5297270313782416,1.570503633112252,1.2938895429839974,1.1792185322500295,1.2413575517240627,1.5727672401103083,1.6361075374760423,1.550730878479407,1.0531929687891608,0.3150677502748659,0.0,0.0,0.0,0.0,0.0,0.0,0.0
Simulation,510,0.0,0.0,0.0,0.0,0.0,0.0,1.2391988471544064,1.6534335806324125,1.7368361429161139,1.3329784303578522,1.1631928294656197,1.1732268985906225,1.4069194545245443,1.4391195242646346,1.2282418028940332,0.5875526470075152,0.23720368827547497,0.0,0.0,0.0,0.0,0.0,0.0,0.0
Simulation,511,0.0,0.0,0.0,0.0,0.0,0.0,0.6360745540097479,0.3370704620954307,0.2162775676867441,0.23934170032681845,0.5758156363990076,0.6633547520940222,0.5943496415649854,0.44148993576998274,0.5004939463289597,0.7369771694269089,0.2772825972016374,0.0,0.0,0.0,0.0,0.0,0.0,0.0
Simulation,512,0.0,0.0,0.0,0.0,0.0,0.0,0.448303728927119,0.8140746166250878,1.0723479923166608,1.0355786149588888,0.7647081462096612,0.4859685565834613,0.5499844231054052,0.626982323790219,0.7473920768663899,0.8127281438258496,0.25091402848678596,0.0,0.0,0.0,0.0,0.0,0.0,0.0
Simulation,513,0.0,0.0,0.0,0.0,0.0,0.0,0.2617221712031354,0.964104024734973,1.2332849182250123,1.1010347733808372,1.03739025141929,1.0465685991263396,1.1873114811886936,1.2035562910862552,1.3223546338528187,1.4650734752259336,0.41102865630556384,0.0,0.0,0.0,0.0,0.0,0.0,0.0
Simulation,514,0.0,0.0,0.0,0.0,0.0,0.0,0.5903236000088277,0.878470941678516,1.056519825821087,1.1246397109982127,0.9344059884765242,0.7118799110097114,0.7151802969165508,0.8416842130363185,0.9101196780361973,0.7667144763218579,0.2367647118039214,0.0,0.0,0.0,0.0,0.0,0.0,0.0
Simulation,515,0.0,0.0,0.0,0.0,0.0,0.0,0.23962558588711969,0.3697322946032122,0.632840387074725,0.996369481064701,0.9959592842006337,0.932303090250315,1.1170020234072926,1.1915358102135523,1.3208562555704477,1.1094307360915423,0.25039617381708473,0.0,0.0,0.0,0.0,0.0,0.0,0.0
Simulation,516,0.0,0.0,0.0,0.0,0.0,0.0,0.4262249521419397,0.5333957341484781,0.5896819973726231,0.5005763440829766,0.6993237390217104,0.8132148571042253,0.9773792786204188,0.9405486342555727,0.9160836412704111,0.9958009422136296,0.3472561843084481,0.0,0.0,0.0,0.0,0.0,0.0,0.0
Simulation,517,0.0,0.0,0.0,0.0,0.0,0.0,0.3758930905461655,0.7120210563288523,0.8764490926225706,0.7769715211741789,0.9124256361613109,0.9675280185515381,0.7849810952769832,0.5168930482932381,0.3349565549755587,0.23512724214938407,0.2677172663532029,0.0,0.0,0.0,0.0,0.0,0.0,0.0
Simulation,518,0.0,0.0,0.0,0.0,0.0,0.0,0.47652697889559964,0.54998650590203,0.6225150268718975,0.7070234788486376,0.8475612531697766,0.8982323368934194,1.0026712822604797,0.998704290829511,0.9573223008284435,0.9112833812050058,0.27721295873519675,0.0,0.0,0.0,0.0,0.0,0.0,0.0
Simulation,519,0.0,0.0,0.0,0.0,0.0,0.0,0.3324550370002354,0.9287924202695138,1.1439903034839654,0.5703407374223592,0.40568902796884676,0.31665112141850227,0.5591597927508563,0.42933738602942534,0.29356888977496237,0.14737200223957703,0.24254076868017765,0.0,0.0,0.0,0.0,0.0,0.0,0.0
Simulation,520,0.0,0.0,0.0,0.0,0.0,0.0,0.7591386859671478,1.0534489913831075,1.0756847288053673,0.6682401231839912,0.5729240224021299,0.5893167142596513,0.967165511825583,1.0114087023599243,0.8912489282506033,0.6250771128799031,0.2606363203075965,0.0,0.0,0.0,0.0,0.0,0.0,0.0
Simulation,521,0.0,0.0,0.0,0.0,0.0,0.0,0.2928847675530418,0.7018468133849654,0.8789808324851399,1.066378439819924,1.322320975486108,1.589568799529113,1.5764430669559122,1.4370883347851326,1.285648414337476,1.142058359736755,0.3654443171970738,0.0,0.0,0.0,0.0,0.0,0.0,0.0
Simulation,522,0.0,0.0,0.0,0.0,0.0,0.0,0.9300514235396428,1.3071085163171943,1.3312370143349603,1.2130050924643867,1.204254923735058,1.1941154427020793,1.0379728647299906,0.8011827880909633,0.5457020034050679,0.263607752614062,0.2385647118289215,0.0,0.0,0.0,0.0,0.0,0.0,0.0
Simulation,523,0.0,0.0,0.0,0.0,0.0,0.0,0.39701123888465395,0.3256678313196069,0.36840247377968915,0.4003083679446295,0.6403623036733223,0.7160239855289957,0.6739176461906363,0.48105745357657725,0.4163685806427638,0.4055775329482676,0.26438999262330604,0.0,0.0,0.0,0.0,0.0,0.0,0.0
Simulation,524,0.0,0.0,0.0,0.0,0.0,0.0,1.330469052499633,1.1394570632935417,1.0687661540651447,0.9589551781196908,1.0677328643169586,1.0659708571865238,0.9558535615190931,0.7944842730842757,0.7358649948289114,0.7648181987250652,0.26311812745905694,0.0,0.0,0.0,0.0,0.0,0.0,0.0
Simulation,525,0.0,0.0,0.0,0.0,0.0,0.0,0.3674814828089149,0.7892755115654868,1.0293596019655493,1.2189709689960042,1.4456101175182612,1.62572319760754,1.2888840916320041,0.9972749876944067,0.6282192551840545,0.2819957409975876,0.24409382718742673,0.0,0.0,0.0,0.0,0.0,0.0,0.0
Simulation,526,0.0,0.0,0.0,0.0,0.0,0.0,0.8272072957439236,0.28707440632029874,0.0871651921424631,0.062379447309958924,0.43387392437792,0.7796347524703764,0.7914260309200587,0.5084983357877241,0.39350493648117085,0.45322103364849997,0.27699309734200694,0.0,0.0,0.0,0.0,0.0,0.0,0.0
Simulation,527,0.0,0.0,0.0,0.0,0.0,0.0,0.4003693852366293,0.5499020818394914,0.7124019146060734,0.5687159873760539,0.699307651608318,0.613809515298235,0.18595211992526706,0.10342360161070674,0.11445918097634633,0.33606576637208924,0.26701998887533374,0.0,0.0,0.0,0.0,0.0,0.0,0.0
Simulation,528,0.0,0.0,0.0,0.0,0.0,0.0,0.8248296226680669,0.9637440967052578,1.009272742076165,0.9026062889377835,1.0030104720792996,1.0614658394366638,1.0910703575859508,1.0118676814346588,0.919397092170517,0.9206251262209424,0.33937200848362087,0.0,0.0,0.0,0.0,0.0,0.0,0.0
Simulation,529,0.0,0.0,0.0,0.0,0.0,0.0,0.41348171778118076,0.5825639791802638,0.7037326314711376,0.5807734007191205,0.7215817001172197,0.7101221777109277,0.4557810748213137,0.3096971375861187,0.30043346022057915,0.3873604730080469,0.24343070365308553,0.0,0.0,0.0,0.0,0.0,0.0,0.0
Simulation,530,0.0,0.0,0.0,0.0,0.0,0.0,0.48983973264227876,0.6860424720261226,0.6948313139823187,0.23892707358686294,0.4499652851121857,0.5819471387321173,0.3686980145557318,0.2068700119095077,0.19095135534430352,0.4600024478573861,0.32713495109744234,0.0,0.0,0.0,0.0,0.0,0.0,0.0
Simulation,531,0.0,0.0,0.0,0.0,0.0,0.0,0.30288990685804623,0.8047197678441191,0.8793481656852892,0.3197834661101936,0.2806408216549513,0.5103151678491632,1.0916865798102258,1.0977233911329762,0.9385373784998268,0.640665754647404,0.31190144612898923,0.0,0.0,0.0,0.0,0.0,0.0,0.0
Simulation,532,0.0,0.0,0.0,0.0,0.0,0.0,0.262232686733727,0.4079078916260195,0.563205549067901,0.528584629736487,0.6418472074342398,0.7016417841250362,0.8605104343360849,0.8616332325685101,0.7725415893943123,0.6164451100988853,0.2533812297688153,0.0,0.0,0.0,0.0,0.0,0.0,0.0
Simulation,533,0.0,0.0,0.0,0.0,0.0,0.0,0.46334013754552694,0.7614552259198974,0.8528182980907835,0.6299919582295447,0.8256607701284734,0.9266189968403116,0.7927724129774515,0.5910902227398911,0.4894370956687976,0.5292200434787959,0.31763997294540647,0.0,0.0,0.0,0.0,0.0,0.0,0.0
Simulation,534,0.0,0.0,0.0,0.0,0.0,0.0,1.1169008442874215,1.5104708160623779,1.2366177755346,0.4436090187533882,0.5118975347490837,0.7302988322641002,1.0524111018911577,0.9586917981027168,0.7380937756262939,0.47457117165831203,0.2519376112487458,0.0,0.0,0.0,0.0,0.0,0.0,0.0
Simulation,535,0.0,0.0,0.0,0.0,0.0,0.0,0.26744177183109047,0.8051541442774739,1.0265507922310892,0.8558426609241583,0.8770064403840228,0.9256083657459895,0.9811661063499593,0.8639244080357382,0.6054876134054482,0.24243800178718727,0.2367647118039214,0.0,0.0,0.0,0.0,0.0,0.0,0.0
Simulation,536,0.0,0.0,0.0,0.0,0.0,0.0,0.1632032647572319,0.7635783596806148,0.970506707371185,0.4434950525115127,0.3075737691669336,0.2875228227597705,0.38184759692573056,0.3581128855909236,0.31945555423054767,0.3095371362897298,0.2629860167648581,0.0,0.0,0.0,0.0,0.0,0.0,0.0
Simulation,537,0.0,0.0,0.0,0.0,0.0,0.0,0.38856050545786525,0.8596894588459563,1.0993746723904068,1.0517208007863013,1.08928137106714,1.1128128961128416,0.9370251360867652,0.7427671311471006,0.5478986524617862,0.2816686491590858,0.24502387527143918,0.0,0.0,0.0,0.0,0.0,0.0,0.0
Simulation,538,0.0,0.0,0.0,0.0,0.0,0.0,0.46345123456775433,0.9376485278474072,1.1337546459577499,1.09747048088699,1.1636550486001047,1.159572813287428,0.9664966120203512,0.8686199224479838,0.8120974599495182,0.9764469716654564,0.31418045888163304,0.0,0.0,0.0,0.0,0.0,0.0,0.0
Simulation,539,0.0,0.0,0.0,0.0,0.0,0.0,0.32974792453672347,0.5107626410953604,0.7383296242591088,0.9927155016042569,1.0373449475283354,0.9250158371810021,0.6260854993398869,0.520305605571817,0.5903425311793684,0.7029765652750216,0.2478588851444814,0.0,0.0,0.0,0.0,0.0,0.0,0.0
Simulation,540,0.0,0.0,0.0,0.0,0.0,0.0,0.8070169542342267,0.5200970457961213,0.39900369443197614,0.3492682969567646,0.7031160923865915,0.8883863084299088,0.8766830761081043,0.6197041270578846,0.3985691188901675,0.2199757100407096,0.23736471181053226,0.0,0.0,0.0,0.0,0.0,0.0,0.0
Simulation,541,0.0,0.0,0.0,0.0,0.0,0.0,0.44041855013029374,0.8114866142378968,0.9046492858184956,0.49726705110018654,0.43177564107268196,0.3853431558103606,0.30446358775851146,0.3079857318281604,0.3285932096230344,0.4033579727225226,0.29082976241466096,0.0,0.0,0.0,0.0,0.0,0.0,0.0
Simulation,542,0.0,0.0,0.0,0.0,0.0,0.0,0.0,0.14592718162172658,0.6240018377246905,1.1039573640847695,1.4261540617708404,1.5287779902002698,0.8697520746994277,0.48491458010737565,0.3282251964103437,0.4384222688672703,0.34044674238239997,0.0,0.0,0.0,0.0,0.0,0.0,0.0
Simulation,543,0.0,0.0,0.0,0.0,0.0,0.0,1.5094491594479587,1.4260368228014384,1.232484644187338,0.9161741209447036,1.0789829126865185,1.079716121717595,0.6577738468538343,0.3702042271530925,0.3436726690103143,0.63557581831093,0.2531647120939157,0.0,0.0,0.0,0.0,0.0,0.0,0.0
Simulation,544,0.0,0.0,0.0,0.0,0.0,0.0,0.22162148368814122,0.30759570922242685,0.37449961004594623,0.2010674496755076,0.23329061158711473,0.2566046629799632,0.3497670616627291,0.3080679910326873,0.3077338134187445,0.2909485703892663,0.24340269509746848,0.0,0.0,0.0,0.0,0.0,0.0,0.0
Simulation,545,0.0,0.0,0.0,0.0,0.0,0.0,0.6135201311307552,0.3230992332165181,0.21918377361810526,0.6704612553784683,1.1613518284815145,1.326779532910805,1.0030389668430522,0.7818217813518014,0.7554897005158938,1.007174646720133,0.3167128238141239,0.0,0.0,0.0,0.0,0.0,0.0,0.0
Simulation,546,0.0,0.0,0.0,0.0,0.0,0.0,0.6324575070630438,0.7951524858975647,0.7273261850914186,0.391977907487664,0.6282225235406445,0.8596284609180448,1.1316143260435922,1.0260964962907142,0.7669710071072353,0.3234133006419768,0.2413849616435972,0.0,0.0,0.0,0.0,0.0,0.0,0.0
Simulation,547,0.0,0.0,0.0,0.0,0.0,0.0,0.42090756917273964,0.9362040562925593,1.1488196180139472,1.0680101137223919,1.108320571427134,1.061681744448621,0.767804204028073,0.5707119228798253,0.48868237459872443,0.49123723242661654,0.2593078544452162,0.0,0.0,0.0,0.0,0.0,0.0,0.0
Simulation,548,0.0,0.0,0.0,0.0,0.0,0.0,0.4789454300576822,0.7223768769635517,0.904963922253381,0.9867018201818294,1.0372801744919884,0.9713469661789037,0.7694494738631363,0.5912342426064225,0.5343831001922372,0.5306101888650827,0.2525050305780738,0.0,0.0,0.0,0.0,0.0,0.0,0.0
Simulation,549,0.0,0.0,0.0,0.0,0.0,0.0,0.39045249176884256,0.41861482310844667,0.5705326272964795,0.9145995295197021,1.1859133213322388,1.3112683122619264,1.0024920140778537,0.8063637633911,0.7227042031173643,0.7390912737933371,0.31163562791296984,0.0,0.0,0.0,0.0,0.0,0.0,0.0
Simulation,550,0.0,0.0,0.0,0.0,0.0,0.0,0.11272358148203276,0.08637856750881812,0.12280238735712912,0.5015210191753948,0.8738060530223298,0.9928125191133763,0.8752352234660017,0.7455055259451349,0.710002807928901,0.7220975632678204,0.30379324900418714,0.0,0.0,0.0,0.0,0.0,0.0,0.0
Simulation,551,0.0,0.0,0.0,0.0,0.0,0.0,0.15800164651213294,0.0978880749116755,0.11358054889695579,0.3487413399430975,0.6315788902452812,0.7496860172118116,1.07424678703712,1.0916400463506408,1.1941383726627253,1.2709106874854523,0.34135492853613886,0.0,0.0,0.0,0.0,0.0,0.0,0.0
Simulation,552,0.0,0.0,0.0,0.0,0.0,0.0,0.10694431696693296,0.24253887301935184,0.42999553157997805,0.5554003493635523,0.7884589356606103,0.9497867473986153,1.1244044590621407,1.0532410702606743,0.9272685629429567,0.7364569772410704,0.3333592134479697,0.0,0.0,0.0,0.0,0.0,0.0,0.0
Simulation,553,0.0,0.0,0.0,0.0,0.0,0.0,0.5236708673793334,0.4489336266343437,0.38898695254477345,0.20356836541678236,0.4193345466152573,0.5237252868921194,0.5804016731986915,0.4765009061301106,0.5986788559178352,1.0259600708220709,0.375783503823366,0.0,0.0,0.0,0.0,0.0,0.0,0.0
Simulation,554,0.0,0.0,0.0,0.0,0.0,0.0,0.1932292974359402,0.28757833704950186,0.4493003468605114,0.594492817110927,0.8285235735202857,0.9095443687259128,0.7951609797946209,0.5910338520789822,0.41943878341131996,0.2684928231751914,0.23731366178004015,0.0,0.0,0.0,0.0,0.0,0.0,0.0
Simulation,555,0.0,0.0,0.0,0.0,0.0,0.0,0.5158053080410927,0.6440776409086196,0.7028602513663168,0.5063993120832031,0.4167933501287247,0.27644740066613327,0.5113797684639712,0.6595988450699781,0.8530951569153975,1.2797268648922508,0.34014682329054413,0.0,0.0,0.0,0.0,0.0,0.0,0.0
Simulation,556,0.0,0.0,0.0,0.0,0.0,0.0,0.17491476624472682,0.322414040150476,0.4087860176903786,0.5669673095171601,0.9064128392772173,1.1103313087277484,1.1718167092109195,1.1202654967745884,1.0977919733243426,1.1642688361898839,0.3435572334018478,0.0,0.0,0.0,0.0,0.0,0.0,0.0
Simulation,557,0.0,0.0,0.0,0.0,0.0,0.0,0.3892810924438208,0.6984293124777741,0.8246390202490588,0.7382944338799818,0.8159940790249053,0.7794764678329219,0.5654553094171182,0.40826681295347744,0.3666236932451007,0.31980046188797234,0.24594608440261473,0.0,0.0,0.0,0.0,0.0,0.0,0.0
Simulation,558,0.0,0.0,0.0,0.0,0.0,0.0,0.479279733152848,0.7873861195250585,0.9949730460645877,1.2414484954976408,1.37585334699284,1.453109976731417,1.3024019356467087,1.1619304565480932,0.9986000021097821,0.753455786387727,0.261615380115422,0.0,0.0,0.0,0.0,0.0,0.0,0.0
Simulation,559,0.0,0.0,0.0,0.0,0.0,0.0,0.5530058396528201,0.7226776841433338,0.7534394311499694,0.6049246671554193,0.5763880883350175,0.44250198119093564,0.44551914335497417,0.48378637581876843,0.6149647214530871,0.6821782422897138,0.23900362585538745,0.0,0.0,0.0,0.0,0.0,0.0,0.0
Simulation,560,0.0,0.0,0.0,0.0,0.0,0.0,0.6431013377844372,1.5751601309194432,1.6416316999779403,1.142886136456049,1.0951593228147987,1.2005155926916145,1.3864223067832402,1.3857094090103266,1.2057173571115007,0.8297668583176238,0.3728330214465363,0.0,0.0,0.0,0.0,0.0,0.0,0.0
Simulation,561,0.0,0.0,0.0,0.0,0.0,0.0,0.8404597231523145,0.9929314516959312,1.0291458345609592,0.7867621394762121,0.8994750371698823,0.9309614092898791,0.7629828560046943,0.5857464367869424,0.5679905380724861,0.7534698031736372,0.3283288041240126,0.0,0.0,0.0,0.0,0.0,0.0,0.0
Simulation,562,0.0,0.0,0.0,0.0,0.0,0.0,0.4156596632021117,0.949099603603615,0.9959467488922524,0.4433706652681,0.2786618742782082,0.30664846856278816,0.7842996727862225,0.8727388297829669,0.791501440232122,0.5577160733027163,0.24193687613087922,0.0,0.0,0.0,0.0,0.0,0.0,0.0
Simulation,563,0.0,0.0,0.0,0.0,0.0,0.0,0.6061383224254,0.767755108768677,0.8573929414042329,0.7056731290620921,0.697987956313102,0.4944930127513391,0.13871002394887744,0.10468726517362692,0.14940505979007213,0.2888345525844886,0.24272072365515981,0.0,0.0,0.0,0.0,0.0,0.0,0.0
Simulation,564,0.0,0.0,0.0,0.0,0.0,0.0,0.09934091793702687,0.0,0.026095884536355585,0.05109171833002424,0.18184495766949815,0.3881009864122513,0.6730212264866111,0.6139036544862357,0.585001539515541,0.5524654406898155,0.27816081467354165,0.0,0.0,0.0,0.0,0.0,0.0,0.0
Simulation,565,0.0,0.0,0.0,0.0,0.0,0.0,0.17871790851614602,0.46088589569902344,0.6733097781482126,0.6691302847054658,0.827290834615423,0.961670541493242,0.9989936451374949,0.8467409354641127,0.528164800234801,0.0926560738222022,0.2365647118039215,0.0,0.0,0.0,0.0,0.0,0.0,0.0
Simulation,566,0.0,0.0,0.0,0.0,0.0,0.0,0.0823036883776479,0.5819909603360841,0.9703381253026916,0.9094702038534542,0.9911400206635006,0.9522603919594493,0.5642653218170355,0.3647521413029232,0.32853291064755097,0.5633652790589815,0.3401450114617373,0.0,0.0,0.0,0.0,0.0,0.0,0.0
Simulation,567,0.0,0.0,0.0,0.0,0.0,0.0,1.0589572689734355,0.7799639122318738,0.7590282979915454,0.834241263932269,1.0375766360939684,1.0854933586629372,0.8579061800173352,0.6658966801907822,0.6094204926585256,0.7217524966899578,0.3203447696725701,0.0,0.0,0.0,0.0,0.0,0.0,0.0
Simulation,568,0.0,0.0,0.0,0.0,0.0,0.0,0.7582754412400767,0.781581035184871,0.8504727719277373,0.9218857235520704,0.898386481734807,0.9197341921767418,1.2640635311656498,1.3591329541427069,1.321678393594092,0.9313342445020454,0.2453871436913181,0.0,0.0,0.0,0.0,0.0,0.0,0.0
Simulation,569,0.0,0.0,0.0,0.0,0.0,0.0,0.4262616325789967,0.8317220668496148,1.010906034790847,0.8104623247723427,0.8379332473580038,0.8466590227801151,0.7701726210858183,0.5918804693017551,0.41560841230534135,0.22191102145973962,0.2374515353058215,0.0,0.0,0.0,0.0,0.0,0.0,0.0
Simulation,570,0.0,0.0,0.0,0.0,0.0,0.0,0.4508878729774005,0.7472544376853854,0.8544325624229073,0.808352819718666,0.8954103868928595,0.9489263147464737,1.0021676787481395,0.9119386732114424,0.7724954369182586,0.5466471253376175,0.2413849132325979,0.0,0.0,0.0,0.0,0.0,0.0,0.0
Simulation,571,0.0,0.0,0.0,0.0,0.0,0.0,1.6436347011708015,1.280725979124286,1.023717515113786,0.7827956181015597,0.988785871498714,1.1432712058823271,1.2326442107244273,1.0941054919144122,0.9668558560536381,0.8499324299476196,0.3018206720458318,0.0,0.0,0.0,0.0,0.0,0.0,0.0
Simulation,572,0.0,0.0,0.0,0.0,0.0,0.0,0.14178275124376774,0.8202501075130507,1.1579027211026967,1.0427845458674305,0.9776445346936155,0.9575115588933961,0.9443054116094352,0.8909458014725223,0.7949313546690975,0.7373500359796763,0.3197539432773331,0.0,0.0,0.0,0.0,0.0,0.0,0.0
Simulation,573,0.0,0.0,0.0,0.0,0.0,0.0,0.42560215967780984,1.0760212371995774,1.3119740823972812,1.2380825077263151,1.166380422056003,1.1152977458314743,0.9681724549997314,0.8555653774136863,0.7245429185970677,0.6030509244008049,0.30046994879033256,0.0,0.0,0.0,0.0,0.0,0.0,0.0
Simulation,574,0.0,0.0,0.0,0.0,0.0,0.0,0.23907786063688247,0.7446639845654112,1.042996912614952,1.0676328988764894,1.0342691680564042,0.8846282887263448,0.3017242560125585,0.20725088514320567,0.20010948431031017,0.27026019328371176,0.24565431589870135,0.0,0.0,0.0,0.0,0.0,0.0,0.0
Simulation,575,0.0,0.0,0.0,0.0,0.0,0.0,0.45105989987879413,1.2014666285874362,1.3095041625083559,1.1820832795417304,1.1758088292257072,1.2457189960456387,1.1731524823853485,1.151128223509212,1.1044114175964619,1.0369228625148519,0.36376458928015404,0.0,0.0,0.0,0.0,0.0,0.0,0.0
Simulation,576,0.0,0.0,0.0,0.0,0.0,0.0,0.5859249047184866,0.8561816987354226,1.026410372991636,1.1419602334146643,1.3778886417140703,1.580462067567491,1.2824595062708366,1.0157531897965875,0.7720583160116171,0.7197473827017531,0.3444918038441359,0.0,0.0,0.0,0.0,0.0,0.0,0.0
Simulation,577,0.0,0.0,0.0,0.0,0.0,0.0,0.18966940040248503,0.2434424485076606,0.4297232052578879,0.5188481934230251,0.6011662843618315,0.37499021079595196,0.08514203470086823,0.008212574128504735,0.0,0.06950152968645806,0.2365647118039215,0.0,0.0,0.0,0.0,0.0,0.0,0.0
Simulation,578,0.0,0.0,0.0,0.0,0.0,0.0,0.7894259506189274,0.6477461056505383,0.6416134175067324,0.6178502355359861,0.9485845821790546,1.0173966957836196,0.661172024692283,0.35676664675785263,0.31885754527025584,0.5884220819517136,0.28702155361033027,0.0,0.0,0.0,0.0,0.0,0.0,0.0
Simulation,579,0.0,0.0,0.0,0.0,0.0,0.0,0.015459999444850436,0.1378975183277492,0.3461695596736004,0.40450865887549864,0.6462792789782802,0.7759259143611007,0.785062782847591,0.6018959178505567,0.3809406786740184,0.1840931656905888,0.23787446507462515,0.0,0.0,0.0,0.0,0.0,0.0,0.0
Simulation,580,0.0,0.0,0.0,0.0,0.0,0.0,1.1776989449166568,1.4274433567658917,1.3514162219831853,1.2245686402764984,1.3771917774961675,1.4697840600248706,1.1381721396211781,0.8772911775630938,0.70189243570411,0.7215905273734196,0.3026610988940627,0.0,0.0,0.0,0.0,0.0,0.0,0.0
Simulation,581,0.0,0.0,0.0,0.0,0.0,0.0,0.3258469925717349,0.5217212892486449,0.7188950230993371,0.9253816448016361,1.1688339571254245,1.33217229119037,1.3090167938348913,1.0983856486253303,0.8009404990248634,0.5154496519330276,0.24591543917782388,0.0,0.0,0.0,0.0,0.0,0.0,0.0
Simulation,582,0.0,0.0,0.0,0.0,0.0,0.0,0.11312449888827095,0.49975308422102216,0.7646282651197727,0.7276695619346243,0.9741658357456368,1.1604102589705885,1.1280846164393534,0.9148219386251896,0.6480039324055668,0.46535482912471515,0.30169588219211907,0.0,0.0,0.0,0.0,0.0,0.0,0.0
Simulation,583,0.0,0.0,0.0,0.0,0.0,0.0,1.2083808556800752,1.2935500627785592,1.2378851773611763,1.088688565074969,1.0907324261567444,0.9599971123452993,0.5568267258136377,0.3571372893505106,0.38466237463465214,0.6705850747793571,0.30505436970850336,0.0,0.0,0.0,0.0,0.0,0.0,0.0
Simulation,584,0.0,0.0,0.0,0.0,0.0,0.0,0.2985947214077478,0.8000144824846026,1.1364016809828918,1.5706083912730748,1.5170171884280859,1.5290574880870578,1.3021338646841183,1.2004495210842163,1.1111250619871642,0.7120419645083648,0.2382399447833721,0.0,0.0,0.0,0.0,0.0,0.0,0.0
Simulation,585,0.0,0.0,0.0,0.0,0.0,0.0,0.7802983953821613,1.0396641591164792,1.1590826070603517,1.1015891699790643,1.0332171726813824,0.89875297547654,0.7848976765713979,0.7596053916162084,0.788183999207295,0.8467122751226414,0.2844489359594361,0.0,0.0,0.0,0.0,0.0,0.0,0.0
Simulation,586,0.0,0.0,0.0,0.0,0.0,0.0,0.08540007330582278,0.3356517815910383,0.699884887856749,0.7249926716334998,0.7347235431411346,0.6664386465252198,0.4543183947226983,0.3911344478823064,0.3985695383991956,0.4568507621801667,0.27399977686163823,0.0,0.0,0.0,0.0,0.0,0.0,0.0
Simulation,587,0.0,0.0,0.0,0.0,0.0,0.0,0.5664542515742402,1.0822729299864127,1.3124343960910736,1.4136912192322106,1.1586937290049866,0.9152492980696073,0.672957599252808,0.6976507561484608,0.7962160085704193,1.0002269065564735,0.31318407097818807,0.0,0.0,0.0,0.0,0.0,0.0,0.0
Simulation,588,0.0,0.0,0.0,0.0,0.0,0.0,0.5488075417408695,0.779803471607467,0.8216279008312196,0.4399632114519422,0.42824193656995563,0.3167403174875215,0.24585801722637124,0.27277512099366674,0.33149911061107873,0.6804794721425099,0.32190894676602944,0.0,0.0,0.0,0.0,0.0,0.0,0.0
Simulation,589,0.0,0.0,0.0,0.0,0.0,0.0,0.5834012519315558,1.2934367620443619,1.5682153813521895,1.7158979818045639,1.7404924207835575,1.6615510705264163,1.4844439950949875,1.386161597029128,1.2330804596951523,0.9313058373790795,0.29534792629037393,0.0,0.0,0.0,0.0,0.0,0.0,0.0
Simulation,590,0.0,0.0,0.0,0.0,0.0,0.0,0.15663286189566047,0.3156779517714297,0.5756734288237202,0.8502196237566225,1.010189727736995,1.0317230753456441,0.8778868148132997,0.7652671201999826,0.7082477450457703,0.6354334448412123,0.25262489582400355,0.0,0.0,0.0,0.0,0.0,0.0,0.0
Simulation,591,0.0,0.0,0.0,0.0,0.0,0.0,0.5497108375708069,0.5687895684026527,0.6655991986260923,0.7207693375579213,0.7181718931796215,0.6474666696811706,0.6310864626667365,0.5610707096736051,0.4892159360735875,0.2163862844479189,0.2365647118039215,0.0,0.0,0.0,0.0,0.0,0.0,0.0
Simulation,592,0.0,0.0,0.0,0.0,0.0,0.0,0.12154901241963112,0.32961846162164954,0.6666509785998174,0.9005597449934777,1.0187535667149952,1.0582693330154875,1.0246272937887408,0.9007170638125092,0.768966194274455,0.6120762066921813,0.3013012008029084,0.0,0.0,0.0,0.0,0.0,0.0,0.0
Simulation,593,0.0,0.0,0.0,0.0,0.0,0.0,0.22080128890978354,0.3263638944302405,0.5025556614356659,0.7408890911328967,0.8675552413256474,0.8886894963112284,0.8358344953437327,0.7721090063768746,0.7068271084524758,0.4731085865326121,0.2370366801881242,0.0,0.0,0.0,0.0,0.0,0.0,0.0
Simulation,594,0.0,0.0,0.0,0.0,0.0,0.0,0.24335127870052758,0.6876729582664792,0.8867807969944214,0.557264921161883,0.5666158471918329,0.4523008054852924,0.21271735542046777,0.1899099788859424,0.1809108132178977,0.24605559056003812,0.24893038295921535,0.0,0.0,0.0,0.0,0.0,0.0,0.0
Simulation,595,0.0,0.0,0.0,0.0,0.0,0.0,0.16341062955625948,0.4351124982482105,0.7163614132435914,0.6897714330727549,0.5285010280669773,0.2648538952664812,0.16479831356488228,0.2523644638429261,0.34437663888512426,0.45401114834661627,0.24148051452937397,0.0,0.0,0.0,0.0,0.0,0.0,0.0
Simulation,596,0.0,0.0,0.0,0.0,0.0,0.0,1.0018410847696984,1.0188888874707156,0.9628765942675135,0.7423191218861561,0.8205908435055405,0.9120966367958336,1.209827077222314,1.1927567884995591,1.1889750011620444,0.9247496559265052,0.26179105504768047,0.0,0.0,0.0,0.0,0.0,0.0,0.0
Simulation,597,0.0,0.0,0.0,0.0,0.0,0.0,0.171698085414471,0.856276208724246,1.1203492417654979,0.8501713982926501,0.8606194317001886,0.9415920351272498,1.0294432002395175,0.9766505490897351,0.769032254271463,0.4509412674595885,0.2430949026793714,0.0,0.0,0.0,0.0,0.0,0.0,0.0
Simulation,598,0.0,0.0,0.0,0.0,0.0,0.0,0.07027689719204089,0.12882088930795288,0.3475172507832487,0.7477855286361358,0.7686924102666453,0.711365209335883,0.7641018985507751,0.8554371609809832,0.9345766700008704,0.9787353408450945,0.3193659930913553,0.0,0.0,0.0,0.0,0.0,0.0,0.0
Simulation,599,0.0,0.0,0.0,0.0,0.0,0.0,0.07269580274334309,0.0,0.027663189704335345,0.225011317189456,0.5763407391880851,0.6424467499517665,0.4120043213258695,0.2739809750648159,0.21496392791343505,0.21927058771373048,0.2367647118039214,0.0,0.0,0.0,0.0,0.0,0.0,0.0
Simulation,600,0.0,0.0,0.0,0.0,0.0,0.0,0.31895800432711935,0.7896545604080363,1.0568474923409257,1.0518262082602885,0.8764227289144594,0.7112363246675517,0.614367150744739,0.6417443578610146,0.7064947904804662,0.7183199952138973,0.30545133106156,0.0,0.0,0.0,0.0,0.0,0.0,0.0
Simulation,601,0.0,0.0,0.0,0.0,0.0,0.0,0.19145109914094535,0.5732936652293543,0.813160174069918,0.7892135365311171,0.7396325244052382,0.7258286272316163,0.98239041875564,1.0257570123812703,0.9699290084662624,0.7583783409923216,0.24975099624650016,0.0,0.0,0.0,0.0,0.0,0.0,0.0
Simulation,602,0.0,0.0,0.0,0.0,0.0,0.0,0.7208567662341665,0.5521496549687241,0.4217196626596504,0.48821432456169833,0.8764280469641483,1.1742536801338799,1.538389633215081,1.4870615326250718,1.3981908630225752,1.2695381086790323,0.39236995491056315,0.0,0.0,0.0,0.0,0.0,0.0,0.0
Simulation,603,0.0,0.0,0.0,0.0,0.0,0.0,1.2550934876857724,1.5797481170473917,1.6038088153080006,1.38602106019549,1.3125211496270313,1.2468055524567616,1.1246861785735458,1.0139049510817413,0.8467880679642007,0.7292027850340315,0.2501827516113346,0.0,0.0,0.0,0.0,0.0,0.0,0.0
Simulation,604,0.0,0.0,0.0,0.0,0.0,0.0,0.4468510290348368,1.131351241095418,1.3288691019454726,1.2382601603933792,1.2567874750093884,1.292469337403683,1.0707609968197676,0.876457864521381,0.6884374492912912,0.5331700019808425,0.30042526619954124,0.0,0.0,0.0,0.0,0.0,0.0,0.0
Simulation,605,0.0,0.0,0.0,0.0,0.0,0.0,0.5856761263975567,1.3423358927241216,1.4370587987896544,1.2585869504000604,1.2752461931771737,1.3386341645302489,1.3058792041112746,1.1738782741906952,0.9046653284735634,0.5144671347656343,0.25316471217034875,0.0,0.0,0.0,0.0,0.0,0.0,0.0
Simulation,606,0.0,0.0,0.0,0.0,0.0,0.0,0.5985650723356958,0.8120693139829993,0.853023746955521,0.6336525236042883,0.7586210150135387,0.7445878924189868,0.5117578302213668,0.35798205875358263,0.32467803827755237,0.3379047144668878,0.23707619153767234,0.0,0.0,0.0,0.0,0.0,0.0,0.0
Simulation,607,0.0,0.0,0.0,0.0,0.0,0.0,0.9159295767146717,0.6840486782256884,0.6505530120584515,0.6602947637658442,0.8109799881815088,0.7167684860601802,0.3540062575128764,0.2730541292846982,0.326496813872002,0.5324131200716737,0.23749304376296052,0.0,0.0,0.0,0.0,0.0,0.0,0.0
Simulation,608,0.0,0.0,0.0,0.0,0.0,0.0,0.7387867147364866,0.8135825587151406,0.8573725802203084,1.0514361586132832,1.2156431040713287,1.356767404125546,1.6576557130321228,1.6639498766919347,1.6356275254754193,1.5878241927637058,0.4057722323724079,0.0,0.0,0.0,0.0,0.0,0.0,0.0
Simulation,609,0.0,0.0,0.0,0.0,0.0,0.0,0.33260178211300073,0.7663338372857331,0.9304921515891847,0.8633371690447229,1.0006608386695084,1.0790534090387853,1.0592445255677887,0.9154817203269268,0.7581985864456496,0.5951541236093418,0.2731428051728695,0.0,0.0,0.0,0.0,0.0,0.0,0.0
Simulation,610,0.0,0.0,0.0,0.0,0.0,0.0,0.4718376125932773,0.5347637095509689,0.47530277368276774,0.1982750799792259,0.18676584044122368,0.2320875706350256,0.6861314361883317,0.7430859397557916,0.6638101002738023,0.28758953874633275,0.2365647118039215,0.0,0.0,0.0,0.0,0.0,0.0,0.0
Simulation,611,0.0,0.0,0.0,0.0,0.0,0.0,0.1629559971457109,0.6706100570731571,0.819680905101953,0.14137956312473432,0.044865164229123566,0.035489745941441386,0.09114495584598381,0.18172863280085594,0.36033311665159223,0.7323745001570463,0.34669757495408443,0.0,0.0,0.0,0.0,0.0,0.0,0.0
Simulation,612,0.0,0.0,0.0,0.0,0.0,0.0,0.5105537946301666,0.7682985042681207,0.7574013768391967,0.49004374612798746,0.6719722192285854,0.8765123033338134,1.1932922228369867,1.1602046534160784,1.064304264627123,0.8955088310541657,0.32074301456785026,0.0,0.0,0.0,0.0,0.0,0.0,0.0
Simulation,613,0.0,0.0,0.0,0.0,0.0,0.0,0.42579572981501046,0.4305079608024591,0.41919010370643245,0.18658830728604436,0.16455745648379294,0.15037861365164984,0.5258557989179238,0.6219216023003112,0.7152425299667933,0.7036204824685853,0.2531647120764772,0.0,0.0,0.0,0.0,0.0,0.0,0.0
Simulation,614,0.0,0.0,0.0,0.0,0.0,0.0,0.7583253108849464,1.293649048556576,1.3400506653329842,1.3350486073754753,1.4187163600958244,1.430072502408579,1.0951541766444446,0.9128744985289782,0.9063761164378934,1.3499443538082454,0.4165839154496149,0.0,0.0,0.0,0.0,0.0,0.0,0.0
Simulation,615,0.0,0.0,0.0,0.0,0.0,0.0,0.4022174306847894,0.14694701738280846,0.12246074827673026,0.31645516769665905,0.7678798543843441,0.8719752302494785,0.3547300855710158,0.16906553609111907,0.1914288436236976,0.558152329104838,0.3053008254737959,0.0,0.0,0.0,0.0,0.0,0.0,0.0
Simulation,616,0.0,0.0,0.0,0.0,0.0,0.0,0.23887309677115806,0.7237420256377798,1.0072048952594848,1.0665619642679602,1.2497075781317237,1.4270507668250376,1.2887523048079486,1.0556823352111944,0.823638656880822,0.8154187648904957,0.4144771952606431,0.0,0.0,0.0,0.0,0.0,0.0,0.0
Simulation,617,0.0,0.0,0.0,0.0,0.0,0.0,0.4722609890662779,1.1175476323670677,1.1565737873610422,0.370003145059814,0.19414092962726592,0.2072485441166796,0.6043605101108411,0.6279349454202847,0.5470368478916774,0.33586674855376847,0.24932357689254442,0.0,0.0,0.0,0.0,0.0,0.0,0.0
Simulation,618,0.0,0.0,0.0,0.0,0.0,0.0,0.3140619034238375,0.5673189207105874,0.5913391111230283,0.20446291767535063,0.22272513193105614,0.2712889711105134,0.5642830629597265,0.5709772064391124,0.5593728382254732,0.4423375946203588,0.237364711817509,0.0,0.0,0.0,0.0,0.0,0.0,0.0
Simulation,619,0.0,0.0,0.0,0.0,0.0,0.0,0.8225098164594165,0.7136302842078084,0.6062798135690579,0.29377209255135106,0.5215019378117838,0.7082162710942146,0.8520274291432856,0.7863133453453041,0.7827732207999707,1.0755457456309918,0.40049937392439505,0.0,0.0,0.0,0.0,0.0,0.0,0.0
Simulation,620,0.0,0.0,0.0,0.0,0.0,0.0,0.4156945647437863,0.44905873831737253,0.6048069117401479,0.5540122776127692,0.6130272294328657,0.5894169294617887,0.7551765722829868,0.6995109319288235,0.6286753974694603,0.47459895518720757,0.24207859117915878,0.0,0.0,0.0,0.0,0.0,0.0,0.0
Simulation,621,0.0,0.0,0.0,0.0,0.0,0.0,0.35007985341716585,0.832889159348818,1.0956017990784104,1.0290875816645084,0.9788396828289816,0.9577457479690827,1.1120602519941456,1.096316245760576,1.082204535155324,1.0227432671379268,0.3142725285248247,0.0,0.0,0.0,0.0,0.0,0.0,0.0
Simulation,622,0.0,0.0,0.0,0.0,0.0,0.0,0.5500264946496085,1.0238509640185183,1.2338836033518479,1.2240591563552,1.048725377423178,0.9109258939680848,0.852215558717446,0.8439726504889986,0.7330635667462568,0.40494915260717906,0.2367647118039214,0.0,0.0,0.0,0.0,0.0,0.0,0.0
Simulation,623,0.0,0.0,0.0,0.0,0.0,0.0,0.1320448407748589,0.19597323700396263,0.14333522084803418,0.01888807900934575,0.014004848617269916,0.027612499211660535,0.03711566672496902,0.054444677945264086,0.1864087671934367,0.5114837860036933,0.3182488614073699,0.0,0.0,0.0,0.0,0.0,0.0,0.0
Simulation,624,0.0,0.0,0.0,0.0,0.0,0.0,0.2624540325975605,0.8034639089896959,1.025785719107292,0.9344665049564634,1.0378111603333364,1.1759027924807675,1.283076567738305,1.1952397648429924,1.1188562739737562,1.050399986880012,0.3502578621854566,0.0,0.0,0.0,0.0,0.0,0.0,0.0
Simulation,625,0.0,0.0,0.0,0.0,0.0,0.0,0.2699618482324848,0.32685185810823714,0.2714459199756012,0.054005169212486104,0.09498698589084154,0.12322761415448169,0.10368332732776553,0.09299476711975951,0.12976991520273318,0.4177429615989049,0.3125396517925483,0.0,0.0,0.0,0.0,0.0,0.0,0.0
Simulation,626,0.0,0.0,0.0,0.0,0.0,0.0,0.37310933125026186,0.5101025276077124,0.6148667697274303,0.8546677741570059,1.066635673296673,1.2059946456332948,1.470560835757278,1.5744607755787898,1.592079708225693,1.600258140877834,0.3728242427920767,0.0,0.0,0.0,0.0,0.0,0.0,0.0
Simulation,627,0.0,0.0,0.0,0.0,0.0,0.0,0.3887739885636217,0.8771507259672843,1.1427083219196708,1.1826956027282607,1.242413563397804,1.2921686689566325,1.2587683216923162,1.1423887701952693,1.0603823848066822,1.0305995881062222,0.35808396621248295,0.0,0.0,0.0,0.0,0.0,0.0,0.0
Simulation,628,0.0,0.0,0.0,0.0,0.0,0.0,0.19611854219397729,0.3152650636778104,0.5169872296558355,0.7935324855450024,1.0372353428393433,1.125318863894245,0.9367737835088858,0.7473137597476043,0.6284109608734469,0.5789832865226132,0.2769647121978256,0.0,0.0,0.0,0.0,0.0,0.0,0.0
Simulation,629,0.0,0.0,0.0,0.0,0.0,0.0,0.14981505520961697,0.6554583377006236,0.9270483613514848,0.6157364630092129,0.5878553002863858,0.49175808969585755,0.2717854895455084,0.2669960029822299,0.2612783831777553,0.3606321303636125,0.29952510787857584,0.0,0.0,0.0,0.0,0.0,0.0,0.0
Simulation,630,0.0,0.0,0.0,0.0,0.0,0.0,0.9152995592650216,1.3562050418124594,1.3602224511741134,1.2402914463323158,1.282469786848611,1.3380065181765604,1.3863109828149107,1.369109857891941,1.2894082707421257,1.1643595739466572,0.34073824549870574,0.0,0.0,0.0,0.0,0.0,0.0,0.0
Simulation,631,0.0,0.0,0.0,0.0,0.0,0.0,0.23174639774284234,0.1352021684782262,0.12938205155750826,0.21225493328862421,0.5853718143990426,0.6849259762218379,0.34527573895623365,0.2003243646152859,0.19144860026641408,0.3089330091133368,0.25031289176104776,0.0,0.0,0.0,0.0,0.0,0.0,0.0
Simulation,632,0.0,0.0,0.0,0.0,0.0,0.0,0.623139856161368,0.6837414484801457,0.7538548360295275,0.8464843731643347,1.0182095228338846,1.0359740249099398,0.8520084885000354,0.6955149938355928,0.6306536054520712,0.696261003875725,0.25243701010830644,0.0,0.0,0.0,0.0,0.0,0.0,0.0
Simulation,633,0.0,0.0,0.0,0.0,0.0,0.0,1.1228032252976037,1.5401279991557504,1.493582962126966,1.2211070486138318,1.1371639198915626,1.0508438073729711,0.8912605934570207,0.8644201493939858,0.8591123323486625,0.9875694573217715,0.3504264293316801,0.0,0.0,0.0,0.0,0.0,0.0,0.0
Simulation,634,0.0,0.0,0.0,0.0,0.0,0.0,0.46442354163307875,0.8764321135054143,1.1393354000625542,1.150485016364743,1.185622471516818,1.1954440565348678,1.0896062349436912,0.9266028437310069,0.7957254382655716,0.8527843317997732,0.3469151319454915,0.0,0.0,0.0,0.0,0.0,0.0,0.0
Simulation,635,0.0,0.0,0.0,0.0,0.0,0.0,0.12372143781585901,0.5498987148190453,0.8578320223138414,0.8946580390716513,1.0356873471746062,1.1893348288333736,1.288733447710564,1.1608434095093907,0.9161708136892031,0.6824413260190609,0.3401828695917506,0.0,0.0,0.0,0.0,0.0,0.0,0.0
Simulation,636,0.0,0.0,0.0,0.0,0.0,0.0,0.09695164889647429,0.1647748435388725,0.30184418232124444,0.43487063872051535,0.637340439540588,0.7325684685631122,0.7945167446226226,0.69638193290407,0.5724238847069467,0.39665444642283365,0.2984195463277211,0.0,0.0,0.0,0.0,0.0,0.0,0.0
Simulation,637,0.0,0.0,0.0,0.0,0.0,0.0,1.200155121721595,1.3251468023228676,1.236133490929522,1.4294897775007631,1.4677086430734,1.6162482863686005,1.752585066521037,1.693137098838287,1.6921582514215587,1.5661893724337226,0.32630990924204106,0.0,0.0,0.0,0.0,0.0,0.0,0.0
Simulation,638,0.0,0.0,0.0,0.0,0.0,0.0,0.5663724781702044,0.7898979457770359,0.8405806580548455,0.5728014614503772,0.6981740654154864,0.749174746882239,0.8400191752190275,0.7029069716489025,0.5515787600209507,0.3071046331977474,0.24140100228330236,0.0,0.0,0.0,0.0,0.0,0.0,0.0
Simulation,639,0.0,0.0,0.0,0.0,0.0,0.0,0.39006298486588215,0.678847891552385,0.9038815845936643,0.9381339132375007,0.8764820540057177,0.65191340687858,0.18351917576747123,0.15306897780006212,0.11914238997100846,0.09929926858906213,0.2365647118039215,0.0,0.0,0.0,0.0,0.0,0.0,0.0
Simulation,640,0.0,0.0,0.0,0.0,0.0,0.0,1.2296838686365856,0.9974867682545268,1.055621542947191,1.241456573546134,1.182557335702286,1.0035511108857873,0.6830210172921305,0.6417917909600083,0.7691839368167183,0.9517160471579234,0.2535624000357321,0.0,0.0,0.0,0.0,0.0,0.0,0.0
Simulation,641,0.0,0.0,0.0,0.0,0.0,0.0,0.0,0.0,0.03249567152228905,0.04890510654204361,0.08617175753513084,0.14740649622996527,0.48489784458776114,0.48491503623003607,0.5090787781914257,0.5140122736049166,0.3245629559531098,0.0,0.0,0.0,0.0,0.0,0.0,0.0
Simulation,642,0.0,0.0,0.0,0.0,0.0,0.0,0.42824039758388877,0.7285980511357273,0.8432729775738546,1.0448552947039504,1.2458668715971648,1.3631213884804656,1.2481832276905318,1.1188108348989454,1.0844338327637852,1.1429137569545915,0.3403670929143792,0.0,0.0,0.0,0.0,0.0,0.0,0.0
Simulation,643,0.0,0.0,0.0,0.0,0.0,0.0,0.47424244187499387,1.1692896084822981,1.427442443348566,1.6801515197198171,1.42974123768147,1.3349311252207148,1.2725663038966064,1.2036896308646554,1.2311436981373887,0.9279815889889691,0.29421723996403704,0.0,0.0,0.0,0.0,0.0,0.0,0.0
Simulation,644,0.0,0.0,0.0,0.0,0.0,0.0,0.2954201630616677,0.5934316143063663,0.6400403770879645,0.32563569485782184,0.4427619041823063,0.6891282285109146,1.000767083648772,0.9671694273773278,0.768540555769235,0.40695997286016333,0.27184809040395963,0.0,0.0,0.0,0.0,0.0,0.0,0.0
Simulation,645,0.0,0.0,0.0,0.0,0.0,0.0,0.45069377776952285,0.7934543103170111,1.0048115173888494,0.953399655763025,0.9357336386222901,0.8459316228344484,0.6107269155985786,0.4058514951986091,0.27461351918732974,0.07844158315030436,0.2365647118039215,0.0,0.0,0.0,0.0,0.0,0.0,0.0
Simulation,646,0.0,0.0,0.0,0.0,0.0,0.0,0.6591302805242691,1.340205349855466,1.5721687271813252,1.6833011899227914,1.3769500056827135,1.1802697330546377,0.8777270247867063,0.8733723320923208,0.9489453181915938,1.1999396538716196,0.317303250174576,0.0,0.0,0.0,0.0,0.0,0.0,0.0
Simulation,647,0.0,0.0,0.0,0.0,0.0,0.0,0.7211883829388068,1.1169425895527638,1.172578881029381,0.5435292989587612,0.22139191376413903,0.1336877444676654,0.2468239276376658,0.3103954863406109,0.3044551362038287,0.21561669932959554,0.23719921291896154,0.0,0.0,0.0,0.0,0.0,0.0,0.0
Simulation,648,0.0,0.0,0.0,0.0,0.0,0.0,0.7654663567347533,1.3345122023878364,1.3684033791199297,1.1996215805786428,1.242267359811997,1.3344795073906424,1.2386998575687458,1.0343577447659524,0.7699518382929021,0.5324820212823047,0.3247294042585629,0.0,0.0,0.0,0.0,0.0,0.0,0.0
Simulation,649,0.0,0.0,0.0,0.0,0.0,0.0,0.2636232789212246,0.5020648228753908,0.6308708172487764,0.32131954559042686,0.47214162527098896,0.48719029125851804,0.22594434209760184,0.158878436262766,0.10199071960157924,0.19261947848344835,0.23827264388531705,0.0,0.0,0.0,0.0,0.0,0.0,0.0
Simulation,650,0.0,0.0,0.0,0.0,0.0,0.0,1.000456577143586,0.9090984859748907,0.8146812214922019,0.4973614096272097,0.7983226174324405,0.8801256984643838,0.5297443611202135,0.2794513534313795,0.28442003904984414,0.5924279957702909,0.3397679933438913,0.0,0.0,0.0,0.0,0.0,0.0,0.0
Simulation,651,0.0,0.0,0.0,0.0,0.0,0.0,0.3890319208092058,0.8228040254425747,0.9918469640216527,0.8997409828367491,0.9803716958172581,1.0524987784233097,1.1253089613753295,1.0913016100920685,1.0368461886421352,0.964847442239885,0.3380334545580523,0.0,0.0,0.0,0.0,0.0,0.0,0.0
Simulation,652,0.0,0.0,0.0,0.0,0.0,0.0,0.5944655357863038,0.8047443466094321,0.8679708395771148,0.7015965704182715,0.7977903315727704,0.7774134610538429,0.7154105398267292,0.591245874819612,0.5564128670636537,0.5346013231529642,0.2458269010099311,0.0,0.0,0.0,0.0,0.0,0.0,0.0
Simulation,653,0.0,0.0,0.0,0.0,0.0,0.0,0.2941858083430687,0.4470814400270886,0.5515762205886271,0.3185197427133589,0.22050439319903126,0.14697693226060715,0.1897030817275588,0.3681241339145905,0.6136596114981273,0.931374977378466,0.30802457461460764,0.0,0.0,0.0,0.0,0.0,0.0,0.0
Simulation,654,0.0,0.0,0.0,0.0,0.0,0.0,0.12984973865863508,0.22657317885231465,0.2634844452288525,0.2120254952419659,0.42576416590917143,0.6712793535379448,0.9770122446312022,0.8811139216443191,0.6309083964786057,0.22010406188403236,0.2367647118039214,0.0,0.0,0.0,0.0,0.0,0.0,0.0
Simulation,655,0.0,0.0,0.0,0.0,0.0,0.0,1.123846506430024,1.4172619542857194,1.6413497762492462,1.7735300968970407,1.8508964193541548,1.85866551567575,1.6132965850512893,1.3780942119400943,1.272762241173945,1.1536985468799033,0.2863917167220851,0.0,0.0,0.0,0.0,0.0,0.0,0.0
Simulation,656,0.0,0.0,0.0,0.0,0.0,0.0,0.25286790310878426,0.5203844233573964,0.9392490365750802,1.677159459646501,1.6261025980848811,1.5172834855417376,1.1866381780320179,1.0327708185819704,0.8602613126771322,0.5622692659684263,0.23749232966402029,0.0,0.0,0.0,0.0,0.0,0.0,0.0
Simulation,657,0.0,0.0,0.0,0.0,0.0,0.0,0.3892243785957884,0.6508416722475786,0.8684259060047029,0.9188575888341793,0.95077852691463,0.8468518954848042,0.5771598843555161,0.441530311701678,0.4998652980524793,0.6962415764545039,0.29193074791080775,0.0,0.0,0.0,0.0,0.0,0.0,0.0
Simulation,658,0.0,0.0,0.0,0.0,0.0,0.0,0.9072981077134772,0.7971345040261031,0.7213223990473125,0.45747494409363604,0.5999920120999281,0.6893914215529429,0.8788263606168135,0.8707673268596339,0.8624647056472198,1.0357840075005915,0.3567685367328714,0.0,0.0,0.0,0.0,0.0,0.0,0.0
Simulation,659,0.0,0.0,0.0,0.0,0.0,0.0,0.07648078725806945,0.03128352611121399,0.14671126969932102,0.4976130368894734,0.8278719983936265,0.8890090677413467,0.5307414466745342,0.3038352438412095,0.2738968897681914,0.33322494147588955,0.2531661800001474,0.0,0.0,0.0,0.0,0.0,0.0,0.0
Simulation,660,0.0,0.0,0.0,0.0,0.0,0.0,0.2733232190027072,0.6093585371431184,0.8417933273481638,0.9794483443246466,1.1106150110644872,1.088422907766883,0.7642347341384831,0.5856273703745234,0.5658843607834694,0.6537030166268714,0.30409164002916195,0.0,0.0,0.0,0.0,0.0,0.0,0.0
Simulation,661,0.0,0.0,0.0,0.0,0.0,0.0,0.5105707402399997,0.47240780361840057,0.5897174015834218,0.7437581988272316,0.8294548184046103,0.862653766210359,1.0712722876384788,1.023030667631379,0.9075600915934348,0.6338440651402331,0.23736471182108823,0.0,0.0,0.0,0.0,0.0,0.0,0.0
Simulation,662,0.0,0.0,0.0,0.0,0.0,0.0,0.055377114935860505,0.4250529087133593,0.7566079000243746,0.6580897106836546,0.8156409201721101,0.9573892063214264,1.0292477711806547,0.9883404473891628,0.8864298458749891,0.9621119636387082,0.4156903649270013,0.0,0.0,0.0,0.0,0.0,0.0,0.0
Simulation,663,0.0,0.0,0.0,0.0,0.0,0.0,0.8725400529731602,0.773046724685705,0.6220946040254779,0.23584393563354067,0.3718335621238861,0.49375675593618024,0.7648240903440093,0.8480872384298107,0.999839278436339,1.5263733230114005,0.41293669859470944,0.0,0.0,0.0,0.0,0.0,0.0,0.0
Simulation,664,0.0,0.0,0.0,0.0,0.0,0.0,0.24380977271992918,0.6512361918255752,0.9707725125872779,1.020240004763076,0.7245626041281783,0.4448982353005747,0.6900073267053988,0.9562357949698272,1.3208436143237,1.632429750781446,0.41538771649376316,0.0,0.0,0.0,0.0,0.0,0.0,0.0
Simulation,665,0.0,0.0,0.0,0.0,0.0,0.0,0.24360504081257975,0.38233228603736424,0.6896085247336448,1.1651604979815011,1.0685187051230078,0.8910665953019835,0.8922504042869301,1.0702018438653673,1.4365618707387107,1.5830912863511188,0.3336469047972683,0.0,0.0,0.0,0.0,0.0,0.0,0.0
Simulation,666,0.0,0.0,0.0,0.0,0.0,0.0,1.0836246786805028,0.6832405122372115,0.43708747797285613,0.14658906564653496,0.28238408619788025,0.446216611107879,0.7520528501321843,0.7033579185122937,0.7668346197195052,1.057374102656448,0.3567193442279188,0.0,0.0,0.0,0.0,0.0,0.0,0.0
Simulation,667,0.0,0.0,0.0,0.0,0.0,0.0,0.9597278598265935,1.3065357440097474,1.261930083311825,1.2695096835024742,1.3649171566816714,1.3806009291800438,1.1804619436003043,1.098638671930181,1.128837791566419,1.2350424980323251,0.2869022080281881,0.0,0.0,0.0,0.0,0.0,0.0,0.0
Simulation,668,0.0,0.0,0.0,0.0,0.0,0.0,0.1592562487745342,0.2131557562825933,0.2176532852843941,0.13962929991151285,0.18386606406018957,0.23524496127386196,0.6172210857963746,0.6807014496117167,0.7259045956696932,0.7551424606283578,0.32627809121014895,0.0,0.0,0.0,0.0,0.0,0.0,0.0
Simulation,669,0.0,0.0,0.0,0.0,0.0,0.0,0.265284856384125,0.7514372907616168,1.0143664738334968,0.8969401232220898,0.9512814001301513,0.9709646966601828,0.8396742658544423,0.6274102013206423,0.4472417942763429,0.3613839929319371,0.3140528171861645,0.0,0.0,0.0,0.0,0.0,0.0,0.0
Simulation,670,0.0,0.0,0.0,0.0,0.0,0.0,0.6605631397296821,0.8353494810485496,0.899378517907918,0.8321420673715525,0.8608719885586754,0.921428463225196,1.2430508715904613,1.4021577266069594,1.5767189108396877,1.6327069326954904,0.4093309855546108,0.0,0.0,0.0,0.0,0.0,0.0,0.0
Simulation,671,0.0,0.0,0.0,0.0,0.0,0.0,0.3728642201674825,0.7052501594973173,0.8298679486260753,0.6375355173776098,0.6504518185933807,0.701222019449063,0.9591116122651295,0.9472077779504788,0.8552426264343045,0.711527976158185,0.304286427259067,0.0,0.0,0.0,0.0,0.0,0.0,0.0
Simulation,672,0.0,0.0,0.0,0.0,0.0,0.0,0.23219704646647546,0.7942714884265251,1.122313007310465,1.2919781269351573,1.3494934524037676,1.5573718138395352,1.768684187202293,1.7163121106279267,1.629546555426642,1.1037963159772044,0.3363524630192419,0.0,0.0,0.0,0.0,0.0,0.0,0.0
Simulation,673,0.0,0.0,0.0,0.0,0.0,0.0,0.9377643122515027,0.8563079611458893,0.9032242827549444,1.0291946350093215,1.1572056258882342,1.2562105075975658,1.465617373443974,1.3956006057580819,1.2821267566985828,0.9042432551359275,0.2666200038140982,0.0,0.0,0.0,0.0,0.0,0.0,0.0
Simulation,674,0.0,0.0,0.0,0.0,0.0,0.0,0.6367794349583257,0.7929970648934949,1.0018009167397315,1.3342111138190786,1.4483714422632419,1.4577357245719689,1.2082776351691928,1.0380701478391783,0.9329826121592246,0.8762728712804725,0.2982238470666445,0.0,0.0,0.0,0.0,0.0,0.0,0.0
Simulation,675,0.0,0.0,0.0,0.0,0.0,0.0,0.1727015811667901,0.1591586652664878,0.3154251523353372,0.7097488315332623,0.9079652958606191,0.919089595619258,0.7861568406935693,0.6406976871799728,0.5869436948979532,0.5601599262155599,0.2452511614041771,0.0,0.0,0.0,0.0,0.0,0.0,0.0
Simulation,676,0.0,0.0,0.0,0.0,0.0,0.0,0.2643972395038887,0.6376005103443556,0.9231831146321562,0.9114365925833914,0.8212485513507243,0.6659949018303146,0.4837244767208831,0.3742588995176494,0.30964246002392376,0.21020892842266442,0.2367647118039214,0.0,0.0,0.0,0.0,0.0,0.0,0.0
Simulation,677,0.0,0.0,0.0,0.0,0.0,0.0,0.12565652437114155,0.5933528813062398,0.9948906841989043,1.1641710858316339,1.0261737428717455,0.957388732564401,1.212814498058037,1.2249341093825286,1.1482518367191046,0.5911746695022264,0.23736471181292707,0.0,0.0,0.0,0.0,0.0,0.0,0.0
Simulation,678,0.0,0.0,0.0,0.0,0.0,0.0,0.25634473016634735,0.43335636009448303,0.4780755888055651,0.14212288223674885,0.22530564556883081,0.4227989007140859,0.6485161893840101,0.4804429543297181,0.32913052311570146,0.2082514194887211,0.2621000921519662,0.0,0.0,0.0,0.0,0.0,0.0,0.0
Simulation,679,0.0,0.0,0.0,0.0,0.0,0.0,1.3304300880069144,1.5757311576845079,1.6382870761760424,1.7124228689996712,1.7665861480209875,1.7968394007805981,1.760001208777983,1.6714452619444824,1.5381901983933537,0.9827141595029659,0.3135174079063651,0.0,0.0,0.0,0.0,0.0,0.0,0.0
Simulation,680,0.0,0.0,0.0,0.0,0.0,0.0,0.3317195150719494,0.6084917349728525,0.7274405054635665,0.6595270419183433,0.8874519619449625,1.0038513522207777,0.8866828346806148,0.6829215219441671,0.5281411921475545,0.4026909878818784,0.26036125422690237,0.0,0.0,0.0,0.0,0.0,0.0,0.0
Simulation,681,0.0,0.0,0.0,0.0,0.0,0.0,0.4796614635766245,0.6379899812107008,0.661450702403557,0.3699959181080226,0.3960758151511864,0.4507489379576018,0.8604167337900179,0.918454500496058,0.9329798516456307,0.9313111852325261,0.32684739569463217,0.0,0.0,0.0,0.0,0.0,0.0,0.0
Simulation,682,0.0,0.0,0.0,0.0,0.0,0.0,0.44430361754960956,0.6320860396657176,0.8407495160803338,0.9589764484022764,1.001714999635407,0.8888625747091228,0.548499052488859,0.4036475793678595,0.4811217844423745,0.6353303397267097,0.3140584635948542,0.0,0.0,0.0,0.0,0.0,0.0,0.0
Simulation,683,0.0,0.0,0.0,0.0,0.0,0.0,1.023177409454568,1.3428978314729827,1.3286240810608008,0.9554380933591017,0.6964852789381991,0.49350780948327716,0.7293865417609874,0.8024269881453443,0.7774383258973621,0.6353589811095284,0.24515305927538922,0.0,0.0,0.0,0.0,0.0,0.0,0.0
Simulation,684,0.0,0.0,0.0,0.0,0.0,0.0,0.17166912155933042,0.6075275135718327,0.8586047527686833,0.670967705177951,0.6912080553181466,0.6527253630555249,0.6096759490539685,0.47496675375863445,0.37448045935480695,0.26436998630265224,0.23844746359149258,0.0,0.0,0.0,0.0,0.0,0.0,0.0
Simulation,685,0.0,0.0,0.0,0.0,0.0,0.0,1.0569132988674967,1.2940240702556758,1.2948645475758402,1.3321104642362511,1.257779438435982,1.2443089334758128,1.3048760851390695,1.2281589504750727,1.0809095667236306,0.4830636091777103,0.2365647118039215,0.0,0.0,0.0,0.0,0.0,0.0,0.0
Simulation,686,0.0,0.0,0.0,0.0,0.0,0.0,0.4291416385917721,1.0376926589535356,1.083994217948878,0.6306931440239009,0.6442032579957806,0.7713179423727852,1.2086666496214606,1.39769955628513,1.5542761803244454,1.5995833528324435,0.4152414893064359,0.0,0.0,0.0,0.0,0.0,0.0,0.0
Simulation,687,0.0,0.0,0.0,0.0,0.0,0.0,0.8192727906500926,0.9480088793274212,0.919119136155197,0.4848019403912679,0.39740017044032827,0.2730250947153865,0.24682823657515474,0.3445196525464653,0.5538647491323955,0.9789325263071706,0.34850728945291226,0.0,0.0,0.0,0.0,0.0,0.0,0.0
Simulation,688,0.0,0.0,0.0,0.0,0.0,0.0,0.778367899249967,1.3423851682811705,1.3971055108568717,1.1276302153286637,0.9128813937952974,0.8495008484709478,1.2330049619201973,1.350875030683276,1.3018221289510128,0.8674631169659544,0.2749134468431231,0.0,0.0,0.0,0.0,0.0,0.0,0.0
Simulation,689,0.0,0.0,0.0,0.0,0.0,0.0,0.09318434998393854,0.15200092161299672,0.21282679177594988,0.050873011604730234,0.03185543629072474,0.0444919765411903,0.17450625876931536,0.29686594158971047,0.3518273432899534,0.36291344331380354,0.24350021641451167,0.0,0.0,0.0,0.0,0.0,0.0,0.0
Simulation,690,0.0,0.0,0.0,0.0,0.0,0.0,0.29202572249669256,0.3854127751735275,0.6307834131431851,1.1253016926218185,1.3900616250862183,1.5299874688135986,1.283343927277494,1.123303680751599,1.083254572189984,1.1137602147295762,0.3526952076305133,0.0,0.0,0.0,0.0,0.0,0.0,0.0
Simulation,691,0.0,0.0,0.0,0.0,0.0,0.0,0.14574073276189248,0.46454378935289414,0.6419232187370061,0.5252032542167622,0.8030260871646676,0.9922331387179328,1.0197939216858518,0.8956270924562342,0.7668926608406599,0.7170342661560606,0.32046700333224526,0.0,0.0,0.0,0.0,0.0,0.0,0.0
Simulation,692,0.0,0.0,0.0,0.0,0.0,0.0,1.052932954029455,1.579815477228175,1.7374600868387056,1.4868139138898195,1.3372153443880057,1.245261900370323,0.7930565772499168,0.5072310490616316,0.3933112293629907,0.4739552333558765,0.2833664080164285,0.0,0.0,0.0,0.0,0.0,0.0,0.0
Simulation,693,0.0,0.0,0.0,0.0,0.0,0.0,1.0732759324854113,0.537172038733539,0.47006282247941805,1.1045894622811236,1.611799762587629,1.7894942117220491,1.5616677552271443,1.3417181057558523,1.4024424985626882,1.6147815061833448,0.3612316999757428,0.0,0.0,0.0,0.0,0.0,0.0,0.0
Simulation,694,0.0,0.0,0.0,0.0,0.0,0.0,0.3726318641419129,0.22341824041958402,0.21233469720317577,0.3275589346224864,0.6129352666577805,0.7098364723703263,0.7853588207217066,0.7066961561199572,0.7192318951226134,0.7330265876408844,0.24963641674476808,0.0,0.0,0.0,0.0,0.0,0.0,0.0
Simulation,695,0.0,0.0,0.0,0.0,0.0,0.0,0.41868774907843775,0.5114820696870161,0.6290218843253137,0.51611408649164,0.48432755995490634,0.3743447184624148,0.38900300224259343,0.38151770758703746,0.453591027447218,0.5354014001297389,0.24345624401150318,0.0,0.0,0.0,0.0,0.0,0.0,0.0
Simulation,696,0.0,0.0,0.0,0.0,0.0,0.0,0.3794707728463172,0.6169908188583231,0.634359274717013,0.3104076940220023,0.27073504449744,0.2759358536708896,0.4851060300685812,0.6096452794293964,0.7921866899983581,1.2358018236407642,0.39786744354295733,0.0,0.0,0.0,0.0,0.0,0.0,0.0
Simulation,697,0.0,0.0,0.0,0.0,0.0,0.0,0.5101932472859104,1.5821356645843205,1.7816095673548693,1.2589826009825476,1.007511257579368,0.9262475255053336,1.0735369339035004,1.081849654549409,0.9753106713059239,0.7582298214174441,0.3351271331372824,0.0,0.0,0.0,0.0,0.0,0.0,0.0
Simulation,698,0.0,0.0,0.0,0.0,0.0,0.0,0.45044721798854614,0.47703970653038913,0.5126830706154548,0.6306350253032276,1.0029941508099187,1.1383508279108452,0.8619530644459181,0.6648670834080755,0.5995183551416159,0.7623897957028178,0.31407227630907336,0.0,0.0,0.0,0.0,0.0,0.0,0.0
Simulation,699,0.0,0.0,0.0,0.0,0.0,0.0,0.18148650262087032,0.32422381055623045,0.5065584453290362,0.5736286482305668,0.7645628103692922,0.7816832501880445,0.6418313435743592,0.45343776000693303,0.3545605872872173,0.24837188239253866,0.2365647118039215,0.0,0.0,0.0,0.0,0.0,0.0,0.0
Simulation,700,0.0,0.0,0.0,0.0,0.0,0.0,0.1900713765700478,0.5341945484128996,0.8567127765438027,1.0144358063467267,1.0036975909612407,0.9678955738324918,0.9990778970931743,0.932170943019544,0.7957188345351428,0.6023420532771087,0.27696471257713035,0.0,0.0,0.0,0.0,0.0,0.0,0.0
Simulation,701,0.0,0.0,0.0,0.0,0.0,0.0,0.7446489075572664,0.9134558984433577,0.918941077784806,0.48546163337473336,0.47869376644040346,0.46412457960396286,0.5887676462836287,0.5164570838793348,0.5664283643395274,0.7120136616984972,0.29804853386559,0.0,0.0,0.0,0.0,0.0,0.0,0.0
Simulation,702,0.0,0.0,0.0,0.0,0.0,0.0,0.16018326367497618,0.44925086057868274,0.7914584933447792,0.9359207058930038,1.018564622420242,1.014045085624516,0.9188536989592655,0.8014894669714883,0.6891510665998714,0.5952328782699258,0.2610878392904753,0.0,0.0,0.0,0.0,0.0,0.0,0.0
Simulation,703,0.0,0.0,0.0,0.0,0.0,0.0,0.5520736997794452,0.6197114081912529,0.7170352228833465,0.7249126050792888,0.8016985872859264,0.7109655737442672,0.5267872550155002,0.42841849925247183,0.528141192436587,0.7182945759778823,0.24575310245957033,0.0,0.0,0.0,0.0,0.0,0.0,0.0
Simulation,704,0.0,0.0,0.0,0.0,0.0,0.0,0.6743825983735744,0.6364237961711219,0.6964847310013351,0.8369025907212968,1.1433549127588674,1.1821351510105573,0.8168330873390283,0.608839216814525,0.6675307155836959,1.1886865969581728,0.35605705240193475,0.0,0.0,0.0,0.0,0.0,0.0,0.0
Simulation,705,0.0,0.0,0.0,0.0,0.0,0.0,0.47016616938539957,0.8763649745995209,1.0351692614865438,0.9000471013148075,0.9134808946943934,0.8890753189365608,0.7331075098385091,0.6214280359126486,0.5849675899392363,0.5888609788839558,0.2853653777587264,0.0,0.0,0.0,0.0,0.0,0.0,0.0
Simulation,706,0.0,0.0,0.0,0.0,0.0,0.0,0.30518676819569857,0.8303907630623798,1.1368889964933757,1.0677177360011805,1.1507902569320512,1.1645444846843818,0.8812790716613015,0.6081087308005065,0.3579726041858902,0.1998242673642684,0.23707223901899477,0.0,0.0,0.0,0.0,0.0,0.0,0.0
Simulation,707,0.0,0.0,0.0,0.0,0.0,0.0,0.22438922358255872,0.5337521609043638,0.6882368052144809,0.31058725293271394,0.32874878317491063,0.3153397958245697,0.18668199255794016,0.17680892091473643,0.18992900619193254,0.345234020313627,0.3047806459886702,0.0,0.0,0.0,0.0,0.0,0.0,0.0
Simulation,708,0.0,0.0,0.0,0.0,0.0,0.0,0.143814778917989,0.8134875458707571,1.176533400813361,1.1422731687536203,1.1156659908843785,1.0733610519292567,0.9512982954422413,0.865941942188591,0.7632841437993465,0.7527538894116812,0.331761617551955,0.0,0.0,0.0,0.0,0.0,0.0,0.0
Simulation,709,0.0,0.0,0.0,0.0,0.0,0.0,0.47630103617551456,0.6799952399893897,0.6220832617906145,0.13953614218922072,0.12934043007264595,0.12735930327607592,0.22966516756893918,0.3250981969217633,0.41624627674026166,0.531299784181448,0.2371978205860209,0.0,0.0,0.0,0.0,0.0,0.0,0.0
Simulation,710,0.0,0.0,0.0,0.0,0.0,0.0,0.7363385478521867,0.6117292313804877,0.5125216463533403,0.3468187694424025,0.576419047725599,0.6548010869295493,0.660867216086171,0.4754652891913374,0.3919141476800266,0.26288844720668775,0.2365647118039215,0.0,0.0,0.0,0.0,0.0,0.0,0.0
Simulation,711,0.0,0.0,0.0,0.0,0.0,0.0,0.10113697649567638,0.4773980021493322,0.8125438364458218,0.834959719923295,0.8684284615306541,0.9094160545280333,0.9776376486094726,0.8908340048923427,0.7455866135670269,0.5222071933922318,0.3038219976935319,0.0,0.0,0.0,0.0,0.0,0.0,0.0
Simulation,712,0.0,0.0,0.0,0.0,0.0,0.0,0.5212861917714475,0.9127120236397921,1.1066040039449327,1.0775680710035913,1.150825691474353,1.1613068280376828,1.0030560920660716,0.8548612079333922,0.6890704826893327,0.5569125212410452,0.24589578076018007,0.0,0.0,0.0,0.0,0.0,0.0,0.0
Simulation,713,0.0,0.0,0.0,0.0,0.0,0.0,0.8641232668579517,0.41966954226473524,0.37245709805419913,0.47770579135101127,0.754133497332086,0.8158515430058021,0.6302534750297926,0.405094855722273,0.4036561749846505,0.6353919509477947,0.3145314184221738,0.0,0.0,0.0,0.0,0.0,0.0,0.0
Simulation,714,0.0,0.0,0.0,0.0,0.0,0.0,0.9933608838422684,0.7619718486809506,0.7000925993758124,0.4972378589330283,0.7204092614923971,0.8196808812935931,0.7331533270300765,0.4534491304634322,0.2941291886063517,0.16897811988000389,0.2365647118039215,0.0,0.0,0.0,0.0,0.0,0.0,0.0
Simulation,715,0.0,0.0,0.0,0.0,0.0,0.0,0.5801516943499996,1.3429294371532987,1.6415893197834848,1.7151910963243435,1.6493297013252792,1.5332940351580606,1.2591304030699817,1.1390571404357894,1.0897913116350941,1.0675940368648265,0.3501314495481756,0.0,0.0,0.0,0.0,0.0,0.0,0.0
Simulation,716,0.0,0.0,0.0,0.0,0.0,0.0,0.08623226391552224,0.029601410135317363,0.12171214516255946,0.48808389114575373,0.7549318822180595,0.8427184816847891,0.8167715418832995,0.7505589595455477,0.7285209128102806,0.69665759061381,0.2508900970372182,0.0,0.0,0.0,0.0,0.0,0.0,0.0
Simulation,717,0.0,0.0,0.0,0.0,0.0,0.0,0.7573256470728121,0.9292857947091175,0.9825766744733561,0.9703764250636676,0.9541512645408602,0.9707317718689489,1.3127993884875047,1.5871094073753085,1.6403985037518005,1.661774789863423,0.3721894973305435,0.0,0.0,0.0,0.0,0.0,0.0,0.0
Simulation,718,0.0,0.0,0.0,0.0,0.0,0.0,0.8036981475886632,0.96855387545789,0.9150286771322391,0.3178026777975229,0.28976301661943604,0.4067050567930076,0.6167210950213655,0.5738148678625299,0.5524436620163701,0.5841196743316107,0.31171421299196256,0.0,0.0,0.0,0.0,0.0,0.0,0.0
Simulation,719,0.0,0.0,0.0,0.0,0.0,0.0,0.34937213214170854,0.668392848344426,0.7924224523350418,0.5971886102752473,0.6731641144121319,0.6866297238464221,0.6681199147853926,0.5857324625580413,0.5577244327791624,0.5355472488345531,0.2705651685151378,0.0,0.0,0.0,0.0,0.0,0.0,0.0
Simulation,720,0.0,0.0,0.0,0.0,0.0,0.0,0.3076344949750533,0.3394401272436234,0.38138627332832775,0.3646893354239366,0.7093193865462993,0.9678136042417993,1.2062233324093923,1.0544065486426228,0.8335781572891515,0.6314370175513111,0.31167293643532734,0.0,0.0,0.0,0.0,0.0,0.0,0.0
Simulation,721,0.0,0.0,0.0,0.0,0.0,0.0,0.09323369657362374,0.4257593551157271,0.9071628588920494,1.4130726534880313,1.5035690274242652,1.459388992627955,0.9409885525461159,0.6633446099678012,0.4308586930859378,0.25356391039079146,0.2365647118039215,0.0,0.0,0.0,0.0,0.0,0.0,0.0
Simulation,722,0.0,0.0,0.0,0.0,0.0,0.0,0.6329421206757806,0.7406451795037177,0.7117343690442823,0.33030360506018186,0.5471328604688114,0.6262925355524656,0.26271013268603827,0.1646465760249226,0.13295128682939106,0.3607586149186977,0.3198844261237971,0.0,0.0,0.0,0.0,0.0,0.0,0.0
Simulation,723,0.0,0.0,0.0,0.0,0.0,0.0,0.23147454313324708,1.3615547973608346,1.7824356668142984,1.6840397453187608,1.1427735933190106,0.8186121217208494,0.7713615573451164,0.8726953508923891,0.8171994721934372,0.5650640186783245,0.2424823870696252,0.0,0.0,0.0,0.0,0.0,0.0,0.0
Simulation,724,0.0,0.0,0.0,0.0,0.0,0.0,0.5278909268195527,0.3824291282107359,0.2767970724500102,0.17734854200452865,0.26891339417121574,0.35085564593890484,0.5043507281798227,0.3771445504060003,0.3060850463239119,0.18461788361775194,0.2365647118039215,0.0,0.0,0.0,0.0,0.0,0.0,0.0
Simulation,725,0.0,0.0,0.0,0.0,0.0,0.0,0.16076845844884866,0.27630451866937045,0.46263136194650184,0.5053633884900177,0.6260512342353381,0.4930201680694403,0.16926406109136916,0.10969304355578047,0.11372270352664726,0.19298801900982,0.23663049081144047,0.0,0.0,0.0,0.0,0.0,0.0,0.0
Simulation,726,0.0,0.0,0.0,0.0,0.0,0.0,0.12093124758031001,0.42138058590498584,0.6912676763945658,0.6756899514621038,0.7386834274891035,0.8120648669091886,0.952820165457928,0.9508709135623308,0.8883177355912781,0.7596116921049427,0.3010216210139397,0.0,0.0,0.0,0.0,0.0,0.0,0.0
Simulation,727,0.0,0.0,0.0,0.0,0.0,0.0,0.5192219686888568,1.276146808201883,1.4213282941740126,1.2421221993542435,0.9887300719730959,0.8411300140470671,1.0564361942180498,1.1205305360477176,1.0929480162212792,0.7391434434364743,0.2450319466226769,0.0,0.0,0.0,0.0,0.0,0.0,0.0
Simulation,728,0.0,0.0,0.0,0.0,0.0,0.0,0.8229379885336887,0.9964793197944407,1.027259683626276,0.8140033181774942,0.8735424749246159,0.8591754335955115,0.7276042593856629,0.6204038593948051,0.6007267005608667,0.6383541540911787,0.2881499606984185,0.0,0.0,0.0,0.0,0.0,0.0,0.0
Simulation,729,0.0,0.0,0.0,0.0,0.0,0.0,0.5729228750326189,0.6065278491589345,0.7040417826471058,0.7352641257409293,0.7207037483280436,0.6094560545523056,0.5689266492065882,0.5709772774513866,0.718295059658593,0.9313975652890611,0.3116517727642341,0.0,0.0,0.0,0.0,0.0,0.0,0.0
Simulation,730,0.0,0.0,0.0,0.0,0.0,0.0,0.4106153361611648,1.1606728398075865,1.329710609530021,1.0147520000919585,0.8899495931579269,0.9411286027272314,1.2429100155875827,1.1798290197206365,0.9410112646049607,0.5289802948722321,0.2763550130349888,0.0,0.0,0.0,0.0,0.0,0.0,0.0
Simulation,731,0.0,0.0,0.0,0.0,0.0,0.0,1.2297296008034586,1.2554517855036234,1.2247946453061607,1.4379162851905676,1.3248737960962331,1.2564773444337967,1.3311083820372769,1.4932405333993946,1.5874703565059043,1.5122814151627715,0.25316471211483815,0.0,0.0,0.0,0.0,0.0,0.0,0.0
Simulation,732,0.0,0.0,0.0,0.0,0.0,0.0,1.2809866229236957,1.6284775923158632,1.7838996936233227,1.7690349237472875,1.7919933740805951,1.71511600781659,1.4131392541721226,1.2121492330458654,1.0911951918036813,0.7352653688961907,0.2385647118289215,0.0,0.0,0.0,0.0,0.0,0.0,0.0
Simulation,733,0.0,0.0,0.0,0.0,0.0,0.0,0.606918790366627,0.9726118926068963,1.1635214389082833,1.1420463513394488,1.3123756174680348,1.3323170190113023,0.9316944802844442,0.5055987068452578,0.2508602068109903,0.10762697496115725,0.2367647118039214,0.0,0.0,0.0,0.0,0.0,0.0,0.0
Simulation,734,0.0,0.0,0.0,0.0,0.0,0.0,0.47389456932605634,0.6835307538653657,0.8156252965653713,0.9042350020977721,0.9498445655718969,0.8738171890140232,0.6627617461856217,0.5859275095579678,0.6624812446235019,0.7972459544665984,0.253427403142278,0.0,0.0,0.0,0.0,0.0,0.0,0.0
Simulation,735,0.0,0.0,0.0,0.0,0.0,0.0,0.14772947541797976,0.4315782796286379,0.6998899683439389,0.5599206526543763,0.4924813507023223,0.3690522064216506,0.3160677935061994,0.3978102294659289,0.5893304651959148,0.8959474850235549,0.35553281593844255,0.0,0.0,0.0,0.0,0.0,0.0,0.0
Simulation,736,0.0,0.0,0.0,0.0,0.0,0.0,1.2776512478060897,1.2212124765998966,1.123086346969816,0.9315003662258343,1.1421416353458682,1.1853651800495766,0.896316576596903,0.6797382896481537,0.693218394523608,1.1634518509535614,0.410043497145773,0.0,0.0,0.0,0.0,0.0,0.0,0.0
Simulation,737,0.0,0.0,0.0,0.0,0.0,0.0,0.28389251277803057,0.2656548113540223,0.31416200698061114,0.6257012938121597,0.8831232188271202,0.9678529827343694,1.002130351142909,0.8950641485518631,0.7916951610661249,0.6316926488698048,0.23753433015826358,0.0,0.0,0.0,0.0,0.0,0.0,0.0
Simulation,738,0.0,0.0,0.0,0.0,0.0,0.0,0.4819806292020432,0.5687759911194025,0.7521462538223201,0.9588165945579507,1.052310702986784,0.9587284674879335,0.545230844591414,0.30429140766384105,0.21799252075957626,0.14410943838920964,0.2365647118039215,0.0,0.0,0.0,0.0,0.0,0.0,0.0
Simulation,739,0.0,0.0,0.0,0.0,0.0,0.0,0.4516367753263289,1.054011043216928,1.212087074335511,0.8424895994043515,0.6423285650458179,0.5458282896382947,0.7328566864130013,0.7533261011532775,0.6662312380516983,0.3610242755613827,0.2367647118039214,0.0,0.0,0.0,0.0,0.0,0.0,0.0
Simulation,740,0.0,0.0,0.0,0.0,0.0,0.0,0.31378252501912923,0.3269770966029225,0.4617539204979654,0.633976375915235,1.0645836446624297,1.1869896423140518,0.6378980636478131,0.22161155176935587,0.09671746676694204,0.14905254105852972,0.2457575642993131,0.0,0.0,0.0,0.0,0.0,0.0,0.0
Simulation,741,0.0,0.0,0.0,0.0,0.0,0.0,0.24883487799073284,0.3824334798084769,0.5128545053833204,0.4881261450292719,0.4344446084590242,0.4404950232594989,0.7848005051547846,0.849634656465132,0.7468866162953742,0.3317390621324102,0.2365647118039215,0.0,0.0,0.0,0.0,0.0,0.0,0.0
Simulation,742,0.0,0.0,0.0,0.0,0.0,0.0,0.5543757749572388,0.7697451443237249,0.811994004773702,0.6601428575943292,0.928442038482574,1.0381363675745712,0.8143159718524545,0.5699470352812852,0.41407574442789635,0.41654689117400717,0.24804812503596116,0.0,0.0,0.0,0.0,0.0,0.0,0.0
Simulation,743,0.0,0.0,0.0,0.0,0.0,0.0,0.34125948202016027,0.286316170181286,0.21688518378042798,0.18569884094289135,0.19989935748906307,0.2855704916385766,1.002199779653402,1.0968953541505035,1.0122537390213162,0.48388659496002856,0.2365647118039215,0.0,0.0,0.0,0.0,0.0,0.0,0.0
Simulation,744,0.0,0.0,0.0,0.0,0.0,0.0,0.41587065350137664,1.3275698469722883,1.5113009196231226,0.9330138114333122,0.6288930049573906,0.23578113151120272,0.057256085243810095,0.020484064493765386,0.08123251255208275,0.40747200458700555,0.31378854638020726,0.0,0.0,0.0,0.0,0.0,0.0,0.0
Simulation,745,0.0,0.0,0.0,0.0,0.0,0.0,0.45205310335979476,0.765791565001011,0.8674042338401973,0.6343088331821541,0.6493120739753789,0.6423595730752434,0.6851899363311216,0.6517818512639604,0.622635084855812,0.591036104080995,0.2856075808301977,0.0,0.0,0.0,0.0,0.0,0.0,0.0
Simulation,746,0.0,0.0,0.0,0.0,0.0,0.0,0.01575223629044309,0.02934519931962709,0.11423905527946354,0.06855382264776833,0.18234994135593596,0.24033851744084922,0.23342145194192854,0.1949290906415685,0.18118279776653723,0.2910103466271774,0.31177166973828685,0.0,0.0,0.0,0.0,0.0,0.0,0.0
Simulation,747,0.0,0.0,0.0,0.0,0.0,0.0,0.6513169599837432,0.9341010023025743,1.0611734321696316,1.0437063541479674,0.9959275401446271,0.8741257938302416,0.7276569246055458,0.7274774635314516,0.8436368357051012,1.2705779694182688,0.3665541430092685,0.0,0.0,0.0,0.0,0.0,0.0,0.0
Simulation,748,0.0,0.0,0.0,0.0,0.0,0.0,0.5261800324608481,0.6073753559527306,0.6416804416837842,0.43206511182964635,0.6037681685476668,0.6361394602747281,0.4471293079966969,0.3013781654769021,0.26486275048857416,0.29088802293979,0.2464401485712609,0.0,0.0,0.0,0.0,0.0,0.0,0.0
Simulation,749,0.0,0.0,0.0,0.0,0.0,0.0,0.29552002347615464,0.455961131019901,0.48636298804992323,0.20398122024044463,0.4160286473517091,0.6600323050831749,0.9841165331047759,0.8821387283435077,0.7227437488240324,0.5761256783947222,0.29323109238780704,0.0,0.0,0.0,0.0,0.0,0.0,0.0
Simulation,750,0.0,0.0,0.0,0.0,0.0,0.0,0.32102552207464424,0.7474017338672053,0.9310032170171992,0.7476958749609405,0.9124953378151385,0.9577275530596714,0.664859990378406,0.3980916819420579,0.31140748825421805,0.4511139418026686,0.3317121726491763,0.0,0.0,0.0,0.0,0.0,0.0,0.0
Simulation,751,0.0,0.0,0.0,0.0,0.0,0.0,0.08779726028896234,0.3824047825860198,0.9320357251435866,1.6795265456977178,1.5746120701642645,1.3936915561391106,1.116679423604619,1.0552018161408747,1.0951971199082404,1.1106956681820115,0.30230075127964856,0.0,0.0,0.0,0.0,0.0,0.0,0.0
Simulation,752,0.0,0.0,0.0,0.0,0.0,0.0,0.5508254116884342,1.1213945871216369,1.3354060201776696,1.2416064422112414,1.0508307808194572,0.8466436261614199,0.6714577037674201,0.6144377405595729,0.6202087602964705,0.627248805739739,0.25061202743800537,0.0,0.0,0.0,0.0,0.0,0.0,0.0
Simulation,753,0.0,0.0,0.0,0.0,0.0,0.0,0.9315862548718646,1.3530006687368923,1.4005388968255075,1.4434051062003288,1.312624651459186,1.2152559322185374,1.240496170744667,1.2880533636834293,1.4455490103177295,1.5166796226990242,0.3404294674461227,0.0,0.0,0.0,0.0,0.0,0.0,0.0
Simulation,754,0.0,0.0,0.0,0.0,0.0,0.0,1.2284535734286282,1.2831329810941363,1.1810361926790447,0.7942668313923802,0.7529005931933155,0.5538203759821239,0.11015983367938298,0.042247126981379,0.09387516510966509,0.49639992856695053,0.3014172267666832,0.0,0.0,0.0,0.0,0.0,0.0,0.0
Simulation,755,0.0,0.0,0.0,0.0,0.0,0.0,0.47240000902022883,0.9127238115988081,1.0850713460570205,0.9335407786869936,0.9274624517619928,0.8727377030867464,0.717586839886815,0.6795453434690772,0.7589947305139414,1.0972547112177222,0.4034653402833196,0.0,0.0,0.0,0.0,0.0,0.0,0.0
Simulation,756,0.0,0.0,0.0,0.0,0.0,0.0,0.4202485977131713,0.749743915554772,0.8968660410909417,0.7794031527867401,0.7402679695144367,0.7099494728264624,0.7204267294925546,0.6815447215043935,0.6664781811076583,0.6012081284903613,0.2636370394535813,0.0,0.0,0.0,0.0,0.0,0.0,0.0
Simulation,757,0.0,0.0,0.0,0.0,0.0,0.0,1.118534080073488,1.1412376774923914,1.1381695424488167,0.8944409004290813,0.8225768168948338,0.7686990775128875,1.0093329419452097,1.0479779732052048,1.169772541006395,1.3629169544530708,0.3498127483688839,0.0,0.0,0.0,0.0,0.0,0.0,0.0
Simulation,758,0.0,0.0,0.0,0.0,0.0,0.0,0.14747329027491232,0.5126376926672965,0.7449286326019986,0.5685438841154774,0.5737790754319436,0.5207558515076793,0.5889078903082494,0.5816067129712379,0.6113412858757624,0.6843359422484535,0.3214630380705285,0.0,0.0,0.0,0.0,0.0,0.0,0.0
Simulation,759,0.0,0.0,0.0,0.0,0.0,0.0,0.4430236206326612,0.6216573209221576,0.6897649267295756,0.4880527193455677,0.804477617646145,1.0501513662062332,1.11563762928887,0.8819247883563573,0.6217699031057434,0.4511973771601942,0.31946915491142563,0.0,0.0,0.0,0.0,0.0,0.0,0.0
Simulation,760,0.0,0.0,0.0,0.0,0.0,0.0,0.5830373342355204,0.384284439898723,0.2723073068592552,0.23772477863655173,0.5850576762055064,0.6422769476600091,0.1832447264306578,0.06461255283613221,0.07902587301653508,0.20118350865738344,0.24058052125073234,0.0,0.0,0.0,0.0,0.0,0.0,0.0
Simulation,761,0.0,0.0,0.0,0.0,0.0,0.0,0.2617673301508217,0.477914434351952,0.6314220991021184,0.6426425531673967,0.7190906739212094,0.7746929878276244,0.9664651523942122,0.9726886822013642,0.8907202065587229,0.655708581257515,0.25316471211383107,0.0,0.0,0.0,0.0,0.0,0.0,0.0
Simulation,762,0.0,0.0,0.0,0.0,0.0,0.0,0.41402871172096406,1.1191791681419323,1.3643371092683554,1.4320272693593656,1.316551161776507,1.3264506651657364,1.3349074808609316,1.2649375366877293,1.077351687671317,0.5801218967327735,0.25067299299894225,0.0,0.0,0.0,0.0,0.0,0.0,0.0
Simulation,763,0.0,0.0,0.0,0.0,0.0,0.0,0.15838640964410006,0.7407012034220289,1.0300438658635647,1.149664653921339,1.258258256039038,1.4592811550325049,1.7035609930756022,1.6413379478534869,1.4366077700222994,0.9293654278686383,0.3500667845847905,0.0,0.0,0.0,0.0,0.0,0.0,0.0
Simulation,764,0.0,0.0,0.0,0.0,0.0,0.0,0.15610958266355254,0.41849899107845073,0.7051256717309117,0.9863791846913195,1.2456057355383505,1.4559713877854978,1.4618905155719084,1.2510390146958126,1.1137105858864764,1.0066133452635684,0.3826569212950903,0.0,0.0,0.0,0.0,0.0,0.0,0.0
Simulation,765,0.0,0.0,0.0,0.0,0.0,0.0,0.2947652439156972,0.5761828236989835,0.6627426374866385,0.4366050901199871,0.757122635590423,1.00217902010642,0.9676631905225112,0.7029108561164651,0.43801304809210284,0.26302424477555153,0.27985587247700655,0.0,0.0,0.0,0.0,0.0,0.0,0.0
Simulation,766,0.0,0.0,0.0,0.0,0.0,0.0,1.0318787230810025,0.7410660255386208,0.6672335908949364,0.31686456599669444,0.28916419219306233,0.23407541112448538,0.1754538896911524,0.15607763933211116,0.1810630677848487,0.32360181501978746,0.2454618502800357,0.0,0.0,0.0,0.0,0.0,0.0,0.0
Simulation,767,0.0,0.0,0.0,0.0,0.0,0.0,0.07399245114817099,0.6282438003224282,0.9728825925763195,0.7121992551703462,0.5981474298291813,0.6267680703082493,0.9510399674076684,0.9879653971547118,0.7931415142124126,0.4320651540967909,0.27696471254326893,0.0,0.0,0.0,0.0,0.0,0.0,0.0
Simulation,768,0.0,0.0,0.0,0.0,0.0,0.0,0.7113457419044135,1.051105709168801,1.0680802962753193,0.7708727150152731,0.9391610425670929,1.0397437384567456,0.896013853312019,0.7645047824515412,0.7388160423038079,0.9870063829880789,0.40657341931596314,0.0,0.0,0.0,0.0,0.0,0.0,0.0
Simulation,769,0.0,0.0,0.0,0.0,0.0,0.0,0.0,0.21262988462229948,0.5999715190858407,0.6138839454594804,0.7860498465145175,0.9925424850558634,1.2676272313522352,1.1956814229995403,1.0674499502945474,0.8153309771576681,0.4044233817852565,0.0,0.0,0.0,0.0,0.0,0.0,0.0
Simulation,770,0.0,0.0,0.0,0.0,0.0,0.0,0.5957228652546134,0.6902411830900698,0.7925721466489875,1.0800182624943617,1.2459587259501377,1.384231792974326,1.6288145021522928,1.6350879725905088,1.5558806971591723,1.2192382849529775,0.28443391662094314,0.0,0.0,0.0,0.0,0.0,0.0,0.0
Simulation,771,0.0,0.0,0.0,0.0,0.0,0.0,0.876966552139489,0.7964794569470486,0.795617558982757,0.8551926168189463,1.1268075627964493,1.2022092082669351,1.0721690501335819,0.8725037628874975,0.7474402631080378,0.7354503686753067,0.25029099041996095,0.0,0.0,0.0,0.0,0.0,0.0,0.0
Simulation,772,0.0,0.0,0.0,0.0,0.0,0.0,0.4685256739600252,0.7884478214305211,0.7418414413151175,0.18544039727643635,0.25137089268875945,0.348795928790784,0.3982240292217318,0.3261316300146692,0.3142255592569729,0.41986275164615333,0.2671789216487381,0.0,0.0,0.0,0.0,0.0,0.0,0.0
Simulation,773,0.0,0.0,0.0,0.0,0.0,0.0,1.6782375934985798,1.666952162858942,1.7704291096622136,1.7083106235493117,1.7913222467918533,1.8066864002737664,1.5678853294007205,1.1782083228994127,0.9140124607913666,0.7654660334069344,0.32411515159219817,0.0,0.0,0.0,0.0,0.0,0.0,0.0
Simulation,774,0.0,0.0,0.0,0.0,0.0,0.0,0.14026745452354056,0.425762299358918,0.6881674152429356,0.6355018925130422,0.8198446686027898,0.8115989644826652,0.42627667132234365,0.3091862834637076,0.3601587449099798,0.668944364402245,0.3291616266152773,0.0,0.0,0.0,0.0,0.0,0.0,0.0
Simulation,775,0.0,0.0,0.0,0.0,0.0,0.0,0.10968867348302175,0.305960355362763,0.5079233738434268,0.491490657317306,0.7305839801888653,0.843901397721029,0.664137669895216,0.3976734095092588,0.24501824637811404,0.12781854561381423,0.23682972233192642,0.0,0.0,0.0,0.0,0.0,0.0,0.0
Simulation,776,0.0,0.0,0.0,0.0,0.0,0.0,0.6311256549768144,0.9385507425154829,0.8812351042834594,0.39931037597593655,0.36075900998453647,0.45089927123699486,0.8952233123924261,1.0198088866495283,1.0761100867087467,1.0658752987260003,0.32943054822723616,0.0,0.0,0.0,0.0,0.0,0.0,0.0
Simulation,777,0.0,0.0,0.0,0.0,0.0,0.0,0.06290373221864148,0.24171860069255757,0.49844641064770906,0.6930823139688327,0.8918409298861418,0.922410688512845,0.6724597790162474,0.6771904459797965,0.8148980630767956,1.3598201364022489,0.41031877711427156,0.0,0.0,0.0,0.0,0.0,0.0,0.0
Simulation,778,0.0,0.0,0.0,0.0,0.0,0.0,0.5240612237934004,0.6369294489964523,0.6167791980936087,0.42526211564215693,0.8185264307857976,1.0461738490647008,1.0116153943567894,0.8278441733626676,0.7096963007893154,0.8178015632510021,0.34027245749865037,0.0,0.0,0.0,0.0,0.0,0.0,0.0
Simulation,779,0.0,0.0,0.0,0.0,0.0,0.0,0.1488790948453766,0.2864198085358889,0.5674658946868043,1.0427956037232575,1.16904420855264,1.325641035975521,1.6027359373936525,1.591864437831565,1.3216767927064819,0.6380281394765215,0.23704805796221054,0.0,0.0,0.0,0.0,0.0,0.0,0.0
Simulation,780,0.0,0.0,0.0,0.0,0.0,0.0,0.05042573680517859,0.20503559216473166,0.4772608978618267,0.6846195136741372,0.7681436576511089,0.8856977763107475,1.1271249468868745,1.1133840673170141,0.9333100024582601,0.45717768318110474,0.23855417168135992,0.0,0.0,0.0,0.0,0.0,0.0,0.0
Simulation,781,0.0,0.0,0.0,0.0,0.0,0.0,0.7329491822952172,0.6502774654341794,0.7038215516655892,0.869697264287382,1.0110020854572992,0.9579104923015186,0.6611181254183915,0.5368712843020236,0.6589583640661618,0.9205277558381251,0.31553996860321065,0.0,0.0,0.0,0.0,0.0,0.0,0.0
Simulation,782,0.0,0.0,0.0,0.0,0.0,0.0,0.19059404584934944,0.5906086039533136,0.7918953947269962,0.4854532728310444,0.2989757640664569,0.197178484659984,0.11753512696303059,0.14752285495832473,0.14339598731377345,0.17849211164813794,0.2365647118039215,0.0,0.0,0.0,0.0,0.0,0.0,0.0
Simulation,783,0.0,0.0,0.0,0.0,0.0,0.0,0.3044750910171122,0.572284936964502,0.7597971894456121,0.7700177668853823,0.8861948280520714,0.8472157538170679,0.5887231975733933,0.45858433586136527,0.5810669612490982,0.9543456641569481,0.37222971290752827,0.0,0.0,0.0,0.0,0.0,0.0,0.0
Simulation,784,0.0,0.0,0.0,0.0,0.0,0.0,0.5160137047190173,0.6525653777258087,0.75054786386849,0.7482031307700816,0.8975862441978161,0.921507099993197,0.7911944056535938,0.6552226992683098,0.589623639596123,0.563710408709017,0.25316471206996877,0.0,0.0,0.0,0.0,0.0,0.0,0.0
Simulation,785,0.0,0.0,0.0,0.0,0.0,0.0,0.5738199671472244,0.5571384948571028,0.6589363477043425,0.9246536404741977,1.226047480936504,1.3843918938293913,1.3348438777768736,1.0632711589466735,0.7459384884591137,0.2808896859368079,0.2367647118039214,0.0,0.0,0.0,0.0,0.0,0.0,0.0
Simulation,786,0.0,0.0,0.0,0.0,0.0,0.0,0.08667987063039084,0.12583406394073504,0.3084168727207126,0.5649235339966154,0.8281393605079445,0.7772713777228188,0.18525355407270572,0.0663540256223436,0.06806519153920354,0.13930728034190243,0.2367647118039214,0.0,0.0,0.0,0.0,0.0,0.0,0.0
Simulation,787,0.0,0.0,0.0,0.0,0.0,0.0,0.5206082056553386,1.4982467979055019,1.7055338566525777,1.429456059920342,1.2428399135800388,1.2426317180586715,1.2718243225103647,1.1802800794805588,1.0200550530266028,0.7178472803929375,0.31954999489655905,0.0,0.0,0.0,0.0,0.0,0.0,0.0
Simulation,788,0.0,0.0,0.0,0.0,0.0,0.0,1.0559006379712064,1.3913122696811613,1.4213502396530475,1.4813516183206952,1.4056175387617138,1.391098478553406,1.2207568496317578,1.0946588333821043,1.022582436986663,1.030659864294043,0.342777885817754,0.0,0.0,0.0,0.0,0.0,0.0,0.0
Simulation,789,0.0,0.0,0.0,0.0,0.0,0.0,1.1871839089583391,0.8136968029117799,0.7605821631913274,0.6876715629520995,0.9577685491125519,0.9115493215220918,0.18459516828969313,0.03562174683168573,0.028265892295850303,0.21985792035995,0.2375452203197144,0.0,0.0,0.0,0.0,0.0,0.0,0.0
Simulation,790,0.0,0.0,0.0,0.0,0.0,0.0,0.6848690056458079,0.6879439615615165,0.6046804825721173,0.3028086555881371,0.46227191518217425,0.6270485095128615,0.7879760709081474,0.7363157491036804,0.7042538482721917,0.7019371509054029,0.2776817289418327,0.0,0.0,0.0,0.0,0.0,0.0,0.0
Simulation,791,0.0,0.0,0.0,0.0,0.0,0.0,0.20110945529524585,0.548597675058551,0.7309510562708355,0.4532208602051289,0.4280322145966885,0.5251169343468238,0.9188663599907891,0.8734376949814343,0.6293323813776874,0.2202304426434683,0.23683082393821037,0.0,0.0,0.0,0.0,0.0,0.0,0.0
Simulation,792,0.0,0.0,0.0,0.0,0.0,0.0,0.3637412529287027,1.040282554668983,1.2988530977366302,1.2275224731967742,1.1623082252709842,1.1786211514265041,1.274448264711864,1.1790706805401103,0.9695643627320878,0.5309102300396383,0.24222121778807235,0.0,0.0,0.0,0.0,0.0,0.0,0.0
Simulation,793,0.0,0.0,0.0,0.0,0.0,0.0,1.0711508751080057,1.0187969852061087,1.0417372563218221,0.9349975388192656,1.0370803857722322,1.016708416199378,0.7347962905024021,0.46719754504073613,0.3606286678479057,0.32175367039188735,0.24041338391488293,0.0,0.0,0.0,0.0,0.0,0.0,0.0
Simulation,794,0.0,0.0,0.0,0.0,0.0,0.0,1.0015045639772304,1.5748737929374932,1.6593166108339115,1.5893378029316994,1.317555915182416,1.2667977452446513,1.5060424155101324,1.5884518689551934,1.4539993479927213,0.8457236712269741,0.2510607687378037,0.0,0.0,0.0,0.0,0.0,0.0,0.0
Simulation,795,0.0,0.0,0.0,0.0,0.0,0.0,0.0,0.0,0.09044122163998647,0.5229169976595738,0.6397387529977945,0.6275395638721706,0.7889479445786586,0.8954154743578279,0.9720175763975728,0.8540932797235619,0.25056838047179825,0.0,0.0,0.0,0.0,0.0,0.0,0.0
Simulation,796,0.0,0.0,0.0,0.0,0.0,0.0,0.9166766359220985,0.793931401295772,0.7274363600945563,0.5294988538909031,0.7647050147792146,0.8533992472164063,0.7656902615479442,0.5704693606027785,0.4885481008276491,0.4678300737384923,0.24285781420890645,0.0,0.0,0.0,0.0,0.0,0.0,0.0
Simulation,797,0.0,0.0,0.0,0.0,0.0,0.0,0.4074078002402255,0.3751423801170277,0.5154154122644925,0.97364453744432,1.291839345872366,1.340072170992351,1.002134309156661,0.8226352406970496,0.7911764030132252,1.0340414779959552,0.3236227132449238,0.0,0.0,0.0,0.0,0.0,0.0,0.0
Simulation,798,0.0,0.0,0.0,0.0,0.0,0.0,0.16025882146272938,0.5095412833089905,0.7897445405107096,1.0887199858367322,1.25293441448712,1.351299584304951,1.344561337092421,1.3769725528481005,1.3940463517647221,1.459235749275832,0.4046094412619746,0.0,0.0,0.0,0.0,0.0,0.0,0.0
Simulation,799,0.0,0.0,0.0,0.0,0.0,0.0,0.5096368052207753,1.0588742540722582,1.1367331795673428,0.518861953451683,0.27624820839637176,0.2393281595202824,0.7078258534567226,0.8464566281483678,0.8289670211440773,0.8246338255588372,0.3213483265760086,0.0,0.0,0.0,0.0,0.0,0.0,0.0
Simulation,800,0.0,0.0,0.0,0.0,0.0,0.0,0.4587418166712788,1.3286328675913088,1.6442987201537806,1.7161184214359921,1.7397087266529492,1.6625123950283396,1.5043677888003442,1.4642357918904307,1.3256102921503197,1.1413755188655947,0.3496469938873475,0.0,0.0,0.0,0.0,0.0,0.0,0.0
Simulation,801,0.0,0.0,0.0,0.0,0.0,0.0,0.3078659444476295,0.8237674452451297,1.0274010594048402,0.934999259212688,1.0260206682443356,1.1760432869927446,1.4817085959323562,1.5248118025344297,1.32121566077327,0.9305486342007246,0.31183268186510366,0.0,0.0,0.0,0.0,0.0,0.0,0.0
Simulation,802,0.0,0.0,0.0,0.0,0.0,0.0,0.201792313874158,0.555912868971979,0.7126631995375627,0.5555262500639446,0.6289191980032267,0.7089466511247315,0.967406553215489,0.9665596297727528,0.8014504973547324,0.5121001351084116,0.2414239347413916,0.0,0.0,0.0,0.0,0.0,0.0,0.0
Simulation,803,0.0,0.0,0.0,0.0,0.0,0.0,0.4426114557697153,0.6507748401887515,0.7903988374214441,0.9332004576900896,1.19950462383816,1.3269231571494258,0.9980304994695287,0.7272258300000162,0.5660508945804037,0.4949285411967995,0.27700674660870156,0.0,0.0,0.0,0.0,0.0,0.0,0.0
Simulation,804,0.0,0.0,0.0,0.0,0.0,0.0,0.3048337930786354,0.36969459099306984,0.5279083950760358,0.7054130619361803,0.7968504920314327,0.7388269581058231,0.7688711640014771,0.8032145164720967,0.8898473937807474,1.0866160208549862,0.3195205051074247,0.0,0.0,0.0,0.0,0.0,0.0,0.0
Simulation,805,0.0,0.0,0.0,0.0,0.0,0.0,0.4095917380909589,0.9287072343843107,1.0580994439441394,0.7201504512918779,0.6569928942284077,0.6383667481284742,0.6517700173566884,0.6088974263299847,0.5930884795247676,0.5788768957826271,0.28717646228008353,0.0,0.0,0.0,0.0,0.0,0.0,0.0
Simulation,806,0.0,0.0,0.0,0.0,0.0,0.0,0.3820401451065422,0.12473634701298719,0.07861864078684899,0.0526164892174259,0.22046754943638358,0.263424621299171,0.09438649575712665,0.02282644940297851,0.07702419968286844,0.5006484435930998,0.32718014548680974,0.0,0.0,0.0,0.0,0.0,0.0,0.0
Simulation,807,0.0,0.0,0.0,0.0,0.0,0.0,0.31881434982379886,0.7425679934000191,0.9279748547088994,0.7200522333127909,0.6306380373963048,0.5647173788621355,0.6827101011807528,0.6279247327187671,0.5113109853843368,0.24128684787378507,0.2367647118039214,0.0,0.0,0.0,0.0,0.0,0.0,0.0
Simulation,808,0.0,0.0,0.0,0.0,0.0,0.0,0.4601270236418905,0.7289898662418782,0.7409154669803452,0.31749095813022443,0.43638134808835366,0.6301620228756369,0.8502918640482375,0.7343154626497741,0.5714299580479504,0.4571236899246381,0.30175055784261107,0.0,0.0,0.0,0.0,0.0,0.0,0.0
Simulation,809,0.0,0.0,0.0,0.0,0.0,0.0,0.5056537090501747,1.0783852337278674,1.2238828479265862,1.0644618957900494,1.0748555956002022,1.0789607680979565,0.975059722325387,0.8548110172649868,0.7407297025524014,0.7345904827962164,0.3062030093988661,0.0,0.0,0.0,0.0,0.0,0.0,0.0
Simulation,810,0.0,0.0,0.0,0.0,0.0,0.0,0.34968031671996286,0.6998980724666524,0.8202840417779699,0.8088802984386693,0.7838556542374779,0.7448595157999836,0.9696851751274,1.0749965644112591,1.2294751435630729,1.205265812025408,0.3055180586646951,0.0,0.0,0.0,0.0,0.0,0.0,0.0
Simulation,811,0.0,0.0,0.0,0.0,0.0,0.0,0.30172467408165954,0.7942360450400517,1.01071855050479,0.944296269704485,0.9542150036419734,0.9092948262966741,0.7523198498135083,0.7039718770758211,0.7466372772373038,0.878044681857018,0.31318829936906517,0.0,0.0,0.0,0.0,0.0,0.0,0.0
Simulation,812,0.0,0.0,0.0,0.0,0.0,0.0,0.4702553498494175,0.8317085073871594,1.0291938470041535,0.9000471100404532,0.8242119968254339,0.6918336314060682,0.4258328315660474,0.3205836673042409,0.29424742081995836,0.24359931955592462,0.2367647118039214,0.0,0.0,0.0,0.0,0.0,0.0,0.0
Simulation,813,0.0,0.0,0.0,0.0,0.0,0.0,0.9213626812364779,1.0816388778352835,1.0300510031088426,0.639876808928437,0.8006183941271284,0.9504722795776945,1.055130513879495,0.8676977930582424,0.5966499570001492,0.29466130865801554,0.2503381091562149,0.0,0.0,0.0,0.0,0.0,0.0,0.0
Simulation,814,0.0,0.0,0.0,0.0,0.0,0.0,1.132902230821479,1.037862329599888,1.025875398340977,0.9000471041722007,1.0676063859064717,1.1720539981401976,1.052799787919507,0.8099454753030717,0.6118573903126645,0.5269882795486363,0.2862993524461495,0.0,0.0,0.0,0.0,0.0,0.0,0.0
Simulation,815,0.0,0.0,0.0,0.0,0.0,0.0,0.22374584729046637,0.5187307750010312,0.6999489775521801,0.634346581229717,0.826724376845023,1.0112028900214007,1.1340144448631904,1.0038461205914,0.6822826557283543,0.2198340168934294,0.23784597476739522,0.0,0.0,0.0,0.0,0.0,0.0,0.0
Simulation,816,0.0,0.0,0.0,0.0,0.0,0.0,0.48240395196785407,1.351585725059797,1.5954859711919465,1.4129248519148792,1.2431550057869418,1.2018662762872847,1.1245564499695202,1.0391716119203496,0.9042209265632801,0.7552687139799356,0.32989769920119244,0.0,0.0,0.0,0.0,0.0,0.0,0.0
Simulation,817,0.0,0.0,0.0,0.0,0.0,0.0,0.09236460903793448,0.22860374943349193,0.5921001585334382,0.9852066242360287,1.1849226298159379,1.33244997343089,1.2735432118476204,1.056967554610767,0.7843800676445547,0.36181124484960514,0.24336471217507416,0.0,0.0,0.0,0.0,0.0,0.0,0.0
Simulation,818,0.0,0.0,0.0,0.0,0.0,0.0,0.6523325866072589,0.810269456158632,0.7121736894647167,0.3097705869336863,0.391230672727078,0.6422293179267453,1.2110148438168842,1.3854862397658674,1.490370018952333,1.4831348460062852,0.39083532666767673,0.0,0.0,0.0,0.0,0.0,0.0,0.0
Simulation,819,0.0,0.0,0.0,0.0,0.0,0.0,0.07746406176255854,0.17096065356753232,0.31917817715832,0.6353961006233441,0.8126641905454748,1.0455517310684996,1.703164356408415,1.7120312789900778,1.7036941014531441,1.2958669876915727,0.33734488438785476,0.0,0.0,0.0,0.0,0.0,0.0,0.0
Simulation,820,0.0,0.0,0.0,0.0,0.0,0.0,0.9558652164165663,1.3798049597524464,1.3289403960650403,1.003886547545334,1.1318977001881447,1.1424237641540549,0.5781441480489775,0.2705960604215094,0.14076698169928925,0.20626814375899805,0.2499169648502875,0.0,0.0,0.0,0.0,0.0,0.0,0.0
Simulation,821,0.0,0.0,0.0,0.0,0.0,0.0,0.23014677134134612,0.5127161608835146,0.6579958904394272,0.5338346567251266,0.6788992690438513,0.7214986455388301,0.7472854076459019,0.6983026756593227,0.7060375186637023,0.7530089634680128,0.3060231907330263,0.0,0.0,0.0,0.0,0.0,0.0,0.0
Simulation,822,0.0,0.0,0.0,0.0,0.0,0.0,0.35971307636506955,0.5139319721313844,0.6348144738812525,0.4672281418234368,0.4784379779340079,0.39713872365367797,0.2764539927268218,0.2752495712536117,0.3036331082132485,0.42373803672562077,0.25109410850624214,0.0,0.0,0.0,0.0,0.0,0.0,0.0
Simulation,823,0.0,0.0,0.0,0.0,0.0,0.0,0.21778445293107665,0.40842195826027633,0.6101439910162225,0.5554319605532991,0.6968189038683177,0.8362968369168804,1.209372646197747,1.197540572303675,1.2063031948758278,0.9778587507426861,0.35549706596261876,0.0,0.0,0.0,0.0,0.0,0.0,0.0
Simulation,824,0.0,0.0,0.0,0.0,0.0,0.0,1.1860550688088205,1.524939459618065,1.424046560627544,1.4116734384825798,1.4983150486110777,1.6998914660959519,1.738380073858223,1.6491558204180201,1.5606542661227865,1.2838213963580332,0.4032000316966503,0.0,0.0,0.0,0.0,0.0,0.0,0.0
Simulation,825,0.0,0.0,0.0,0.0,0.0,0.0,0.22379777821244293,0.817470025926603,1.1354443400774543,1.0579207361407148,0.9127836731688814,0.9319927805657117,1.2817394448344,1.3926240515814825,1.284592839220865,0.7262958866846994,0.25273219444203077,0.0,0.0,0.0,0.0,0.0,0.0,0.0
Simulation,826,0.0,0.0,0.0,0.0,0.0,0.0,0.39768042952800864,0.632393605793971,0.8200080494471675,0.9384329652630309,0.943786958707152,0.890200559347186,0.8664322826985363,0.8271089476562871,0.7421332138618134,0.5323658803412668,0.23736471181835292,0.0,0.0,0.0,0.0,0.0,0.0,0.0
Simulation,827,0.0,0.0,0.0,0.0,0.0,0.0,0.3942239531721032,0.5154960056830336,0.6440466609349293,0.8932835374376147,1.0468333120781084,1.15714522666554,1.1454919229348028,1.0517126875942246,0.8864718616597614,0.5558374244069559,0.2385647118289215,0.0,0.0,0.0,0.0,0.0,0.0,0.0
Simulation,828,0.0,0.0,0.0,0.0,0.0,0.0,0.1578462350293051,0.49642339457412377,0.7284047797341143,0.7487471307876941,0.6970868401913216,0.5671318941741998,0.6467075755109842,0.7370983923004092,0.7957238181137142,0.8077837605424818,0.24649876279095506,0.0,0.0,0.0,0.0,0.0,0.0,0.0
Simulation,829,0.0,0.0,0.0,0.0,0.0,0.0,0.6510564405621337,0.7964442683531111,0.8202537687008271,0.6572096756212681,0.6714403769107186,0.6567126227386411,0.7937432628086987,0.847618409652863,0.8390187455983561,0.8574893906996397,0.3024062599177062,0.0,0.0,0.0,0.0,0.0,0.0,0.0
Simulation,830,0.0,0.0,0.0,0.0,0.0,0.0,0.566759627600244,0.8784570491397067,0.9947919170475522,0.5491322403957227,0.5216268255623313,0.4090844014558148,0.1852917059166973,0.14878460637390045,0.09783469948951484,0.15034558421876332,0.2367647118039214,0.0,0.0,0.0,0.0,0.0,0.0,0.0
Simulation,831,0.0,0.0,0.0,0.0,0.0,0.0,1.049942462464102,1.2297664244910398,1.1536842491492227,0.9788050211320009,0.8927770862558682,0.7943935394137609,0.8290854135881514,0.914950413298743,1.0748187870215482,1.2349132468708186,0.3035053976538204,0.0,0.0,0.0,0.0,0.0,0.0,0.0
Simulation,832,0.0,0.0,0.0,0.0,0.0,0.0,0.663892718499324,1.0233174579918058,0.9294926504262139,0.35715281809398675,0.6177207812599542,0.9091531875094669,1.197426312645143,1.105389755027836,0.9367135950074795,0.7782917018558905,0.3563573019758963,0.0,0.0,0.0,0.0,0.0,0.0,0.0
Simulation,833,0.0,0.0,0.0,0.0,0.0,0.0,0.7623169985581261,0.7449680788804988,0.7541786043769558,0.7444140021580243,1.038022182992316,1.203874728278732,1.1338325892433534,0.892926679578334,0.6948874292310374,0.5723605414804405,0.2832652836409698,0.0,0.0,0.0,0.0,0.0,0.0,0.0
Simulation,834,0.0,0.0,0.0,0.0,0.0,0.0,0.7130278719198639,1.1138069047550418,1.3275337794848656,1.6006280632709473,1.4456456559330433,1.2705548972847547,0.7630331867683984,0.5001180766745829,0.3675958829225246,0.18843929351946764,0.2365647118039215,0.0,0.0,0.0,0.0,0.0,0.0,0.0
Simulation,835,0.0,0.0,0.0,0.0,0.0,0.0,0.2676681423430126,0.521449056753599,0.790010715099037,1.0671249241834517,1.2363820200415738,1.2331060176913615,0.7913053695469655,0.5892826012189392,0.5934281343045456,0.8118302074828962,0.32853696882938865,0.0,0.0,0.0,0.0,0.0,0.0,0.0
Simulation,836,0.0,0.0,0.0,0.0,0.0,0.0,1.2911243784660682,1.5133723435410267,1.595328202543929,1.7113692381116716,1.747503903528557,1.655798283634463,1.199336567613011,0.9147636530110785,0.710242134686314,0.5405269562211156,0.2385647118289215,0.0,0.0,0.0,0.0,0.0,0.0,0.0
Simulation,837,0.0,0.0,0.0,0.0,0.0,0.0,0.324166350290125,0.8037349945547098,1.0261625508280883,1.0734876548239283,1.2457520186851498,1.5155579887973016,1.7474158243444826,1.639675945980494,1.3001784233378615,0.7050181452680374,0.3064250631164869,0.0,0.0,0.0,0.0,0.0,0.0,0.0
Simulation,838,0.0,0.0,0.0,0.0,0.0,0.0,0.3456188901703557,0.3305877696289223,0.3589006779148737,0.3236051946399604,0.40651142404036555,0.2709984840987206,0.14587267658362735,0.19534061162217442,0.39215735127508533,0.91149536122405,0.3137396761872688,0.0,0.0,0.0,0.0,0.0,0.0,0.0
Simulation,839,0.0,0.0,0.0,0.0,0.0,0.0,0.8140221526230382,1.165306242745984,1.1387628300590114,0.49267292936083096,0.6001887304832706,0.7017772179908175,0.6440996477952363,0.4274731611727998,0.3274121282640892,0.4580055620115675,0.3481361473235141,0.0,0.0,0.0,0.0,0.0,0.0,0.0
Simulation,840,0.0,0.0,0.0,0.0,0.0,0.0,0.3052762558843421,0.8594664779834992,1.151794709001633,1.2379487866669865,1.2985063745064562,1.3284878560215925,1.2710429386246795,1.1863724875193362,1.2208593762212698,1.2686678601048513,0.3677418676728388,0.0,0.0,0.0,0.0,0.0,0.0,0.0
Simulation,841,0.0,0.0,0.0,0.0,0.0,0.0,0.6280103465937648,0.9360507158434361,0.9703638670577175,0.8333631247798856,1.0172848908089882,1.1811010675581504,1.2777855764112789,1.1136802863717752,0.8623163159671158,0.5220555910552953,0.24235610814902045,0.0,0.0,0.0,0.0,0.0,0.0,0.0
Simulation,842,0.0,0.0,0.0,0.0,0.0,0.0,0.2816393401860314,0.776597963611437,0.8999615144380242,0.46353014931188274,0.3966479278280277,0.4431831869190467,0.7964982786501109,0.8575718360785028,0.7759924851844857,0.6959650861050193,0.30374920277551165,0.0,0.0,0.0,0.0,0.0,0.0,0.0
Simulation,843,0.0,0.0,0.0,0.0,0.0,0.0,0.6992722575796432,0.9341388880003514,0.8376715934467124,0.4251506749296586,0.7394117260252199,1.0476373725520605,1.2412655378941482,1.1317602967080402,1.0257017897833236,1.146356482112449,0.4092463350449791,0.0,0.0,0.0,0.0,0.0,0.0,0.0
Simulation,844,0.0,0.0,0.0,0.0,0.0,0.0,1.0754301048109915,1.0552450445165555,1.1019779474509883,1.1653543803317805,1.2784409479840342,1.3830813272156615,1.670224879675513,1.6455403021900539,1.6116454870157333,1.6088847986100996,0.4065770340680722,0.0,0.0,0.0,0.0,0.0,0.0,0.0
Simulation,845,0.0,0.0,0.0,0.0,0.0,0.0,0.8220652828516596,1.23135655571895,1.2741604641928082,1.224664649716337,1.3431585809323148,1.3592912757043492,0.9673950038678094,0.7427929403510267,0.721804148045839,1.0496042093656084,0.3722705376497233,0.0,0.0,0.0,0.0,0.0,0.0,0.0
Simulation,846,0.0,0.0,0.0,0.0,0.0,0.0,0.3886873064268414,0.3156259066204919,0.2759778055551886,0.5122786835126021,0.8309295339471376,1.038879114424139,1.1755020330542434,1.078606840684062,0.915392854365711,0.6318500329207186,0.24542319760205467,0.0,0.0,0.0,0.0,0.0,0.0,0.0
Simulation,847,0.0,0.0,0.0,0.0,0.0,0.0,0.49883338329475085,0.7058697022468314,0.686156892764092,0.3700016260878373,0.5506785508927484,0.7066721151557831,0.8520022901771226,0.864670682179985,0.8483697805569388,0.9791333058285767,0.35319446041070335,0.0,0.0,0.0,0.0,0.0,0.0,0.0
Simulation,848,0.0,0.0,0.0,0.0,0.0,0.0,0.11343649886973134,0.300789637387569,0.4577960214518229,0.49736732796728167,0.7030180259392094,0.9073371568164976,1.203547455255337,1.1378008620914069,0.9058033960259342,0.47637722829467316,0.2460949496843375,0.0,0.0,0.0,0.0,0.0,0.0,0.0
Simulation,849,0.0,0.0,0.0,0.0,0.0,0.0,0.47931370781089344,1.2105201849506118,1.2373538201885832,0.6775751740908205,0.6989268449701128,0.7167678408216621,0.4693571108530187,0.33832360954383445,0.3191023549791865,0.5477247082296124,0.4068062279464082,0.0,0.0,0.0,0.0,0.0,0.0,0.0
Simulation,850,0.0,0.0,0.0,0.0,0.0,0.0,0.26996063322542146,0.7657614642603289,0.907248797652776,0.5681943904310118,0.6885495972210137,0.8207034806946694,1.0295728720209076,0.9147715567988952,0.6765383416081071,0.30903861142955347,0.23810490935390508,0.0,0.0,0.0,0.0,0.0,0.0,0.0
Simulation,851,0.0,0.0,0.0,0.0,0.0,0.0,0.9376821843387195,0.9295690910083129,1.0039658426732119,1.0874005336692631,1.3133135837480618,1.3553361166479216,1.1490715214201062,0.9692342727749017,0.8663890115445083,1.1436747413922097,0.37266829471849794,0.0,0.0,0.0,0.0,0.0,0.0,0.0
Simulation,852,0.0,0.0,0.0,0.0,0.0,0.0,0.7051628077956168,0.6344931604221367,0.6208503126504847,0.4726299270880578,0.612408014518429,0.5923434495189379,0.506470414700942,0.4302288053697621,0.5456595312059437,0.753743704948455,0.3019143084644032,0.0,0.0,0.0,0.0,0.0,0.0,0.0
Simulation,853,0.0,0.0,0.0,0.0,0.0,0.0,0.9197743979936498,0.8427504683097312,0.8023406244435339,0.659827966650017,0.8044870850577588,0.9516123945771757,1.2634365398003524,1.2048940470678315,1.2250742939291466,0.934362608009151,0.30210659408548846,0.0,0.0,0.0,0.0,0.0,0.0,0.0
Simulation,854,0.0,0.0,0.0,0.0,0.0,0.0,0.10606979982460302,0.3510422246490094,0.6655895692609866,0.6298933134121195,0.7079827762190442,0.7105429687155063,0.6109247270883176,0.494401210107481,0.45570995129849867,0.45428300892228907,0.2985416516195214,0.0,0.0,0.0,0.0,0.0,0.0,0.0
Simulation,855,0.0,0.0,0.0,0.0,0.0,0.0,0.16790951995984438,0.6314169890213467,1.0114248054953254,1.2305721341811102,1.1995728306980586,1.1465725993847584,0.8898188878131807,0.7661833738540875,0.6685920416249362,0.5311192002671855,0.25465793710081996,0.0,0.0,0.0,0.0,0.0,0.0,0.0
Simulation,856,0.0,0.0,0.0,0.0,0.0,0.0,1.1922036611978202,0.8502477274111035,0.7910891125155803,0.8088732771409639,0.9270836968159197,0.9519820187182367,1.094046357647551,1.0566736078088963,1.1241770822231671,1.185111377148948,0.2971825585192736,0.0,0.0,0.0,0.0,0.0,0.0,0.0
Simulation,857,0.0,0.0,0.0,0.0,0.0,0.0,0.19843476343403685,0.4257707808230654,0.689566212138858,0.8114887569817637,1.2276120058114193,1.4594078934899142,1.140613090879577,0.7991340343493373,0.5198249496444163,0.5351234442802681,0.3799234140410374,0.0,0.0,0.0,0.0,0.0,0.0,0.0
Simulation,858,0.0,0.0,0.0,0.0,0.0,0.0,0.21295945828831905,0.42925978274566645,0.6951723455011607,0.9703135962406751,1.2566957298646428,1.4406598118832372,1.2833317162204438,1.0533953012697856,0.832242183379734,0.7207064384567802,0.3259869692375747,0.0,0.0,0.0,0.0,0.0,0.0,0.0
Simulation,859,0.0,0.0,0.0,0.0,0.0,0.0,0.18149525919069343,0.23663144764990363,0.43646286570577186,1.0679919540155882,1.405615705712874,1.5859359751561732,1.194363153066005,0.9668985611590912,0.7816882407599173,0.6717099415852807,0.25316471211626823,0.0,0.0,0.0,0.0,0.0,0.0,0.0
Simulation,860,0.0,0.0,0.0,0.0,0.0,0.0,0.5633574220010866,1.0533048090358856,1.23790714004594,1.2473941414328014,1.2161891154117832,1.173077760189026,1.0587097474360831,0.9461605040074518,0.7856678752469269,0.521249973029341,0.24154372465510635,0.0,0.0,0.0,0.0,0.0,0.0,0.0
Simulation,861,0.0,0.0,0.0,0.0,0.0,0.0,0.1559711688367397,0.9087178626892977,1.1441935063463777,0.7475271856064525,0.7656617463728097,0.8736423698894517,0.8252499971379326,0.7077465523967169,0.5349616183108922,0.2885218700342175,0.3079824431352549,0.0,0.0,0.0,0.0,0.0,0.0,0.0
Simulation,862,0.0,0.0,0.0,0.0,0.0,0.0,0.3862034681679625,0.9626374900426609,1.1588653044470103,1.063585805566143,0.9399770897802355,0.8174991781723062,0.6823780085797646,0.7376680106574639,0.8149984758850655,1.0253021964710445,0.32024088143591745,0.0,0.0,0.0,0.0,0.0,0.0,0.0
Simulation,863,0.0,0.0,0.0,0.0,0.0,0.0,0.9808796712529428,1.1698396110349392,1.1776877412589273,0.9053927340780612,0.6773963281867049,0.4455217069114928,0.5361564702191348,0.5855614826175966,0.6720275529211844,0.6820091688487318,0.2454080282192234,0.0,0.0,0.0,0.0,0.0,0.0,0.0
Simulation,864,0.0,0.0,0.0,0.0,0.0,0.0,0.47597851429224025,0.8245639797643989,1.150574555375241,1.6912095897888255,1.782940552907079,1.7865271463332704,1.5538207282040415,1.3991947005084426,1.321415881194353,1.253640958472526,0.34382631832870847,0.0,0.0,0.0,0.0,0.0,0.0,0.0
Simulation,865,0.0,0.0,0.0,0.0,0.0,0.0,0.07738383867850507,0.3406537680476204,0.7790412136757017,1.221688768058965,1.321695216951427,1.35100444665916,1.1498054829839786,1.040493989804505,0.8468089786219544,0.5347799898966313,0.24282634036038475,0.0,0.0,0.0,0.0,0.0,0.0,0.0
Simulation,866,0.0,0.0,0.0,0.0,0.0,0.0,0.4761991584377161,1.2756518153779943,1.3971858370685277,1.0288284238407834,0.7929216381458511,0.6469826283574008,0.6618994649333882,0.6278895402235474,0.5962690969600648,0.5512868126776638,0.30166558032959295,0.0,0.0,0.0,0.0,0.0,0.0,0.0
Simulation,867,0.0,0.0,0.0,0.0,0.0,0.0,0.0,0.16966406573710358,0.5699604747479861,0.7281989267074674,0.8813492865451439,0.9333289118207011,0.7945039542466348,0.7446195947140993,0.7233177883624103,0.7825430326249365,0.33362695120573665,0.0,0.0,0.0,0.0,0.0,0.0,0.0
Simulation,868,0.0,0.0,0.0,0.0,0.0,0.0,0.5097351464800047,0.5590216910603623,0.6420838543947712,0.6626183659324695,0.8259130669311153,0.8865743618634425,0.9186992412208268,0.8097528250608022,0.7307067194235426,0.696615012553734,0.30591457468032957,0.0,0.0,0.0,0.0,0.0,0.0,0.0
Simulation,869,0.0,0.0,0.0,0.0,0.0,0.0,0.2921439093883173,0.8223248437594345,1.1296537842358578,1.0913812383400738,1.1666644125437542,1.1895477763636513,1.0027259414866108,0.8582450304611113,0.7230043027005951,0.7197798909466852,0.3195836538334359,0.0,0.0,0.0,0.0,0.0,0.0,0.0
Simulation,870,0.0,0.0,0.0,0.0,0.0,0.0,0.818871589911818,0.9074288221246606,0.9363035889404917,0.7427297027105783,0.8763912925082802,0.8549954702798419,0.5889825650699325,0.38494079454766017,0.3736121425648814,0.5652752511578116,0.2546789729463207,0.0,0.0,0.0,0.0,0.0,0.0,0.0
Simulation,871,0.0,0.0,0.0,0.0,0.0,0.0,0.09396820544381185,0.5123886128572634,0.9952419096720797,1.438933869096123,1.3700536937120777,1.2836331368744445,1.0018977527755795,0.8926247454132233,0.7957260198996792,0.6788048690319108,0.27957848216259307,0.0,0.0,0.0,0.0,0.0,0.0,0.0
Simulation,872,0.0,0.0,0.0,0.0,0.0,0.0,0.20460092832252336,1.0166059195750825,1.359622356097052,1.5092055827334847,1.3649698594312942,1.4192474944755076,1.5702036785730697,1.5727015945935314,1.3539035183737584,0.9203447855269817,0.3209038919146582,0.0,0.0,0.0,0.0,0.0,0.0,0.0
Simulation,873,0.0,0.0,0.0,0.0,0.0,0.0,0.16091124968318243,0.14337463289009045,0.15195329144801062,0.14489277620859808,0.2886293944703665,0.5542044686551116,1.0300422163876852,1.0189532460451398,0.8152480223883762,0.49095578579944577,0.2385193043508543,0.0,0.0,0.0,0.0,0.0,0.0,0.0
Simulation,874,0.0,0.0,0.0,0.0,0.0,0.0,0.30235972818565726,0.5548715453114756,0.6955713495976054,0.7408830227344955,0.72086302263852,0.7163317845030991,0.9773505644011652,1.0961512600632886,1.2951564886146834,1.2790198030379376,0.32610519980617675,0.0,0.0,0.0,0.0,0.0,0.0,0.0
Simulation,875,0.0,0.0,0.0,0.0,0.0,0.0,0.5944816491324222,0.9828352479504363,1.1723756451582896,1.0742102773228273,1.1214474835816641,0.9951832170378112,0.3939204370893173,0.1956753552397934,0.1816440875711539,0.3972111336618104,0.3022682975992919,0.0,0.0,0.0,0.0,0.0,0.0,0.0
Simulation,876,0.0,0.0,0.0,0.0,0.0,0.0,0.18127841433547162,0.5146742525582741,0.7608072073231211,0.9162044414537568,0.8735168415291634,0.7377108960553335,0.6620622956918546,0.7702782194812006,1.0057868297824553,1.513948562701637,0.40362018879034145,0.0,0.0,0.0,0.0,0.0,0.0,0.0
Simulation,877,0.0,0.0,0.0,0.0,0.0,0.0,1.287441314720466,1.0972376917582563,1.0093029297862994,0.9589634209835035,1.1469544258239723,1.1919384692027903,1.0923771219748226,0.9271104029247506,0.833922387215478,0.9043515738042112,0.31240450349165266,0.0,0.0,0.0,0.0,0.0,0.0,0.0
Simulation,878,0.0,0.0,0.0,0.0,0.0,0.0,0.21046057496002538,0.45797500371582406,0.710912119900727,0.720894106252271,0.799179703068687,0.717067079385934,0.4007526478035746,0.2764264496988068,0.220816252834046,0.2085090688591852,0.2365647118039215,0.0,0.0,0.0,0.0,0.0,0.0,0.0
Simulation,879,0.0,0.0,0.0,0.0,0.0,0.0,0.564624324929195,0.9598687186299194,1.1701409047033313,1.3406064574398,1.3134572433333707,1.199515774067391,0.9994997623041515,0.9120316614241862,0.8816754375198051,0.8784086505077621,0.29693749828920474,0.0,0.0,0.0,0.0,0.0,0.0,0.0
Simulation,880,0.0,0.0,0.0,0.0,0.0,0.0,0.5323867594205038,1.0530686744015705,1.2083742879058248,1.1880683890133827,1.315567879539287,1.4144750594092188,1.357854548446815,1.2271477365695747,1.2531734758367985,1.3257029813402417,0.4153414238327072,0.0,0.0,0.0,0.0,0.0,0.0,0.0
Simulation,881,0.0,0.0,0.0,0.0,0.0,0.0,0.4047866773549555,0.341780384832278,0.31115737471843485,0.37088072961662827,0.7188714342907288,0.888717625846631,0.8130252975704966,0.663146610759882,0.5948006218640478,0.6799855196697827,0.31354088569991634,0.0,0.0,0.0,0.0,0.0,0.0,0.0
Simulation,882,0.0,0.0,0.0,0.0,0.0,0.0,1.228483315028742,1.112353920874489,1.0574778244151257,0.9863568414933938,1.085026880463114,1.093188668694895,1.0025815684610426,0.8735227233543539,0.7761682834116261,0.732099956654809,0.24235449072345513,0.0,0.0,0.0,0.0,0.0,0.0,0.0
Simulation,883,0.0,0.0,0.0,0.0,0.0,0.0,0.9730271317054876,1.0256334170293717,1.0742040387643337,1.1015104495558634,1.1235618743589593,1.0470101758555501,1.0611791551898995,1.0543448250980574,1.1959381873340038,1.2676289434178303,0.2919468766953991,0.0,0.0,0.0,0.0,0.0,0.0,0.0
Simulation,884,0.0,0.0,0.0,0.0,0.0,0.0,0.4371235723167875,0.7522068691109894,0.9192874470791376,0.9000471029669661,0.8763982211199933,0.7659522511455588,0.6680935296761215,0.6655346876797227,0.7527650390125775,1.0072254701565604,0.3331416992768411,0.0,0.0,0.0,0.0,0.0,0.0,0.0
Simulation,885,0.0,0.0,0.0,0.0,0.0,0.0,0.6125715189253331,0.322428385207639,0.2177143112234563,0.5191166936607416,1.0488438673822762,1.2573019272526254,0.9990377092296645,0.7032371019040091,0.629714978482173,0.8975984629397102,0.3474295340537517,0.0,0.0,0.0,0.0,0.0,0.0,0.0
Simulation,886,0.0,0.0,0.0,0.0,0.0,0.0,0.3311798685282813,0.7530476231398283,0.9713585264267224,1.0923106267690066,1.0885923249128293,1.1497845761801844,1.3097295265946278,1.3787239081573386,1.1907499132443844,0.5325444886152588,0.23723213887434094,0.0,0.0,0.0,0.0,0.0,0.0,0.0
Simulation,887,0.0,0.0,0.0,0.0,0.0,0.0,0.24120908430481286,0.533458017947016,0.7869094567414766,0.8086491708012444,0.8689401140185031,0.897365282444215,0.9783956962558337,0.8916959762181196,0.7858424267626578,0.6940918393075026,0.31431576260480176,0.0,0.0,0.0,0.0,0.0,0.0,0.0
Simulation,888,0.0,0.0,0.0,0.0,0.0,0.0,0.7403259213152713,1.1108877464658709,1.1549096115771895,0.7477944712989825,0.8033910360985572,0.811941799065859,0.6639525611597349,0.45125366343631484,0.3518504107071945,0.3656228679946083,0.26786286511762764,0.0,0.0,0.0,0.0,0.0,0.0,0.0
Simulation,889,0.0,0.0,0.0,0.0,0.0,0.0,0.5212637000743708,0.7475789685227058,0.8110303465121225,0.49766366822135316,0.22264481728809782,0.12765038176011034,0.2733120502988625,0.4997950973492186,0.7259077600957996,0.8103539404103693,0.24333824096816173,0.0,0.0,0.0,0.0,0.0,0.0,0.0
Simulation,890,0.0,0.0,0.0,0.0,0.0,0.0,1.0122478742709586,1.3002808201720422,1.2809482972659432,1.0000382616976005,0.9376513482776985,0.886214198608392,0.8419291927986261,0.7096757949536872,0.603982624404318,0.4959745723838726,0.27627248268983573,0.0,0.0,0.0,0.0,0.0,0.0,0.0
Simulation,891,0.0,0.0,0.0,0.0,0.0,0.0,0.34299780729456036,0.9597737790577682,1.2286979448850475,1.2585957000386763,1.2433330217724063,1.3299101997961496,1.6123819677200197,1.6315619433599409,1.40236963946439,0.8512138290345447,0.3021190895872814,0.0,0.0,0.0,0.0,0.0,0.0,0.0
Simulation,892,0.0,0.0,0.0,0.0,0.0,0.0,0.5284882356870503,0.4643231794484826,0.2842946354269147,0.19409554301127063,0.4152314303569713,0.6294407160839495,0.8942956300450006,0.9285415792461942,0.975021625967434,1.169915838828853,0.3391017027661819,0.0,0.0,0.0,0.0,0.0,0.0,0.0
Simulation,893,0.0,0.0,0.0,0.0,0.0,0.0,0.1305344709108976,0.42576161441996674,0.7665627052225141,0.8699959075956714,0.7993097540787382,0.684511484869951,0.6869653586577982,0.6416936624355813,0.5308647046030601,0.23707977208991943,0.2365647118039215,0.0,0.0,0.0,0.0,0.0,0.0,0.0
Simulation,894,0.0,0.0,0.0,0.0,0.0,0.0,0.5202071184353123,0.7024259050619989,0.8550288554794528,0.8318203429201235,0.939493655734203,0.9095018232353085,0.5724378737437934,0.2977136845612054,0.18030956147712196,0.09333962154527609,0.2365647118039215,0.0,0.0,0.0,0.0,0.0,0.0,0.0
Simulation,895,0.0,0.0,0.0,0.0,0.0,0.0,1.1543212621474077,1.3281078686319079,1.2377321695602197,1.093256008846652,1.2633313062581872,1.3474728553109554,1.0901931222390133,0.8600767741501976,0.7433085384628528,0.9176812023192358,0.38906586711905167,0.0,0.0,0.0,0.0,0.0,0.0,0.0
Simulation,896,0.0,0.0,0.0,0.0,0.0,0.0,0.24073280447302428,0.4523882984665572,0.6252533703935893,0.630137496020249,0.8764529869461785,0.9337122099770464,0.6444470805260596,0.44877236645224655,0.41702081329505947,0.5310399900383949,0.277435521558616,0.0,0.0,0.0,0.0,0.0,0.0,0.0
Simulation,897,0.0,0.0,0.0,0.0,0.0,0.0,0.9685119722553956,1.1228739805126409,1.1660592462717412,1.2106265841827395,1.1774420889782156,1.1617349879837093,1.0536010460820011,1.0406037610201881,1.1387885862892833,1.2837046862505925,0.3554002527165985,0.0,0.0,0.0,0.0,0.0,0.0,0.0
Simulation,898,0.0,0.0,0.0,0.0,0.0,0.0,0.8612032418697455,1.3427252739136164,1.402257903876151,1.1983841402607194,1.0647243610164903,0.9546906381801274,0.8546034336368595,0.8243423791007594,0.7955522232534484,0.9319974830271365,0.32363197580434566,0.0,0.0,0.0,0.0,0.0,0.0,0.0
Simulation,899,0.0,0.0,0.0,0.0,0.0,0.0,0.2568092537726319,0.3288472793561474,0.5660629475523662,0.7481875430148429,0.6739270149591221,0.5269674915757332,0.7733534820057023,0.948720535293301,1.2396985445060387,1.561060065199031,0.39892191495518836,0.0,0.0,0.0,0.0,0.0,0.0,0.0
Simulation,900,0.0,0.0,0.0,0.0,0.0,0.0,0.37705516500329544,0.5075007955391906,0.6151451901829734,0.78445337992387,1.0696634043362176,1.2547595648190453,1.2764597429876174,1.0921641893094292,0.85268670580866,0.5523597081331327,0.24374905480229925,0.0,0.0,0.0,0.0,0.0,0.0,0.0
Simulation,901,0.0,0.0,0.0,0.0,0.0,0.0,0.4791833841363781,0.6906396157530948,0.6451431473516589,0.41638903932501725,0.6415398230719485,0.8104455040625238,0.9888346644985133,0.9871235186048533,0.9469331725332341,1.007404813435254,0.31789534650392365,0.0,0.0,0.0,0.0,0.0,0.0,0.0
Simulation,902,0.0,0.0,0.0,0.0,0.0,0.0,0.4568665842295089,0.7319636494546938,0.8739405683801571,0.862437203652307,0.8472914052464251,0.809217054032344,0.8388488396994626,0.8134854118586256,0.766865187990671,0.6618697277964243,0.2510433247385143,0.0,0.0,0.0,0.0,0.0,0.0,0.0
Simulation,903,0.0,0.0,0.0,0.0,0.0,0.0,0.35909746184248925,0.6582455103390391,0.8193853384082878,0.5527741315041794,0.6344360895128167,0.652136623441929,0.7048564045239888,0.6164499678174705,0.600192995288699,0.757930790037282,0.34942944775488216,0.0,0.0,0.0,0.0,0.0,0.0,0.0
Simulation,904,0.0,0.0,0.0,0.0,0.0,0.0,0.710925907954146,0.984839078118966,1.026139121179409,0.742703132912671,0.7397477348549462,0.7379013071951374,0.7852710385136108,0.7405101958448065,0.709073027397701,0.6643311292039531,0.2540375367111372,0.0,0.0,0.0,0.0,0.0,0.0,0.0
Simulation,905,0.0,0.0,0.0,0.0,0.0,0.0,0.30237552320691885,0.4493597845514326,0.7003334344446349,1.1011384118509784,1.2678577972467673,1.3338475909103635,1.3075383970109293,1.2010222368611134,1.1209477569697173,0.7679912291130201,0.24175075311526723,0.0,0.0,0.0,0.0,0.0,0.0,0.0
Simulation,906,0.0,0.0,0.0,0.0,0.0,0.0,0.1731858654281827,0.12242337454825625,0.0850772141153312,0.0423796967245712,0.13792950939752047,0.3505070189797024,0.5053206571082021,0.3052292967504364,0.19665334067278095,0.22007384770151384,0.2492499957197136,0.0,0.0,0.0,0.0,0.0,0.0,0.0
Simulation,907,0.0,0.0,0.0,0.0,0.0,0.0,0.44688665120537485,0.42143154093245305,0.38755438400130526,0.1857339614560335,0.26144348601473066,0.2859941952728652,0.360901042540101,0.3093646611240898,0.33025706856186204,0.4178346472921641,0.24345551313975697,0.0,0.0,0.0,0.0,0.0,0.0,0.0
Simulation,908,0.0,0.0,0.0,0.0,0.0,0.0,0.16578640132554165,0.4196969286996633,0.703447184461271,0.9058755761650433,1.1280711602552445,1.1997606302382806,0.9984081336671292,0.755771413465983,0.5470636057747715,0.3069566181153884,0.25316471215983416,0.0,0.0,0.0,0.0,0.0,0.0,0.0
Simulation,909,0.0,0.0,0.0,0.0,0.0,0.0,0.334328869344806,0.7949286438251575,1.0158807876745974,0.8942902399204701,0.8175567714953665,0.7705692722411834,0.8871563978196171,0.8434750199397348,0.6475188450384712,0.26516394078390376,0.2365647118039215,0.0,0.0,0.0,0.0,0.0,0.0,0.0
Simulation,910,0.0,0.0,0.0,0.0,0.0,0.0,0.2861474308095735,0.6154000173296876,0.8232837476772938,0.6419320195850875,0.5663050496143458,0.37411225777567836,0.20564089345915448,0.2564251251781984,0.30881403131669005,0.4912000127909607,0.28710554566359936,0.0,0.0,0.0,0.0,0.0,0.0,0.0
Simulation,911,0.0,0.0,0.0,0.0,0.0,0.0,0.9335904758197096,1.5145509867423264,1.64129862768537,1.6071017932058922,1.4266760206875835,1.4191950481663191,1.3515910333660672,1.2018678781951802,1.0187017297921124,0.5763965040820702,0.2587097866426441,0.0,0.0,0.0,0.0,0.0,0.0,0.0
Simulation,912,0.0,0.0,0.0,0.0,0.0,0.0,0.4299382223048832,0.44409259545845114,0.5122724315441662,0.6148761084548288,0.8864351186262006,1.0748867339128083,1.1981211636939642,1.0515249993644031,0.81686550715848,0.5299579153104638,0.2519409161816715,0.0,0.0,0.0,0.0,0.0,0.0,0.0
Simulation,913,0.0,0.0,0.0,0.0,0.0,0.0,0.20168831761932396,0.3240502299583014,0.56804609365865,0.7286966644521604,0.8735925752230795,0.8108466704677796,0.5499207269381505,0.38175207678457806,0.3706467900494844,0.47460023164790716,0.23727765955298316,0.0,0.0,0.0,0.0,0.0,0.0,0.0
Simulation,914,0.0,0.0,0.0,0.0,0.0,0.0,0.4356998964334101,1.1194656028083698,1.166244809403679,0.4380480176002053,0.14656512745314643,0.12844946474337748,0.6770561723267444,0.8719241497428104,0.7953470388575352,0.4729336060664234,0.2369601412016606,0.0,0.0,0.0,0.0,0.0,0.0,0.0
Simulation,915,0.0,0.0,0.0,0.0,0.0,0.0,0.7246535068618707,1.1488898295868504,1.1653201081860165,0.8085393510819773,0.7424743062494712,0.8213631766642681,1.108544664888868,1.0476052647484664,0.8181491747099615,0.36602419775390777,0.2424743229007251,0.0,0.0,0.0,0.0,0.0,0.0,0.0
Simulation,916,0.0,0.0,0.0,0.0,0.0,0.0,0.5323649686670857,0.8041815909225699,0.9322463246331276,0.8261691341135132,0.7209575009299098,0.5905269726692668,0.48139025356139725,0.47739111112031285,0.6067382004208831,0.7198842790024645,0.30197604038454345,0.0,0.0,0.0,0.0,0.0,0.0,0.0
Simulation,917,0.0,0.0,0.0,0.0,0.0,0.0,0.30575935289763767,0.44893533402854047,0.6878765317787751,0.7718849914484045,0.8325997146382872,0.7164468652445772,0.2849024904585796,0.20718126044480034,0.20628393571275305,0.255203455946882,0.2365647118039215,0.0,0.0,0.0,0.0,0.0,0.0,0.0
Simulation,918,0.0,0.0,0.0,0.0,0.0,0.0,0.3910194519942465,0.6084920362523157,0.6638521218762311,0.3737968847849327,0.36759260361799007,0.27636662346994767,0.25828263724835343,0.34182067512997644,0.4966120279529159,0.7327263788916953,0.2871670376206693,0.0,0.0,0.0,0.0,0.0,0.0,0.0
Simulation,919,0.0,0.0,0.0,0.0,0.0,0.0,1.055420418889328,1.4269691908972784,1.3399409544302712,1.1399691485527494,1.1073144083006954,1.124928019018656,1.2459569768068963,1.1964844891208588,1.1865146999590013,0.8675210434389801,0.25893641663227623,0.0,0.0,0.0,0.0,0.0,0.0,0.0
Simulation,920,0.0,0.0,0.0,0.0,0.0,0.0,0.4743565762254901,1.0771382218076604,1.223257366217289,0.7846786231545506,0.5208596563051038,0.2833688779669288,0.2344936462130095,0.2931832051712322,0.31581954184858885,0.3089340921752583,0.245682854544273,0.0,0.0,0.0,0.0,0.0,0.0,0.0
Simulation,921,0.0,0.0,0.0,0.0,0.0,0.0,0.9904818628117289,0.8370508579753853,0.9036373211218134,0.8129036936217958,0.9268530547295872,0.916786130118177,0.7852888872457998,0.5223780794883301,0.3727800623969213,0.2658678180642423,0.23757468702038798,0.0,0.0,0.0,0.0,0.0,0.0,0.0
Simulation,922,0.0,0.0,0.0,0.0,0.0,0.0,0.8303245312866727,0.8249249821406932,0.7939939013547215,0.33296686424677735,0.267365012998832,0.23335266541531852,0.24549347790360299,0.30814299554387903,0.4563763397052618,0.7545142878440555,0.31577582260153064,0.0,0.0,0.0,0.0,0.0,0.0,0.0
Simulation,923,0.0,0.0,0.0,0.0,0.0,0.0,0.12191410743538691,0.6292558269657677,0.9414712679991346,0.9450430849224024,1.0371602116951553,1.093127764310129,0.9273670110716253,0.7532980424225724,0.5511258422414181,0.2683248715147905,0.245789530407344,0.0,0.0,0.0,0.0,0.0,0.0,0.0
Simulation,924,0.0,0.0,0.0,0.0,0.0,0.0,0.530637469067228,0.4000524806022732,0.43798994333924945,0.8734149387781628,1.226935636421076,1.333531476089112,1.0526998289346394,0.8550350922113314,0.7822322489127473,0.9524125742405434,0.3332759054138271,0.0,0.0,0.0,0.0,0.0,0.0,0.0
Simulation,925,0.0,0.0,0.0,0.0,0.0,0.0,0.12304807013965988,0.15151600143167443,0.18078907884293338,0.2506624870222661,0.6379433049561843,0.8871959565242076,1.0288620801292674,0.9520272607955513,0.8006744263009662,0.652983168712623,0.25103444011318315,0.0,0.0,0.0,0.0,0.0,0.0,0.0
Simulation,926,0.0,0.0,0.0,0.0,0.0,0.0,0.3803129595561153,0.9639710999685703,1.1865974003252733,1.2235769205344487,1.318791302510958,1.4055104691311202,1.3051217673294773,1.1752520971133438,0.9792197509093661,0.767729551617716,0.31163791908383626,0.0,0.0,0.0,0.0,0.0,0.0,0.0
Simulation,927,0.0,0.0,0.0,0.0,0.0,0.0,0.4643722917785975,0.5585732500620912,0.6606437837924608,0.7232035731098112,0.9148247884888676,0.9979358577998807,0.9679513491974605,0.8704109508472178,0.7995746330610571,0.90564581802599,0.3400466228723372,0.0,0.0,0.0,0.0,0.0,0.0,0.0
Simulation,928,0.0,0.0,0.0,0.0,0.0,0.0,0.12100359576315942,0.44434480431051615,0.7355553466278045,0.8091851401726654,0.9125035093155404,0.9886011906331924,1.018722621751979,0.9408512573366645,0.7675731784904668,0.4964185225160448,0.25316471215093356,0.0,0.0,0.0,0.0,0.0,0.0,0.0
Simulation,929,0.0,0.0,0.0,0.0,0.0,0.0,1.11514386603316,0.9290910202821758,0.7274367711997969,0.2308956439797768,0.40894485599751207,0.5911802924671768,0.7278140456174804,0.6564546633551983,0.6542203568830031,0.7964986567413489,0.3401858406814462,0.0,0.0,0.0,0.0,0.0,0.0,0.0
Simulation,930,0.0,0.0,0.0,0.0,0.0,0.0,0.576339590547867,0.8370479983916954,1.0390503682983794,1.0974282311015209,1.2269747287436628,1.123519153994084,0.3537923884532298,0.1606390022899934,0.12893000776897423,0.30888497955568056,0.2557387303761341,0.0,0.0,0.0,0.0,0.0,0.0,0.0
Simulation,931,0.0,0.0,0.0,0.0,0.0,0.0,0.5169452038481982,0.556271999826395,0.5320057619724267,0.3591373869440506,0.7679330159081574,0.941069408675958,0.6086261443839042,0.2953548631009031,0.1815356484698606,0.22241215604557313,0.2448012743350648,0.0,0.0,0.0,0.0,0.0,0.0,0.0
Simulation,932,0.0,0.0,0.0,0.0,0.0,0.0,0.5822656981996523,0.3680460704699142,0.26408707717989854,0.36000498925970914,0.5221327088197503,0.5694545409057605,0.6899331683609582,0.7087320232000774,0.7842432286924476,0.8241963270293837,0.2518239944471461,0.0,0.0,0.0,0.0,0.0,0.0,0.0
Simulation,933,0.0,0.0,0.0,0.0,0.0,0.0,0.3000421304950638,0.5814800215512586,0.6637984437913396,0.556859517181719,0.6748456417038973,0.7537718162224292,0.9988337982282721,1.0230713737972439,0.940523582409286,0.6802499985335926,0.24327782509583784,0.0,0.0,0.0,0.0,0.0,0.0,0.0
Simulation,934,0.0,0.0,0.0,0.0,0.0,0.0,1.2342316778452749,0.9966950713607802,0.891151898858695,0.7653306908525025,0.803139365451269,0.769792758992536,0.8922563366135589,0.9778982817470361,1.208384782624075,1.5499549267893826,0.3988155263445009,0.0,0.0,0.0,0.0,0.0,0.0,0.0
Simulation,935,0.0,0.0,0.0,0.0,0.0,0.0,0.4154291490932292,0.6248284465781717,0.6455656239280869,0.24066487460200936,0.22378682878074996,0.3012646330622262,0.8383073995869911,0.8908774609074107,0.8465789952659957,0.7529867863956219,0.3148523695949816,0.0,0.0,0.0,0.0,0.0,0.0,0.0
Simulation,936,0.0,0.0,0.0,0.0,0.0,0.0,0.5859054344611692,0.7621746090306323,0.8005800349053029,0.7218467289184755,0.889221901664221,0.9409360296123199,0.7945266256953929,0.6201354074347548,0.5096676545373362,0.3619034374201042,0.23656688413860708,0.0,0.0,0.0,0.0,0.0,0.0,0.0
Simulation,937,0.0,0.0,0.0,0.0,0.0,0.0,0.3261044939967481,0.7677918529429851,0.9055960176973827,0.522372971568438,0.2593859012958263,0.23438024639452348,0.8211344836187243,1.0043852703673963,0.9415264036381354,0.5763383672276522,0.2385647118289215,0.0,0.0,0.0,0.0,0.0,0.0,0.0
Simulation,938,0.0,0.0,0.0,0.0,0.0,0.0,0.39576053610987344,0.7975713008697417,0.8407854017179639,0.4001439632129723,0.43259024595142165,0.6530417302299479,1.1961562040698352,1.2205581779233956,1.22891743161656,0.9774988828994825,0.33770040798055,0.0,0.0,0.0,0.0,0.0,0.0,0.0
Simulation,939,0.0,0.0,0.0,0.0,0.0,0.0,0.4019853762634279,0.8545691824519185,1.083944032498667,0.9725487627438867,0.9368196487542225,0.744679113980342,0.2777446716306775,0.2805516630517795,0.4232344549005992,0.8564708667228389,0.31423008582652967,0.0,0.0,0.0,0.0,0.0,0.0,0.0
Simulation,940,0.0,0.0,0.0,0.0,0.0,0.0,0.10046384122537783,0.31569035543811225,0.5604248741464022,0.6103378713642786,0.7101148053369011,0.781825349551481,1.0029012686913548,1.056401447458606,1.142122650154343,1.2619707950421852,0.3842616507808374,0.0,0.0,0.0,0.0,0.0,0.0,0.0
Simulation,941,0.0,0.0,0.0,0.0,0.0,0.0,0.2877952789366142,0.8142948881338554,1.1235889412885691,1.1442467284457507,1.1445850518195166,1.0813633137571017,0.8561034949807275,0.7041911815244841,0.5503426650358536,0.25580805878205465,0.2367647118039214,0.0,0.0,0.0,0.0,0.0,0.0,0.0
Simulation,942,0.0,0.0,0.0,0.0,0.0,0.0,1.186296934315724,1.442120677108224,1.3621289141299124,1.0007849787357426,0.8891167243424767,0.7570527405960079,0.540083375494754,0.3363064523341917,0.2003180411840113,0.05213124766981225,0.2365647118039215,0.0,0.0,0.0,0.0,0.0,0.0,0.0
Simulation,943,0.0,0.0,0.0,0.0,0.0,0.0,0.04396191259203064,0.31553429286032636,0.7098361440382992,0.8092318208266455,0.6519988196920727,0.6390054698087496,1.0751914976498966,1.2639662123078654,1.4410931693917004,1.2303850329992687,0.405309096524884,0.0,0.0,0.0,0.0,0.0,0.0,0.0
Simulation,944,0.0,0.0,0.0,0.0,0.0,0.0,0.31080960834061416,0.80568651488726,1.064352936588189,0.9627092180053167,0.8628945454025012,0.8124059212554922,0.9781070251035152,1.0140488059102342,0.9585984258917424,0.8953571090354553,0.337331842968605,0.0,0.0,0.0,0.0,0.0,0.0,0.0
Simulation,945,0.0,0.0,0.0,0.0,0.0,0.0,0.0,0.3883113675125064,0.8426134112208692,0.4973475794985256,0.39936634082972033,0.5314187417426909,0.9831572775845907,0.9862951198970072,0.7223514238021636,0.2728590657878182,0.3016727359019937,0.0,0.0,0.0,0.0,0.0,0.0,0.0
Simulation,946,0.0,0.0,0.0,0.0,0.0,0.0,0.6081384661433888,0.9644606528280476,1.070118344098114,0.7879947739548628,0.8225697669223111,0.847240247103861,0.8149223206017959,0.5911276103317756,0.32842706370005853,0.08901554646937138,0.2365647118039215,0.0,0.0,0.0,0.0,0.0,0.0,0.0
Simulation,947,0.0,0.0,0.0,0.0,0.0,0.0,0.4301408983895438,0.9308968790510869,1.0294699352275651,0.6220410831968586,0.49835769078200953,0.3035636803448376,0.18459328487090665,0.2666113999778347,0.4206263703954284,0.8183992482616341,0.32504662298456466,0.0,0.0,0.0,0.0,0.0,0.0,0.0
Simulation,948,0.0,0.0,0.0,0.0,0.0,0.0,0.1420669237213847,0.4070414963070235,0.6049057984363437,0.3116076693579267,0.1849103110299236,0.1437577760441684,0.24764520397997491,0.4418784091227844,0.64571984077665,0.8450608342058462,0.3552913933894426,0.0,0.0,0.0,0.0,0.0,0.0,0.0
Simulation,949,0.0,0.0,0.0,0.0,0.0,0.0,0.5587782559897144,1.3797036312445599,1.594257918840615,1.3591394855246202,1.2064615324750838,1.158388476038867,1.0896908626980433,1.0377519386779885,0.9753269115275709,0.9958442691991892,0.35418208383024935,0.0,0.0,0.0,0.0,0.0,0.0,0.0
Simulation,950,0.0,0.0,0.0,0.0,0.0,0.0,0.7930214306443827,0.9982486338201668,1.1863096443894345,1.2079101134272647,1.230803605205144,1.1581637989828595,0.7267892389787327,0.42835933501400597,0.30826170889563115,0.2728105736734965,0.24313377760394975,0.0,0.0,0.0,0.0,0.0,0.0,0.0
Simulation,951,0.0,0.0,0.0,0.0,0.0,0.0,0.18598975613312707,0.5046677090620035,0.7488043205360789,0.8963331794641946,1.231466003261396,1.3927397469944167,1.072328859061245,0.7038975799705195,0.45777557303304706,0.463503392735113,0.31978791102842496,0.0,0.0,0.0,0.0,0.0,0.0,0.0
Simulation,952,0.0,0.0,0.0,0.0,0.0,0.0,0.9166920679431303,1.3286027341012403,1.3107667411154937,1.0686109883788402,1.1863280613606744,1.2557710085343163,0.8763835632588441,0.5689168767572462,0.3853109322925802,0.4719952123037714,0.30327870698045184,0.0,0.0,0.0,0.0,0.0,0.0,0.0
Simulation,953,0.0,0.0,0.0,0.0,0.0,0.0,0.2623615708704074,0.40511405543703854,0.6289385366789444,0.7418986316742491,0.8294230974173332,0.74658593011446,0.5729608041381032,0.5148878316471108,0.692263479225994,1.145809280050712,0.35725475133439877,0.0,0.0,0.0,0.0,0.0,0.0,0.0
Simulation,954,0.0,0.0,0.0,0.0,0.0,0.0,0.0730983572189523,0.4627583634793432,0.7273578582371433,0.3222172214318689,0.3865218090910121,0.4934648682447986,0.5660900295580906,0.39897085766097035,0.23734457324950736,0.09326855455475758,0.23845433358322574,0.0,0.0,0.0,0.0,0.0,0.0,0.0
Simulation,955,0.0,0.0,0.0,0.0,0.0,0.0,0.6461357477481299,0.7615539470402154,0.7485958700669797,0.5779802420242728,0.8199105429197051,0.9676316713615046,1.064060041650977,0.890698514249906,0.6722981411674362,0.32386346245762754,0.23714258184190756,0.0,0.0,0.0,0.0,0.0,0.0,0.0
Simulation,956,0.0,0.0,0.0,0.0,0.0,0.0,0.5324214637502049,0.6874291650609213,0.9009788178676258,1.3120904472378512,1.611386786914164,1.664036928401789,1.1029962370392807,0.7501053704676277,0.5665856211371094,0.5119937316771304,0.25108401521107016,0.0,0.0,0.0,0.0,0.0,0.0,0.0
Simulation,957,0.0,0.0,0.0,0.0,0.0,0.0,0.41499253089398697,0.5734430767528964,0.8407852102063883,1.2983445697091176,1.641335710438412,1.661710058939232,0.9839756731471062,0.6684665559905153,0.6086607838344784,0.9303498180074907,0.34963956903513355,0.0,0.0,0.0,0.0,0.0,0.0,0.0
Simulation,958,0.0,0.0,0.0,0.0,0.0,0.0,0.19309621056237555,0.756664876920592,1.057742813189885,1.1814610940384749,1.167044952639976,1.239312896738281,1.3421741813391384,1.4006041716426387,1.3111722836919042,0.9303909696811731,0.32972749501983595,0.0,0.0,0.0,0.0,0.0,0.0,0.0
Simulation,959,0.0,0.0,0.0,0.0,0.0,0.0,0.7118784725530272,1.0798812950185939,1.1519098916153447,0.8653754289979277,0.8330290377517677,0.8413281349801573,0.770146072382306,0.6419888078822227,0.5282379707958831,0.3649054893485648,0.25365718243490754,0.0,0.0,0.0,0.0,0.0,0.0,0.0
Simulation,960,0.0,0.0,0.0,0.0,0.0,0.0,0.4662808278618203,0.6933487565922638,0.853146017918233,1.0975076470621732,1.1479475907159014,1.1649742425202576,1.3369767493078377,1.5645894018198787,1.62245881997088,1.6187264129130094,0.37191945351178074,0.0,0.0,0.0,0.0,0.0,0.0,0.0
Simulation,961,0.0,0.0,0.0,0.0,0.0,0.0,0.25338155045942684,0.4204488076380441,0.6332561740553093,0.8456391399084404,1.0708217572479448,1.2129079044332909,1.250325530382939,1.1089777393397937,0.9625070777083009,0.8178131246885174,0.3267405991623744,0.0,0.0,0.0,0.0,0.0,0.0,0.0
Simulation,962,0.0,0.0,0.0,0.0,0.0,0.0,0.07745741715780091,0.4067374785557478,0.7922493485682006,0.7233568611278224,0.6975424911457411,0.6108937786487088,0.4319911169897464,0.3634578214627008,0.3267093332855321,0.29920302842565705,0.2503510090220274,0.0,0.0,0.0,0.0,0.0,0.0,0.0
Simulation,963,0.0,0.0,0.0,0.0,0.0,0.0,0.3909320091248053,1.3193812288241111,1.581354262524229,1.4286335567116284,1.2996597291944298,1.2224797169952686,1.0150400830721311,0.8881888762267929,0.7554785779082132,0.6836449708170268,0.3128024865437254,0.0,0.0,0.0,0.0,0.0,0.0,0.0
Simulation,964,0.0,0.0,0.0,0.0,0.0,0.0,0.07210127210780187,0.19719617536051803,0.4234767149656373,0.4974983810109398,0.3972890714341918,0.27893970434392634,0.5646662758302652,0.6962685938622287,0.7917219373611032,0.8767106868144808,0.3197676561213758,0.0,0.0,0.0,0.0,0.0,0.0,0.0
Simulation,965,0.0,0.0,0.0,0.0,0.0,0.0,0.32269685891739974,0.6514323146338009,0.8704813765029022,1.0117128580022858,1.1444769237590935,1.0855977365858216,0.6824883730547032,0.5357262260798465,0.6112360504812377,0.9197899871943234,0.33455262319924695,0.0,0.0,0.0,0.0,0.0,0.0,0.0
Simulation,966,0.0,0.0,0.0,0.0,0.0,0.0,0.47971353452071985,0.7834705809687995,0.9124002367843603,0.7813383695939098,0.8296800032858241,0.7607730941540737,0.5311566262488479,0.38163597581869046,0.39746872829689084,0.5768358812828341,0.2579493703643463,0.0,0.0,0.0,0.0,0.0,0.0,0.0
Simulation,967,0.0,0.0,0.0,0.0,0.0,0.0,0.11047896274817784,0.21324299169759198,0.3290649797567434,0.3536319571674902,0.6880010199509178,0.836607159329317,0.6829358531498401,0.459253919999848,0.36770387233735485,0.47076987990684005,0.32856670556993417,0.0,0.0,0.0,0.0,0.0,0.0,0.0
Simulation,968,0.0,0.0,0.0,0.0,0.0,0.0,0.5669206159764892,1.0314458411201903,1.1385899585581896,0.7717254661974438,0.5417929846569225,0.4463799022888075,0.8766200182772362,0.9676515915134019,0.8607323766779745,0.5115737210164676,0.23718726469998136,0.0,0.0,0.0,0.0,0.0,0.0,0.0
Simulation,969,0.0,0.0,0.0,0.0,0.0,0.0,0.10227482771405466,0.10580550672615696,0.0772936803730353,0.029607865425548385,0.045807801035507856,0.10232666412852087,0.22738455473913077,0.3016620726456312,0.3444826019513772,0.47457960532669186,0.2499295175304652,0.0,0.0,0.0,0.0,0.0,0.0,0.0
Simulation,970,0.0,0.0,0.0,0.0,0.0,0.0,0.5232012817358203,1.235885535178486,1.3139617883067447,1.1008212303399025,1.064823854696653,1.1174147365399205,1.217371633011044,1.1816541982596316,1.113009607315263,0.9206791771198394,0.344531806788677,0.0,0.0,0.0,0.0,0.0,0.0,0.0
Simulation,971,0.0,0.0,0.0,0.0,0.0,0.0,0.9295114031938648,1.041383730670546,1.1182299107911362,1.1529395066936483,1.234294109672566,1.2583077332601555,1.202831359942469,1.0933479826053218,0.9714272801050461,0.7533600872015074,0.24392179348967655,0.0,0.0,0.0,0.0,0.0,0.0,0.0
Simulation,972,0.0,0.0,0.0,0.0,0.0,0.0,0.0951800446213909,0.20984075182857986,0.30279677483279266,0.3235946281746436,0.41304972790555333,0.5537888384063392,1.0000908719644612,1.0803174880754165,1.0934576301331531,0.9823836238383552,0.3248253947745799,0.0,0.0,0.0,0.0,0.0,0.0,0.0
Simulation,973,0.0,0.0,0.0,0.0,0.0,0.0,0.26751251270424203,0.5820853784391904,0.7610651364862285,0.8334461030400232,0.8610297307162963,0.8910365632771977,1.0790113931175764,1.095667836194183,1.0915276179335895,0.9040718994974399,0.30166429978631226,0.0,0.0,0.0,0.0,0.0,0.0,0.0
Simulation,974,0.0,0.0,0.0,0.0,0.0,0.0,0.1519950598533997,0.13785377025937395,0.16371503492635187,0.18258483316640817,0.27903296256814625,0.31522938441450576,0.35443040434622564,0.3707143526020298,0.5282017222476164,0.8224738408042721,0.352683105903738,0.0,0.0,0.0,0.0,0.0,0.0,0.0
Simulation,975,0.0,0.0,0.0,0.0,0.0,0.0,0.9969333805005643,1.0853506813334786,1.1149705144080295,0.9504533771728455,0.778008714361909,0.6883980007828016,1.1088069983433035,1.2743260488434187,1.551134281584524,1.5215573790782655,0.3241965718921327,0.0,0.0,0.0,0.0,0.0,0.0,0.0
Simulation,976,0.0,0.0,0.0,0.0,0.0,0.0,0.6533902531385883,0.9071806513232039,0.9460709285774525,0.6609480713220558,0.7353757176836961,0.7818039668256245,0.8273908262627446,0.7444483827576428,0.7018228475543001,0.7325820027358789,0.32030052544359766,0.0,0.0,0.0,0.0,0.0,0.0,0.0
Simulation,977,0.0,0.0,0.0,0.0,0.0,0.0,0.33757479586100425,0.6703510590696208,0.7944874634141402,0.3404459694101275,0.2208961553114337,0.16037902016451677,0.16092691021707795,0.19369431445154173,0.21838347454079438,0.3039586998175981,0.2540194129798017,0.0,0.0,0.0,0.0,0.0,0.0,0.0
Simulation,978,0.0,0.0,0.0,0.0,0.0,0.0,0.9877065367141564,1.328136798016903,1.2258698756024224,0.8090738654734706,1.0162654971777623,1.1888612505968408,1.0901731199429774,0.7768510701781224,0.4499412053186108,0.244604743574732,0.2507154627910719,0.0,0.0,0.0,0.0,0.0,0.0,0.0
Simulation,979,0.0,0.0,0.0,0.0,0.0,0.0,0.2618784582400649,0.648109908065406,1.0281178341021404,1.5201328036272157,1.3761923281039685,1.3023549984191705,1.1404463740416837,1.0951965224074571,1.0626921529638307,0.8388648534544287,0.2773073315583545,0.0,0.0,0.0,0.0,0.0,0.0,0.0
Simulation,980,0.0,0.0,0.0,0.0,0.0,0.0,0.34098308469295524,0.6143361374690417,0.65182244886357,0.2054551501628863,0.26201591797096735,0.4126528111391322,0.615831434229726,0.4938993819052115,0.357436223180825,0.20000669797568954,0.2454006918443774,0.0,0.0,0.0,0.0,0.0,0.0,0.0
Simulation,981,0.0,0.0,0.0,0.0,0.0,0.0,0.8793056867140341,0.8317450700191376,0.81056879497344,0.5371035869553381,0.757573881602925,0.8414316801603856,0.7214909738490438,0.5650935559060694,0.5536866518480124,0.73903207010685,0.3199864588665862,0.0,0.0,0.0,0.0,0.0,0.0,0.0
Simulation,982,0.0,0.0,0.0,0.0,0.0,0.0,0.607233503623895,0.7661786892525655,0.9168295799071845,1.2571539164444732,1.6031649412850397,1.7322648688373254,1.3020058538489792,1.0072668404950964,0.7007942084295664,0.36135370965136104,0.2372980385299001,0.0,0.0,0.0,0.0,0.0,0.0,0.0
Simulation,983,0.0,0.0,0.0,0.0,0.0,0.0,0.4328984485182855,1.119368165187865,1.2601889576560672,0.8489552936918314,0.6304922618091597,0.626237955068027,0.9781052461420365,1.0198612739001438,0.8007827250572636,0.2991597291432983,0.24259316859194024,0.0,0.0,0.0,0.0,0.0,0.0,0.0
Simulation,984,0.0,0.0,0.0,0.0,0.0,0.0,0.9320253877601062,1.2302216280453373,1.305802536946712,1.1685405831456177,1.0171480846902472,0.9009800387462534,1.0277167962863163,1.0569587406206091,1.210988689256325,1.3706741930348516,0.40118193446878125,0.0,0.0,0.0,0.0,0.0,0.0,0.0
Simulation,985,0.0,0.0,0.0,0.0,0.0,0.0,0.7276411252716424,0.8223480304627683,0.812512460111574,0.5514922197136636,0.6113530796625977,0.6196837129719535,0.7739995025580514,0.8647363545714392,0.9682448227610735,1.205508374663106,0.3400407955342338,0.0,0.0,0.0,0.0,0.0,0.0,0.0
Simulation,986,0.0,0.0,0.0,0.0,0.0,0.0,0.36004572247386385,0.7874591048392309,0.9063952965186243,0.7786215447920826,0.751226385775264,0.8185794818645302,1.1954218282292868,1.3848600394843902,1.5540160656439908,1.5532031567853546,0.3962316860086781,0.0,0.0,0.0,0.0,0.0,0.0,0.0
Simulation,987,0.0,0.0,0.0,0.0,0.0,0.0,0.09345467547918546,0.395210704021403,0.8768193558921286,1.303349017640555,1.3132235854763383,1.1921702652700448,0.9481737270814269,0.8813958939983004,0.829946715642634,0.76571409744426,0.26737789505784715,0.0,0.0,0.0,0.0,0.0,0.0,0.0
Simulation,988,0.0,0.0,0.0,0.0,0.0,0.0,0.1627262608081315,0.5582569067432241,0.8557207372720422,0.9177856252486815,1.0651905885670865,1.172451100294698,1.0167579829914624,0.7967805958140273,0.5414514464383626,0.2736758046267012,0.3005943975642602,0.0,0.0,0.0,0.0,0.0,0.0,0.0
Simulation,989,0.0,0.0,0.0,0.0,0.0,0.0,0.8224428932130127,0.814284445164866,0.8769410778373437,0.9129093229967344,1.035216720953567,1.070146912512176,0.9781067456192141,0.8050471277561547,0.6360252816515167,0.4249876497692193,0.23736471180675808,0.0,0.0,0.0,0.0,0.0,0.0,0.0
Simulation,990,0.0,0.0,0.0,0.0,0.0,0.0,0.8185332772294085,1.4128378659827474,1.361212547772682,0.9183008993120214,0.9339244158123101,0.8465451871589523,0.2946396111949695,0.20888385679357002,0.30309359764118227,0.8256585821646558,0.405364405157856,0.0,0.0,0.0,0.0,0.0,0.0,0.0
Simulation,991,0.0,0.0,0.0,0.0,0.0,0.0,0.7406353299505987,0.7619192390150197,0.7556016116310232,0.849377919177014,1.149332913419142,1.2748025433588555,1.108144137005848,0.9108388129599547,0.7957249673661317,0.8324168985755873,0.32802173249550903,0.0,0.0,0.0,0.0,0.0,0.0,0.0
Simulation,992,0.0,0.0,0.0,0.0,0.0,0.0,0.21734250285047257,0.4376653844538732,0.7314400029217187,0.9418259655713865,1.1465637527342551,1.178711260334214,0.9010253748633761,0.7441710065305032,0.754873805566701,1.1731025289962316,0.41728868920862455,0.0,0.0,0.0,0.0,0.0,0.0,0.0
Simulation,993,0.0,0.0,0.0,0.0,0.0,0.0,0.8165268095218803,0.42576644628204313,0.3877862681195332,0.7479458355693044,1.0808627950460996,1.197461032981919,1.10796964985077,0.9243241056648572,0.7942274590931887,0.6849533164816961,0.2500281239743374,0.0,0.0,0.0,0.0,0.0,0.0,0.0
Simulation,994,0.0,0.0,0.0,0.0,0.0,0.0,0.2675396428515958,0.4025093894091664,0.5062295956150649,0.688607812769384,0.9393801964640659,1.104441542275794,1.2741259711567339,1.243047545123487,1.3216672715217403,1.2957451541527594,0.34810372734670014,0.0,0.0,0.0,0.0,0.0,0.0,0.0
Simulation,995,0.0,0.0,0.0,0.0,0.0,0.0,0.9964709435219945,0.8599347221932336,0.919381774446437,0.8046674266346745,0.8232826925052456,0.7155193322572171,0.5071529603707465,0.3737838240542445,0.42057798259460716,0.6813210352094703,0.3140076667591504,0.0,0.0,0.0,0.0,0.0,0.0,0.0
Simulation,996,0.0,0.0,0.0,0.0,0.0,0.0,0.31029737383432354,0.13473206433568463,0.1693580527596451,0.5515749093184943,0.8649769982168465,0.8434259253796447,0.5062337849754204,0.3552069834016378,0.41514755305532525,0.6809574618663036,0.24931114845906127,0.0,0.0,0.0,0.0,0.0,0.0,0.0
Simulation,997,0.0,0.0,0.0,0.0,0.0,0.0,0.2694866773025869,1.0204459080804211,1.3054109016930653,1.1431293853358246,1.0667052607205822,0.9608028424409344,0.6604008792013745,0.5715324930979973,0.6006507562806432,0.7584670711609984,0.3283683192999355,0.0,0.0,0.0,0.0,0.0,0.0,0.0
Simulation,998,0.0,0.0,0.0,0.0,0.0,0.0,0.9534893830297835,1.365250952600392,1.4178475953060614,1.2196706004096427,1.1505462544119125,1.0772925297828744,0.9475798610929558,0.7505207346958946,0.5599629489795875,0.29307906421656504,0.2373647118114846,0.0,0.0,0.0,0.0,0.0,0.0,0.0
Simulation,999,0.0,0.0,0.0,0.0,0.0,0.0,0.2414858498307424,0.70203804204795,0.9334710701536768,0.8012435177569877,0.8278672750938253,0.8727858308747216,0.9189644542433494,0.8561151649736918,0.7314209350506197,0.6403631324047068,0.3060457815010613,0.0,0.0,0.0,0.0,0.0,0.0,0.0
Simulation,1000,0.0,0.0,0.0,0.0,0.0,0.0,0.09619437318492402,0.3640022230088297,0.6456944558271738,0.6148703761415575,0.8175462112501994,0.9562426115976317,1.089994725722342,0.9740786755415738,0.7892814568057921,0.6955206535590159,0.3114804539633738,0.0,0.0,0.0,0.0,0.0,0.0,0.0
